35 20
1 1 1 1 1 -1 -1 2 -1 2 2 2 -1 2 2 2 2 -1 3 3 3 -1 -1 -1 4 -1 5 -1 6 6 6 6 6 6 6
-1 1 -1 -1 7 -1 2 2 2 2 2 -1 -1 2 2 2 2 -1 -1 -1 2 2 2 -1 6 6 6 6 6 6 6 -1 6 6 -1
8 -1 9 -1 -1 2 2 2 -1 2 2 -1 2 2 2 -1 -1 -1 2 2 2 2 2 2 -1 6 6 -1 -1 6 -1 6 6 6 6
2 2 2 -1 -1 2 -1 2 2 2 2 -1 2 2 2 -1 2 -1 2 2 2 2 2 2 -1 -1 6 -1 6 6 6 6 6 -1 10
2 2 2 2 2 2 2 2 2 2 -1 2 2 2 2 2 2 2 2 2 -1 2 2 -1 -1 -1 6 6 6 6 6 6 -1 2 -1
-1 -1 2 2 2 2 2 2 -1 2 2 2 2 2 2 2 2 -1 11 -1 2 2 2 2 2 2 2 -1 -1 6 -1 -1 2 2 2
-1 2 2 2 2 -1 2 -1 -1 2 2 2 2 -1 -1 2 2 -1 -1 2 2 2 -1 -1 2 -1 2 -1 -1 2 2 2 2 2 2
2 2 2 2 2 2 2 2 -1 -1 2 2 2 2 2 2 -1 -1 2 2 -1 2 2 2 -1 -1 -1 12 -1 2 2 -1 2 2 2
2 2 2 2 -1 2 2 2 2 -1 2 2 2 2 2 -1 13 -1 2 2 2 -1 -1 14 -1 2 2 2 2 2 2 -1 2 2 2
15 -1 -1 -1 -1 2 2 -1 2 2 -1 2 -1 -1 2 2 2 2 2 2 -1 16 16 -1 2 2 2 2 2 2 2 2 2 2 -1
15 -1 17 17 -1 -1 2 2 2 2 2 2 2 2 2 2 -1 2 2 2 2 2 -1 2 2 2 2 -1 2 2 2 2 -1 2 2
18 18 -1 17 17 17 -1 2 2 2 2 -1 2 -1 2 2 2 -1 -1 2 2 2 2 2 2 2 2 -1 2 2 2 2 2 2 2
18 18 18 -1 -1 -1 2 2 2 2 2 2 2 2 2 2 2 2 2 -1 2 -1 2 2 -1 2 2 -1 2 2 2 2 -1 2 2
-1 18 -1 -1 2 2 2 2 2 -1 -1 2 2 2 -1 2 2 2 -1 2 2 2 2 2 2 2 2 2 2 2 2 2 2 2 2
19 19 -1 2 2 -1 2 2 2 2 2 -1 2 2 2 2 2 2 2 -1 2 2 -1 2 2 2 -1 -1 2 2 2 2 2 2 2
20 -1 2 2 2 2 2 -1 -1 2 -1 2 2 2 -1 2 2 2 2 2 -1 2 -1 2 2 2 2 -1 2 2 2 2 2 2 2
-1 2 2 -1 2 2 2 2 2 2 -1 2 2 2 2 2 2 2 2 2 -1 2 2 2 2 -1 2 2 2 2 2 2 2 2 2
2 2 2 2 2 2 2 2 -1 2 -1 2 2 2 2 2 2 2 2 2 2 2 2 2 2 2 -1 -1 2 2 -1 2 2 -1 21
2 2 2 2 2 2 2 2 2 2 2 2 -1 -1 2 2 2 -1 -1 -1 2 2 2 2 2 -1 2 2 2 2 2 -1 2 2 -1
2 2 2 2 -1 2 2 2 2 2 2 -1 2 2 -1 2 2 2 2 2 2 2 2 2 2 -1 2 2 -1 2 -1 2 2 2 2
-1 -1 -1 22 -1 2 2 2 2 2 -1 2 2 2 2 2 -1 2 2 2 -1 2 -1 2 2 2 2 2 -1 2 -1 2 2 2 2
22 22 22 22 22 -1 22 -1 2 2 2 2 2 2 2 2 2 2 -1 2 2 2 2 2 -1 2 2 2 2 2 2 2 2 2 2
22 22 22 22 -1 22 22 22 -1 23 -1 2 2 -1 -1 -1 2 2 2 2 2 -1 -1 24 24 24 -1 2 2 2 2 2 -1 25 -1
22 -1 22 22 22 22 22 22 -1 23 -1 2 2 2 2 -1 2 2 -1 -1 -1 -1 24 24 24 -1 -1 2 2 -1 -1 2 2 -1 24
22 22 22 -1 22 22 22 -1 26 -1 27 -1 2 2 2 2 2 -1 24 24 24 24 24 24 24 24 24 24 -1 28 28 -1 -1 24 24
29 -1 30 30 30 -1 24 24 24 -1 -1 31 -1 -1 24 -1 24 24 24 -1 24 -1 24 24 24 24 24 -1 24 -1 -1 24 24 24 24
-1 30 30 -1 30 30 -1 24 24 24 24 24 24 24 24 24 24 -1 -1 24 24 24 24 24 -1 24 24 24 24 24 24 24 24 -1 24
-1 30 30 30 30 30 30 -1 24 24 24 24 24 24 24 24 24 24 -1 24 24 -1 24 24 -1 24 -1 24 24 24 -1 -1 24 -1 -1
30 30 30 30 30 -1 30 30 -1 24 24 24 24 24 24 24 24 24 24 24 24 24 24 24 24 -1 24 24 24 24 24 24 24 24 -1
24 -1 24 -1 -1 -1 30 30 -1 24 24 24 24 24 24 24 24 24 24 24 24 -1 24 24 24 24 24 -1 24 24 24 24 -1 24 24
24 24 24 24 24 24 -1 24 -1 32 -1 24 24 24 24 -1 24 24 24 -1 24 24 24 24 24 -1 24 -1 -1 24 -1 24 24 24 -1
24 24 24 24 24 24 24 24 -1 -1 -1 24 24 24 24 24 -1 24 24 24 24 24 24 24 24 24 -1 -1 24 24 24 -1 24 24 24
-1 24 24 24 24 24 -1 24 24 24 -1 24 24 24 24 -1 -1 33 -1 24 24 24 24 24 24 24 24 -1 24 24 24 24 24 24 -1
-1 24 24 24 24 24 24 24 24 24 24 24 -1 -1 33 33 33 33 33 -1 24 -1 24 -1 24 24 24 24 24 24 24 24 24 24 24
-1 -1 -1 24 24 24 24 24 24 24 -1 34 34 34 -1 35 -1 36 -1 24 24 24 24 24 24 24 -1 24 24 -1 24 24 24 24 24
1 1 -1 1 1 1 -1 1 -1 1 1 1 1 1 -1 -1 -1 1 -1 -1 -1 1 1 1 1 1 1 -1 2 -1 3 3 3 3 3
1 1 1 1 1 1 1 1 -1 1 1 -1 -1 -1 1 -1 1 1 1 1 1 1 1 1 1 1 -1 4 -1 3 3 3 -1 3 3
1 1 1 -1 1 1 1 1 1 -1 1 1 1 1 1 1 1 1 1 1 1 -1 -1 1 1 -1 1 1 1 1 -1 3 3 3 3
-1 1 1 -1 -1 1 1 1 1 1 1 1 1 -1 1 -1 1 1 1 -1 1 1 1 -1 1 1 1 -1 -1 1 1 -1 -1 3 -1
1 1 1 1 1 1 1 1 -1 1 1 -1 -1 -1 1 1 1 1 1 -1 1 1 1 1 1 1 1 1 1 1 1 1 -1 1 1
1 1 1 1 1 -1 -1 1 -1 1 1 -1 1 1 1 1 1 1 1 1 1 1 1 1 1 -1 1 -1 1 1 -1 -1 1 1 1
1 -1 1 1 1 1 1 1 -1 -1 1 -1 -1 1 1 1 1 -1 1 1 1 1 1 -1 1 1 1 -1 1 1 1 1 1 -1 -1
1 1 -1 1 -1 1 -1 -1 1 1 1 1 1 -1 -1 1 1 1 -1 1 1 -1 1 1 -1 1 -1 5 -1 -1 1 1 1 -1 6
1 1 -1 1 1 1 1 1 1 -1 -1 1 1 1 1 1 -1 1 1 1 1 -1 1 1 1 1 1 -1 -1 1 1 1 -1 6 6
1 1 1 -1 -1 1 1 1 1 1 1 -1 1 1 1 -1 1 1 1 1 -1 7 -1 -1 1 1 1 -1 1 1 1 -1 -1 -1 1
1 -1 1 1 1 1 1 1 1 1 1 1 -1 1 1 1 -1 1 1 -1 -1 1 1 1 1 1 1 1 1 1 1 1 1 1 1
8 -1 9 -1 9 -1 -1 -1 1 1 1 1 -1 1 1 -1 -1 -1 1 1 1 1 1 -1 -1 -1 -1 -1 -1 -1 1 1 1 1 -1
-1 -1 9 9 9 9 -1 9 -1 10 -1 1 1 1 1 1 1 1 1 1 -1 1 1 1 1 1 -1 -1 1 1 1 1 1 -1 11
12 12 12 -1 9 9 9 9 -1 -1 1 1 1 1 -1 1 -1 1 -1 1 1 1 1 1 1 1 1 1 -1 1 1 1 1 1 -1
-1 12 12 12 -1 13 -1 1 1 1 1 1 1 1 -1 14 -1 1 1 -1 1 -1 1 1 1 1 -1 1 1 -1 1 -1 -1 1 1
12 12 12 12 12 -1 1 -1 1 1 1 1 1 1 1 -1 1 1 1 1 1 1 1 1 1 1 1 1 1 1 1 1 1 1 1
-1 12 12 -1 -1 1 1 1 1 1 -1 -1 1 1 1 1 -1 1 1 1 1 1 -1 1 1 1 1 1 1 1 -1 1 -1 1 1
12 12 12 -1 1 1 -1 1 1 1 1 1 -1 1 1 1 1 -1 1 1 1 1 -1 1 1 1 1 1 1 -1 1 1 -1 1 -1
-1 -1 12 -1 -1 1 -1 15 -1 1 1 1 1 1 1 -1 1 1 1 1 1 -1 1 1 1 1 1 1 1 1 1 1 1 1 1
16 -1 17 -1 1 1 1 -1 1 1 1 1 1 1 1 -1 1 1 1 -1 1 1 -1 1 1 -1 -1 1 1 1 1 1 1 1 1
16 -1 17 -1 1 -1 1 1 1 1 -1 1 1 -1 1 -1 -1 1 1 -1 1 1 1 1 1 1 -1 1 1 1 -1 1 1 1 -1
1 1 -1 18 -1 19 -1 1 1 1 -1 1 1 -1 1 1 1 1 -1 1 1 1 1 1 1 1 1 1 1 -1 -1 1 1 -1 20
1 1 1 1 1 1 1 -1 1 -1 21 -1 1 1 1 -1 1 1 1 1 1 -1 1 -1 -1 1 1 1 -1 1 1 1 1 1 -1
1 1 1 1 1 1 1 -1 -1 -1 1 1 1 1 1 1 -1 1 -1 1 1 1 1 1 1 -1 1 1 -1 1 1 1 1 1 1
1 1 1 1 1 1 1 1 -1 -1 -1 -1 -1 1 1 1 1 1 1 1 1 1 1 1 1 -1 1 1 1 -1 -1 1 1 1 -1
22 -1 1 1 1 -1 1 1 -1 1 1 1 1 1 1 1 1 1 1 1 1 1 1 1 -1 1 1 1 -1 1 1 1 -1 -1 -1
-1 -1 1 -1 -1 1 1 1 -1 23 -1 1 1 1 1 -1 1 1 -1 -1 1 1 -1 -1 1 1 1 1 1 1 1 1 1 -1 24
25 25 25 -1 26 -1 1 1 -1 23 -1 -1 1 1 1 1 1 1 1 1 -1 1 1 -1 27 -1 -1 1 1 1 -1 1 -1 28 28
25 25 25 25 -1 -1 1 1 1 -1 -1 1 1 -1 1 1 1 1 1 -1 29 -1 1 1 -1 30 30 -1 1 -1 31 31 -1 28 28
32 -1 33 -1 -1 -1 1 1 1 1 1 -1 1 1 -1 -1 1 1 -1 -1 -1 -1 1 1 1 -1 -1 1 1 -1 1 -1 28 28 28
32 -1 33 -1 1 1 1 1 -1 1 -1 1 1 1 1 1 1 1 1 1 1 -1 1 1 -1 1 -1 1 1 1 1 1 -1 28 28
1 1 -1 1 1 1 1 -1 1 1 1 1 1 1 1 1 1 1 1 1 -1 1 1 1 1 1 1 1 1 1 -1 1 -1 28 28
1 1 1 1 1 -1 1 1 1 -1 -1 -1 1 1 1 1 1 1 -1 1 1 1 1 1 1 -1 1 1 -1 1 1 -1 28 28 28
-1 1 -1 -1 1 1 1 1 -1 -1 -1 34 34 -1 1 1 1 -1 -1 -1 1 1 1 1 1 -1 1 1 1 1 1 1 -1 28 28
1 1 1 1 1 -1 1 -1 35 -1 36 36 -1 37 -1 -1 1 1 1 1 1 1 1 1 1 1 -1 1 1 1 1 -1 28 28 28
1 -1 2 -1 -1 3 -1 3 3 3 3 3 3 3 3 3 -1 3 3 3 3 3 -1 3 -1 3 3 -1 3 3 3 -1 3 3 3
4 -1 3 3 3 3 -1 3 -1 -1 -1 3 3 3 3 3 3 3 3 3 -1 3 -1 3 3 3 3 3 3 3 3 3 3 3 3
4 4 -1 -1 3 3 3 3 3 3 3 3 3 3 -1 3 3 3 -1 3 -1 3 3 3 3 3 3 -1 3 3 3 3 3 -1 -1
5 -1 -1 3 3 3 3 3 3 3 3 3 3 3 -1 -1 3 3 3 3 3 3 3 3 3 3 -1 -1 3 3 3 3 3 3 3
5 5 5 -1 -1 3 3 -1 3 -1 3 -1 3 3 3 3 3 -1 3 3 3 3 3 3 3 3 -1 3 3 3 3 3 3 3 -1
5 5 5 5 -1 -1 5 5 -1 5 5 5 5 -1 3 3 -1 3 3 3 3 3 3 3 3 3 3 -1 3 3 3 3 3 -1 6
5 5 5 5 5 5 5 5 -1 5 5 5 5 5 -1 7 7 -1 3 3 -1 -1 3 -1 3 -1 3 -1 3 -1 3 -1 -1 6 6
5 -1 -1 5 5 5 5 5 -1 5 -1 5 -1 5 5 -1 5 5 5 -1 8 8 -1 9 -1 -1 5 -1 -1 -1 6 6 6 6 6
5 5 5 5 5 5 5 -1 10 -1 5 5 5 5 5 5 5 5 5 -1 -1 5 -1 5 5 5 5 -1 5 5 -1 6 6 6 6
-1 5 5 -1 -1 5 5 5 5 5 5 5 5 -1 5 -1 -1 5 5 5 5 5 5 5 -1 -1 -1 5 5 5 5 -1 -1 -1 -1
11 11 -1 5 5 5 5 -1 5 5 5 5 5 5 5 -1 -1 -1 5 5 5 -1 5 5 -1 5 -1 5 5 -1 -1 -1 12 12 12
-1 11 -1 5 5 5 5 5 -1 5 5 5 5 5 5 -1 13 -1 5 5 5 -1 5 -1 5 5 5 5 -1 -1 5 -1 -1 -1 5
5 5 5 5 5 5 5 5 -1 -1 5 5 5 5 5 5 -1 -1 -1 5 5 5 5 -1 5 5 5 5 -1 -1 5 5 5 5 5
5 -1 5 -1 5 -1 -1 5 5 5 -1 5 5 5 -1 5 5 5 -1 5 5 5 5 -1 5 -1 5 5 5 -1 14 -1 5 5 -1
5 5 5 5 5 5 -1 -1 -1 5 5 5 5 5 -1 -1 5 5 5 5 5 5 5 5 5 5 5 5 -1 5 -1 5 5 -1 15
5 5 5 5 5 5 5 -1 5 5 5 5 5 5 5 5 5 5 5 5 5 -1 5 5 5 5 5 5 5 5 5 5 5 -1 5
5 5 -1 -1 5 5 5 5 -1 16 -1 -1 -1 5 5 5 5 5 5 -1 -1 5 5 5 5 -1 5 5 5 5 -1 5 5 5 5
5 5 5 5 5 5 -1 -1 17 -1 5 5 5 5 5 5 5 5 5 5 5 -1 5 5 5 5 5 5 5 5 5 5 -1 -1 5
5 5 -1 5 5 -1 5 5 -1 5 5 5 -1 5 5 5 5 5 5 5 5 5 5 5 5 5 5 5 -1 5 5 5 5 5 5
-1 5 5 5 5 5 -1 5 5 5 5 -1 -1 5 5 5 5 5 5 5 -1 5 5 5 5 5 5 -1 5 5 5 5 -1 5 5
5 5 5 5 -1 5 5 5 5 5 -1 5 5 5 5 5 -1 18 -1 5 5 5 5 5 5 5 5 -1 5 5 -1 5 5 5 5
19 -1 -1 5 5 5 -1 -1 -1 5 5 5 -1 5 5 5 -1 18 -1 5 5 -1 5 5 5 5 5 5 5 -1 5 -1 5 5 5
-1 -1 5 5 5 5 5 5 5 5 5 -1 5 5 5 -1 20 20 20 -1 5 -1 5 5 5 5 5 5 5 5 5 -1 -1 5 5
5 5 5 -1 5 5 5 5 -1 5 5 5 5 5 5 5 -1 20 -1 5 5 5 5 5 5 -1 5 5 5 5 -1 -1 -1 -1 5
-1 -1 5 5 5 5 -1 5 5 5 -1 -1 5 5 -1 5 5 5 -1 5 -1 5 5 5 -1 5 5 5 5 5 5 5 5 5 5
21 -1 -1 5 5 5 5 5 -1 5 5 5 5 5 5 -1 -1 5 5 5 -1 5 5 5 5 5 -1 5 5 5 5 -1 5 5 5
-1 -1 22 -1 5 -1 5 -1 23 -1 -1 5 5 5 5 5 -1 5 5 5 -1 5 5 5 5 -1 -1 5 5 5 5 5 5 -1 5
24 24 -1 25 -1 26 -1 27 27 27 27 -1 5 5 -1 5 5 -1 5 5 5 5 5 5 5 5 -1 5 5 -1 -1 5 5 5 5
24 -1 28 28 28 28 -1 29 -1 27 27 -1 5 5 5 5 5 5 5 5 -1 30 -1 5 5 5 -1 5 5 5 5 -1 5 5 5
31 -1 28 28 28 28 -1 -1 32 -1 5 5 5 5 5 5 5 -1 33 -1 30 30 -1 5 5 5 5 5 -1 5 5 5 -1 5 5
-1 -1 28 28 28 28 28 28 -1 5 5 5 -1 5 5 5 5 -1 -1 30 30 -1 5 5 5 5 5 5 5 5 5 5 5 5 5
28 28 28 -1 28 28 28 28 28 -1 5 5 5 -1 5 -1 30 30 30 30 -1 -1 5 5 5 5 -1 5 -1 5 -1 5 5 5 5
28 28 28 28 28 28 28 28 28 28 -1 -1 5 5 5 -1 30 30 30 -1 5 5 5 5 5 5 5 5 -1 5 5 5 5 5 5
-1 -1 28 28 28 28 28 28 28 28 -1 34 34 -1 30 30 -1 30 30 -1 5 5 5 5 -1 5 5 -1 5 5 5 5 5 5 5
35 -1 28 28 -1 28 28 28 28 28 -1 34 34 -1 30 30 30 30 30 -1 5 5 -1 36 36 36 -1 5 5 -1 5 5 5 5 5
1 1 -1 1 -1 2 -1 2 2 -1 3 3 3 3 3 3 3 3 -1 4 -1 3 3 3 3 3 3 3 3 3 3 3 -1 -1 -1
1 1 1 1 -1 2 2 2 2 2 -1 3 3 3 -1 -1 -1 3 3 -1 3 3 3 -1 3 3 3 3 3 3 -1 -1 5 -1 6
1 1 1 1 1 -1 -1 1 -1 -1 1 1 -1 7 7 -1 3 3 3 3 -1 3 3 3 3 3 3 3 3 3 3 -1 5 -1 6
1 1 1 1 1 -1 1 1 1 1 1 1 -1 -1 3 -1 3 3 3 -1 3 3 3 3 3 3 3 -1 3 -1 -1 3 3 3 3
1 1 1 1 1 -1 -1 1 1 -1 1 -1 3 3 3 3 3 3 3 3 -1 -1 3 3 -1 -1 3 3 3 3 3 3 3 -1 3
8 -1 -1 1 1 1 1 1 -1 9 9 -1 3 3 3 3 -1 3 3 3 3 3 3 -1 3 3 3 -1 3 3 3 3 3 -1 3
8 -1 3 3 -1 3 -1 10 10 10 -1 -1 3 3 3 3 3 3 3 3 -1 3 3 3 3 3 3 -1 3 3 3 3 3 3 3
11 11 -1 3 3 3 -1 10 10 -1 3 3 3 3 3 3 3 3 3 -1 3 3 -1 -1 3 3 3 -1 -1 3 3 3 -1 3 -1
11 11 11 -1 3 3 3 -1 10 -1 3 -1 3 3 3 3 3 3 3 3 3 3 3 -1 -1 -1 3 3 3 -1 3 3 3 3 3
-1 -1 3 -1 -1 3 3 3 -1 12 12 12 -1 3 -1 3 3 3 -1 3 3 3 3 3 3 3 3 3 3 3 3 -1 3 3 3
3 3 3 3 -1 3 3 -1 12 12 12 -1 -1 -1 3 3 -1 13 -1 3 3 3 3 3 3 3 3 3 3 3 3 3 3 3 3
3 3 3 3 3 3 3 3 3 -1 3 3 3 3 3 3 3 -1 3 -1 3 3 -1 3 3 3 3 3 -1 3 3 -1 3 3 3
3 3 -1 3 3 3 3 3 3 3 3 -1 3 3 3 3 -1 -1 3 3 3 -1 3 3 3 -1 3 3 3 3 3 -1 3 3 3
-1 3 3 -1 3 3 3 -1 3 3 3 3 -1 3 3 3 3 -1 -1 3 3 3 3 3 3 3 3 3 3 -1 3 3 3 3 -1
-1 3 3 3 3 3 -1 3 3 3 3 3 3 3 3 3 3 3 -1 3 3 -1 3 3 3 -1 3 -1 3 3 3 3 3 3 -1
3 3 3 -1 3 3 3 -1 3 3 3 3 3 3 3 3 3 3 3 -1 3 3 3 3 -1 14 -1 3 3 3 3 -1 3 3 3
3 3 3 -1 3 3 3 3 3 3 -1 3 3 3 3 3 3 3 3 3 3 -1 3 3 -1 3 3 3 3 3 3 -1 -1 3 3
3 3 3 3 3 -1 3 3 3 3 3 3 3 3 3 3 3 3 3 3 -1 -1 15 -1 -1 -1 3 -1 3 3 3 3 3 3 3
3 3 -1 3 3 3 3 3 3 3 3 3 3 -1 3 3 3 3 3 3 3 -1 -1 3 3 3 3 3 3 -1 3 -1 -1 -1 3
-1 3 -1 3 -1 3 3 -1 16 -1 -1 3 -1 3 3 -1 3 -1 3 3 3 3 -1 3 3 3 3 3 3 3 3 -1 -1 3 3
17 17 17 17 17 -1 3 3 -1 -1 -1 3 3 3 3 3 3 -1 3 3 3 3 3 3 3 3 3 3 3 -1 -1 3 3 3 3
17 17 17 -1 3 3 3 3 3 3 3 -1 3 3 3 3 3 3 -1 -1 3 3 3 3 -1 3 3 3 3 3 3 3 3 -1 3
17 17 17 -1 -1 3 3 3 -1 -1 3 3 3 -1 3 -1 3 3 3 3 3 -1 3 3 3 -1 -1 -1 3 3 -1 3 3 3 3
17 17 -1 -1 3 3 3 3 -1 3 3 3 3 3 3 3 3 3 3 -1 -1 -1 -1 3 3 -1 18 -1 -1 3 3 3 3 3 3
17 17 17 17 -1 3 3 3 3 3 3 -1 3 -1 3 3 3 3 3 3 3 -1 3 3 3 3 -1 -1 3 3 -1 -1 3 3 3
19 -1 -1 -1 3 3 3 3 3 3 3 3 3 -1 -1 3 3 3 3 -1 3 3 3 3 3 3 3 -1 3 3 -1 3 3 3 3
-1 20 20 -1 3 3 3 -1 3 3 3 3 -1 3 3 3 3 3 3 3 3 3 3 3 3 3 3 3 3 -1 3 3 3 -1 -1
-1 20 20 -1 3 3 -1 21 -1 3 3 -1 -1 3 3 3 -1 3 3 -1 -1 3 -1 3 3 3 -1 3 3 3 -1 -1 3 3 3
-1 22 -1 3 -1 3 3 3 3 -1 3 -1 3 3 3 3 3 -1 3 3 3 3 3 3 3 -1 -1 3 3 3 3 3 -1 3 3
-1 -1 -1 3 3 3 3 3 3 3 3 3 3 3 3 3 3 -1 3 3 3 3 3 3 3 3 3 3 3 -1 3 3 3 3 3
23 -1 3 3 3 -1 -1 -1 3 3 3 3 -1 -1 3 3 -1 3 3 3 -1 3 3 3 3 3 3 3 3 -1 -1 24 -1 3 3
3 3 3 3 3 -1 -1 3 3 3 3 3 -1 3 3 3 -1 3 3 -1 3 3 3 3 3 -1 3 3 3 3 3 -1 25 -1 26
3 3 -1 3 3 3 3 3 -1 3 -1 -1 27 -1 3 3 3 3 3 3 -1 3 3 3 3 3 3 3 3 3 3 -1 25 -1 26
-1 3 -1 3 -1 3 3 3 3 3 -1 28 28 28 28 -1 -1 3 3 3 3 3 3 3 3 3 3 3 3 -1 -1 29 29 29 29
30 30 -1 31 31 31 -1 32 -1 28 28 28 28 28 28 28 -1 -1 3 -1 3 3 -1 3 3 3 3 3 3 3 3 3 -1 -1 29
1 1 1 1 1 1 -1 -1 2 -1 3 3 -1 4 4 4 4 4 4 4 4 -1 4 4 -1 4 4 4 4 4 4 -1 5 -1 6
1 1 1 1 1 -1 3 3 3 3 3 3 3 -1 -1 4 4 -1 4 4 4 4 4 4 4 4 -1 4 4 4 4 4 4 -1 4
1 -1 -1 3 -1 3 3 3 3 3 3 3 3 -1 4 4 4 4 4 4 4 -1 -1 3 -1 7 -1 -1 4 4 4 4 4 4 4
3 -1 3 3 3 3 3 -1 3 3 3 -1 3 3 3 -1 3 -1 -1 4 -1 -1 3 3 3 -1 -1 -1 -1 -1 -1 -1 4 4 4
3 3 3 3 -1 3 3 3 -1 -1 3 -1 -1 3 3 3 3 -1 8 -1 9 9 -1 3 3 3 3 -1 10 10 10 -1 4 4 4
3 3 3 3 3 3 3 3 -1 3 3 3 3 3 3 3 -1 -1 3 -1 -1 -1 -1 3 3 3 3 3 3 -1 11 11 11 -1 12
3 3 3 -1 -1 13 -1 3 3 3 3 3 3 -1 -1 3 3 3 3 3 3 3 3 3 3 3 -1 3 3 3 -1 11 11 -1 -1
3 3 3 3 -1 -1 3 3 -1 3 -1 -1 3 3 3 3 3 3 3 -1 3 3 3 3 3 -1 3 -1 -1 3 -1 11 -1 3 3
3 3 3 3 3 3 3 -1 -1 3 3 3 3 3 3 3 -1 -1 3 3 3 3 -1 -1 3 3 3 3 3 -1 14 14 -1 3 3
3 3 3 -1 -1 3 3 3 3 3 3 3 3 3 3 3 -1 -1 3 -1 3 3 3 3 3 3 3 3 -1 15 -1 -1 3 3 -1
3 3 3 3 3 3 -1 -1 3 3 3 3 3 -1 3 3 -1 3 3 3 -1 -1 3 3 3 -1 3 3 3 3 3 3 3 -1 -1
16 -1 3 3 -1 3 3 3 3 3 -1 3 3 3 3 3 -1 -1 3 3 -1 3 3 3 -1 3 3 3 -1 3 3 -1 3 3 3
16 16 -1 3 3 -1 3 3 3 3 -1 -1 3 3 3 3 3 3 3 -1 3 3 3 3 3 3 3 3 3 -1 3 3 3 3 3
16 16 -1 3 3 3 3 3 3 3 3 3 3 3 3 3 3 -1 -1 3 3 3 3 3 3 3 3 3 -1 17 -1 3 -1 -1 -1
16 16 16 16 -1 18 -1 3 3 3 -1 -1 3 3 3 3 3 3 3 3 3 3 3 3 3 3 3 3 3 -1 3 3 3 3 3
16 16 16 16 16 -1 16 -1 3 3 3 -1 3 3 3 -1 3 3 -1 3 3 3 -1 3 3 3 -1 3 3 3 3 3 3 3 3
16 -1 16 16 16 16 16 16 -1 16 -1 3 3 3 -1 3 -1 3 3 3 -1 3 3 3 -1 -1 19 -1 3 3 3 -1 3 -1 3
-1 -1 16 16 16 16 16 16 16 16 16 -1 20 -1 3 3 3 3 3 3 3 3 3 3 -1 3 3 3 -1 3 3 -1 3 -1 3
21 -1 16 -1 -1 16 16 16 16 -1 16 -1 -1 3 -1 3 3 3 3 -1 3 3 3 3 3 3 3 3 3 3 3 3 3 3 3
22 -1 16 16 16 16 16 16 16 16 16 16 -1 3 3 3 -1 3 3 3 3 3 3 3 3 3 3 3 3 3 3 -1 -1 -1 -1
22 22 -1 -1 16 16 16 16 16 16 16 -1 3 3 3 3 3 -1 3 -1 3 -1 3 3 -1 3 3 3 3 3 -1 3 3 3 3
22 22 22 22 22 -1 22 -1 23 -1 -1 3 3 3 -1 -1 3 3 -1 3 3 3 3 3 3 3 -1 -1 3 3 -1 3 3 3 3
22 22 22 22 22 22 22 -1 23 23 -1 22 -1 24 -1 -1 3 3 -1 3 -1 3 3 3 3 3 3 3 3 -1 3 3 -1 3 3
-1 22 -1 22 22 22 22 22 -1 -1 22 22 -1 -1 -1 3 3 3 3 3 3 3 3 3 -1 -1 -1 3 3 -1 -1 3 3 3 3
25 -1 26 -1 -1 -1 22 22 22 22 22 -1 3 3 3 3 3 3 3 3 3 3 -1 3 3 -1 27 -1 3 3 3 3 3 3 -1
28 -1 28 28 -1 29 -1 -1 22 22 22 -1 -1 3 3 -1 3 3 3 3 3 3 3 3 3 3 -1 3 3 3 3 3 -1 3 -1
28 28 28 -1 -1 28 -1 22 22 22 22 22 22 -1 3 -1 3 -1 3 -1 3 -1 3 3 3 3 -1 -1 3 3 -1 -1 30 -1 -1
28 28 28 28 28 28 28 -1 22 22 -1 -1 28 28 -1 31 31 31 -1 32 32 -1 32 -1 3 3 -1 33 -1 3 -1 34 -1 35 -1
28 28 -1 -1 28 28 -1 28 -1 28 28 28 28 28 28 -1 -1 -1 36 -1 32 32 32 32 -1 32 32 32 32 32 32 32 32 32 32
28 -1 28 28 28 28 28 28 -1 28 28 28 28 28 28 -1 -1 32 32 32 -1 32 32 32 32 32 -1 -1 32 32 32 -1 32 32 32
28 28 28 28 28 28 28 -1 37 -1 28 28 -1 28 -1 32 -1 32 32 -1 32 32 32 32 32 32 32 32 32 32 32 32 32 32 32
28 28 28 28 28 28 28 28 28 28 28 28 28 28 -1 32 32 32 32 32 32 32 -1 -1 32 32 -1 32 32 -1 32 32 -1 32 -1
28 28 28 28 28 28 -1 28 28 -1 -1 -1 28 -1 32 32 32 32 32 32 32 32 32 32 32 32 32 32 32 32 32 32 32 32 32
-1 28 28 28 -1 28 28 28 -1 32 32 32 32 32 32 32 32 -1 -1 32 32 32 32 32 32 32 32 -1 32 -1 32 -1 32 32 -1
28 28 28 -1 28 28 28 28 28 -1 -1 32 32 32 32 -1 32 32 32 32 32 32 32 32 32 32 32 32 32 -1 32 32 32 32 32
1 1 -1 2 2 -1 3 -1 4 4 4 4 4 -1 -1 4 4 -1 -1 5 -1 4 4 4 4 -1 6 6 6 -1 7 7 7 7 7
-1 -1 -1 -1 4 4 4 4 4 4 4 4 4 4 4 4 -1 5 5 5 -1 4 4 4 4 4 4 -1 -1 -1 7 7 -1 7 7
4 4 4 4 -1 4 4 -1 4 4 4 4 4 -1 -1 8 8 -1 -1 4 4 4 4 4 4 4 4 4 -1 -1 7 7 7 7 7
4 4 4 4 4 -1 4 -1 4 4 4 -1 4 4 4 -1 9 9 -1 4 4 -1 4 -1 4 -1 4 -1 7 -1 7 7 -1 7 7
4 4 4 4 4 4 4 -1 4 4 4 4 4 4 -1 4 -1 4 4 4 4 4 4 4 4 4 4 -1 7 7 7 7 -1 7 7
4 4 4 4 -1 4 4 4 -1 4 4 -1 4 4 4 4 -1 4 4 4 -1 -1 4 4 -1 4 4 4 4 -1 4 -1 10 -1 11
4 4 4 -1 4 4 4 4 4 4 4 -1 4 4 4 4 4 4 4 -1 4 4 -1 4 4 -1 -1 4 4 4 4 4 -1 11 11
12 -1 13 13 13 -1 4 4 4 4 4 4 4 -1 14 -1 4 4 -1 -1 4 4 4 4 4 4 4 -1 -1 4 4 4 -1 11 11
12 -1 13 13 -1 4 -1 4 4 4 -1 15 -1 4 -1 -1 4 4 4 4 -1 4 4 -1 -1 16 -1 17 17 -1 4 4 4 -1 11
18 18 18 -1 -1 4 4 4 -1 4 -1 -1 4 4 4 4 4 4 4 4 4 4 4 4 -1 16 -1 17 17 -1 4 4 4 4 4
18 18 18 18 18 -1 4 4 4 4 4 4 -1 -1 4 4 -1 4 4 4 4 4 4 4 -1 19 19 -1 17 -1 -1 -1 4 4 4
-1 18 18 -1 -1 -1 4 -1 4 4 -1 -1 4 -1 4 4 4 4 -1 4 4 4 4 4 4 -1 4 4 4 4 4 -1 4 4 -1
-1 -1 18 -1 4 4 4 4 4 -1 4 4 4 4 4 4 4 4 4 4 4 4 4 -1 4 4 4 4 -1 4 4 4 -1 20 20
4 4 4 4 4 4 -1 -1 -1 4 4 4 4 4 4 4 -1 4 -1 4 4 4 4 4 -1 4 4 -1 4 4 -1 4 -1 20 -1
-1 4 4 4 4 -1 -1 -1 4 4 -1 4 4 4 4 4 -1 4 4 4 4 4 -1 4 4 4 4 -1 4 4 4 4 -1 -1 21
4 4 4 4 4 4 4 -1 4 4 4 4 4 4 4 4 -1 4 4 4 -1 4 4 -1 -1 4 4 4 4 4 -1 4 4 4 -1
-1 4 -1 4 4 4 4 4 4 -1 -1 22 -1 4 4 4 4 4 4 -1 23 -1 -1 4 -1 4 4 4 4 4 4 4 -1 24 -1
4 4 4 -1 4 4 4 -1 4 4 4 -1 4 -1 4 -1 4 4 4 4 4 4 4 4 -1 4 -1 4 -1 4 -1 -1 24 24 24
4 4 4 4 4 -1 4 4 4 4 4 4 4 4 4 4 -1 4 4 4 4 4 4 -1 4 4 -1 -1 25 25 -1 24 24 24 -1
4 4 4 4 4 4 4 -1 4 4 4 4 4 -1 4 4 4 4 4 -1 4 4 -1 4 4 4 4 -1 25 25 -1 -1 -1 24 24
-1 4 4 4 4 -1 4 -1 4 4 4 -1 4 4 4 4 4 4 4 4 -1 4 4 4 4 4 4 4 -1 4 -1 4 4 4 -1
26 -1 4 4 -1 4 4 4 4 4 4 4 -1 -1 4 4 -1 -1 4 4 4 4 4 4 4 4 4 -1 4 4 4 4 4 4 4
26 -1 4 -1 27 -1 -1 4 4 -1 4 4 4 -1 -1 -1 -1 4 4 -1 4 4 4 -1 4 4 4 4 4 4 4 -1 4 4 4
4 4 4 4 4 4 -1 4 -1 28 -1 4 4 -1 4 -1 4 4 4 4 4 4 4 4 -1 4 4 4 4 4 4 -1 -1 4 4
4 4 4 4 4 4 4 -1 4 4 4 -1 4 4 4 -1 4 4 4 4 4 4 -1 -1 -1 4 4 4 4 4 -1 29 -1 4 4
4 4 4 4 -1 4 4 4 4 4 -1 -1 4 4 -1 4 4 -1 4 4 4 4 4 4 4 -1 4 4 4 -1 4 -1 4 -1 30
4 4 -1 -1 31 -1 4 4 4 -1 32 32 -1 4 4 4 4 4 4 4 4 -1 4 -1 -1 4 4 -1 4 4 4 4 4 -1 -1
4 -1 -1 -1 4 4 4 4 4 4 4 -1 4 4 4 4 4 -1 4 4 4 4 4 4 4 4 -1 -1 4 4 4 4 4 -1 -1
4 4 4 4 4 4 4 4 4 4 4 4 4 4 4 -1 4 4 4 4 -1 -1 4 4 4 4 4 4 4 4 4 4 -1 4 -1
-1 -1 -1 4 4 4 4 -1 4 4 4 4 4 4 -1 4 4 4 4 4 4 4 4 -1 4 4 4 4 -1 -1 -1 4 4 4 -1
33 33 33 -1 -1 4 4 4 4 -1 4 4 -1 34 -1 35 -1 -1 4 4 -1 4 4 4 4 4 -1 -1 4 4 4 4 4 4 4
-1 33 -1 4 4 4 4 4 -1 4 4 4 4 -1 -1 -1 4 4 4 4 4 4 4 -1 4 4 4 4 -1 4 4 4 4 4 4
-1 4 4 4 4 4 4 4 4 4 -1 -1 4 -1 -1 4 -1 4 4 4 4 4 4 4 -1 4 4 4 4 4 4 -1 4 4 4
-1 4 -1 -1 4 4 4 -1 4 4 4 4 -1 4 4 4 4 4 4 4 4 4 -1 -1 -1 4 4 4 4 4 4 -1 -1 4 4
36 36 36 36 -1 4 4 4 4 4 4 4 4 4 4 4 4 4 -1 37 -1 38 38 38 -1 4 4 4 4 4 4 4 4 4 4
1 -1 2 2 2 2 2 2 2 2 2 2 2 -1 2 2 2 2 2 2 2 2 2 -1 -1 2 2 2 2 2 -1 -1 2 2 2
2 2 -1 2 2 2 2 2 -1 -1 2 2 2 2 2 2 2 2 2 -1 2 -1 2 -1 -1 2 2 2 2 2 -1 -1 2 2 2
2 2 2 2 2 2 2 -1 -1 -1 2 2 2 -1 2 -1 2 2 2 -1 2 2 2 2 2 2 2 -1 2 2 2 2 2 2 2
-1 2 -1 2 2 2 2 2 -1 -1 -1 2 2 2 -1 -1 2 2 -1 2 2 2 2 2 2 2 -1 -1 2 -1 2 2 2 2 -1
2 2 2 2 2 -1 -1 2 2 2 2 2 2 -1 -1 3 -1 4 4 -1 2 2 2 2 -1 -1 -1 2 2 2 -1 2 2 2 2
2 2 2 -1 2 2 -1 2 -1 2 -1 2 2 -1 3 3 -1 4 -1 2 2 2 -1 2 2 -1 -1 2 2 2 -1 2 2 -1 5
2 2 -1 2 2 2 2 2 2 -1 -1 2 -1 2 -1 2 2 2 2 -1 2 -1 2 2 2 2 2 2 2 2 -1 2 2 -1 -1
2 2 2 2 2 2 2 2 -1 2 2 2 2 2 2 2 2 -1 2 -1 6 6 6 -1 2 2 2 2 -1 -1 2 2 -1 7 7
2 -1 2 2 2 -1 2 2 -1 2 2 2 2 2 2 2 2 2 2 -1 6 6 -1 2 2 2 -1 8 8 -1 2 2 2 2 -1
2 -1 2 -1 2 2 2 2 2 2 2 2 2 2 -1 2 2 2 -1 6 6 6 -1 2 2 -1 9 -1 2 2 -1 2 2 2 -1
2 2 2 2 -1 2 2 2 2 -1 2 2 2 -1 -1 2 2 2 2 -1 6 -1 10 -1 2 2 -1 -1 2 2 2 2 2 -1 11
2 -1 2 2 2 2 2 2 -1 2 2 2 -1 2 2 2 2 2 2 2 -1 2 2 2 2 -1 -1 -1 2 2 2 -1 -1 -1 12
2 2 2 2 2 2 -1 2 2 2 2 2 -1 2 2 2 2 2 2 2 -1 -1 -1 2 2 2 -1 2 2 2 2 2 2 -1 12
-1 -1 2 2 -1 2 2 2 2 -1 13 -1 2 2 2 2 2 2 -1 2 -1 2 2 2 -1 2 -1 -1 2 2 2 2 2 2 2
2 2 2 2 2 2 2 2 2 2 -1 2 2 2 2 2 2 2 -1 2 -1 2 2 2 2 2 2 2 2 2 2 2 2 2 -1
2 2 -1 2 2 2 2 2 2 2 -1 2 2 -1 2 2 2 2 -1 2 2 2 2 -1 2 2 2 2 2 2 -1 -1 -1 2 2
-1 2 2 2 2 -1 2 2 2 -1 -1 2 2 2 2 2 2 2 -1 2 2 2 2 2 -1 14 -1 -1 2 2 -1 15 15 15 -1
2 2 2 2 2 -1 2 2 2 2 2 -1 2 2 2 -1 16 -1 -1 2 2 2 2 2 -1 14 14 14 14 -1 15 15 15 -1 -1
-1 2 2 2 2 2 -1 -1 2 -1 2 2 -1 17 -1 -1 -1 2 -1 2 2 2 2 -1 -1 18 -1 19 -1 19 -1 15 15 15 15
2 2 2 -1 2 2 -1 2 2 2 2 2 2 -1 2 2 2 2 2 2 -1 2 2 2 2 -1 19 19 19 19 19 -1 15 15 -1
2 2 2 2 2 2 2 -1 2 2 2 2 -1 2 2 2 2 2 2 2 2 2 2 2 -1 2 -1 19 19 19 19 19 -1 20 20
2 2 2 -1 2 2 -1 2 2 2 2 2 2 2 2 -1 2 -1 2 2 2 -1 2 2 -1 2 2 -1 19 19 19 -1 -1 20 -1
2 2 2 2 2 -1 2 2 2 2 2 -1 2 2 2 -1 2 2 2 2 2 2 -1 2 -1 2 2 2 -1 2 -1 2 -1 2 2
2 -1 2 2 2 2 2 -1 -1 2 2 2 -1 2 2 -1 2 2 2 -1 -1 -1 2 2 -1 2 2 -1 -1 2 2 2 2 2 -1
2 2 -1 2 2 2 -1 2 2 -1 2 -1 -1 2 2 2 2 -1 2 2 2 -1 2 2 2 2 2 2 2 2 2 2 2 2 2
2 2 2 2 -1 -1 2 2 2 2 2 -1 2 -1 2 -1 2 -1 2 2 2 2 2 2 2 -1 2 2 2 2 -1 2 2 2 2
2 2 -1 -1 2 2 2 2 -1 2 2 2 2 2 2 2 2 2 2 2 2 -1 -1 2 2 -1 2 2 2 2 -1 -1 2 -1 -1
-1 2 2 2 2 -1 2 2 2 2 -1 -1 2 2 2 2 -1 2 2 2 2 2 2 2 2 -1 -1 -1 2 2 2 -1 21 -1 21
2 2 2 2 2 -1 2 2 -1 2 2 2 2 -1 2 2 2 2 -1 2 2 2 -1 2 2 -1 2 2 2 -1 2 -1 21 21 21
2 2 2 2 2 2 -1 2 2 -1 22 -1 2 2 2 2 2 2 2 2 2 2 -1 -1 2 -1 2 2 2 2 -1 21 21 21 -1
2 2 2 2 -1 23 -1 2 2 2 -1 2 -1 2 2 2 -1 2 2 2 2 2 2 2 2 -1 2 2 2 -1 -1 2 -1 24 -1
-1 2 2 2 2 -1 25 -1 -1 2 2 2 2 2 2 2 -1 2 -1 2 2 2 2 -1 26 26 -1 2 2 -1 2 2 2 -1 2
27 27 -1 2 2 -1 25 25 -1 28 -1 -1 -1 2 2 2 2 2 2 -1 2 2 2 2 -1 -1 -1 2 2 2 2 2 2 2 2
-1 -1 2 2 2 2 2 -1 2 -1 2 -1 -1 2 2 2 2 2 2 2 2 2 -1 2 2 -1 2 2 2 2 -1 -1 2 2 2
-1 2 2 2 2 -1 2 2 2 2 2 2 -1 2 2 2 -1 29 -1 2 2 2 2 2 -1 2 2 -1 2 -1 30 -1 2 2 2
1 1 1 1 1 1 1 1 1 1 1 1 1 -1 1 1 -1 2 2 -1 3 3 -1 -1 1 1 1 1 -1 4 -1 1 -1 1 1
1 1 1 1 -1 1 1 1 -1 1 1 1 -1 -1 1 1 -1 2 -1 1 1 -1 -1 1 1 1 1 -1 5 -1 1 1 1 1 1
1 1 1 1 1 1 -1 1 1 1 1 -1 -1 1 1 1 1 1 1 -1 1 1 1 1 1 1 1 1 -1 1 1 -1 -1 1 1
-1 -1 1 1 1 1 1 1 -1 -1 -1 6 -1 1 -1 1 1 1 1 1 -1 1 1 1 1 1 1 -1 -1 -1 7 -1 1 1 1
1 1 1 -1 1 1 1 1 1 1 1 1 -1 1 1 1 -1 1 1 1 1 1 1 -1 1 1 1 1 1 1 -1 1 1 -1 1
-1 1 1 -1 1 -1 1 1 -1 1 1 1 1 1 1 1 1 1 -1 1 1 1 1 1 1 1 -1 1 -1 1 1 1 -1 -1 -1
-1 1 -1 1 1 1 1 -1 1 1 1 1 1 1 1 1 -1 8 -1 1 1 1 1 1 1 1 1 1 -1 -1 1 1 1 1 1
-1 1 1 1 -1 1 1 -1 1 1 1 1 -1 1 1 1 1 -1 1 -1 -1 -1 1 1 1 1 1 1 -1 9 -1 1 -1 1 -1
1 1 1 -1 10 -1 1 1 1 1 1 -1 1 1 1 1 -1 1 1 1 1 1 1 1 1 1 -1 -1 -1 -1 1 1 1 -1 11
-1 1 1 -1 1 1 1 -1 1 -1 -1 12 -1 1 1 1 1 1 1 1 1 -1 1 1 1 1 1 1 1 1 1 1 1 1 1
-1 1 1 1 1 1 1 1 1 1 1 1 1 -1 1 -1 1 -1 1 1 -1 1 1 1 1 1 1 1 1 1 1 1 -1 1 -1
1 1 1 1 1 1 1 1 1 1 1 1 1 1 1 -1 -1 13 13 -1 14 -1 1 1 1 1 1 1 1 1 1 1 1 1 1
1 1 1 -1 -1 15 -1 1 1 1 -1 1 1 -1 1 -1 16 16 -1 14 14 14 -1 17 -1 1 1 -1 1 -1 -1 1 1 1 1
1 1 1 1 1 -1 1 -1 1 1 -1 1 -1 -1 16 16 16 16 -1 14 -1 14 14 -1 -1 -1 18 -1 1 1 1 -1 1 -1 1
-1 -1 -1 19 -1 1 1 1 1 1 1 1 1 -1 -1 -1 16 16 16 16 -1 14 14 -1 -1 18 18 18 -1 -1 1 1 1 1 1
1 1 -1 -1 1 -1 1 1 1 1 1 1 1 1 1 1 -1 16 16 16 16 -1 16 16 -1 18 18 -1 1 1 1 1 1 -1 20
1 1 1 1 1 -1 -1 -1 1 -1 -1 1 1 1 1 1 -1 -1 -1 16 16 16 16 16 16 16 -1 1 1 1 1 1 1 1 -1
-1 1 1 1 1 1 1 1 1 -1 -1 -1 1 1 1 1 1 1 -1 16 -1 16 16 -1 -1 -1 21 -1 1 1 1 1 1 1 1
1 1 1 1 1 1 1 -1 1 1 1 -1 1 1 1 1 -1 -1 -1 1 1 1 -1 1 1 -1 -1 -1 1 1 1 -1 1 1 1
22 -1 -1 1 1 1 1 -1 1 1 1 1 1 1 -1 1 -1 1 1 1 1 1 1 1 1 1 1 1 1 1 1 -1 1 1 1
22 22 22 -1 -1 -1 1 -1 1 -1 1 1 1 1 1 1 1 1 -1 1 1 1 1 1 1 1 1 -1 -1 1 1 1 1 1 1
-1 22 22 22 22 22 22 22 -1 23 23 -1 1 1 1 1 1 1 1 1 1 1 1 1 1 1 -1 1 1 1 -1 1 1 1 -1
-1 22 22 -1 -1 22 -1 24 24 -1 -1 -1 -1 1 1 1 1 -1 -1 1 1 1 1 1 -1 -1 25 -1 1 1 1 -1 1 1 1
22 22 22 22 22 22 -1 24 -1 -1 1 1 1 1 1 1 1 1 1 1 1 1 1 1 1 1 1 1 1 -1 1 1 1 1 -1
-1 22 22 22 22 -1 26 -1 27 27 -1 -1 1 -1 -1 1 1 1 -1 1 -1 1 1 1 1 -1 1 1 -1 28 -1 -1 1 1 1
22 22 22 22 -1 1 1 1 1 -1 1 1 -1 1 1 1 1 -1 1 1 -1 1 1 1 -1 1 1 1 1 -1 1 1 1 1 1
22 -1 -1 -1 -1 1 1 -1 1 1 1 1 1 1 1 1 -1 1 1 1 -1 1 1 1 1 1 1 1 1 1 1 1 1 -1 -1
29 -1 29 -1 29 -1 1 1 1 -1 1 -1 1 1 1 -1 1 1 1 1 1 1 1 1 1 1 -1 1 1 -1 1 1 1 1 1
29 29 29 29 29 -1 1 1 1 1 1 1 1 1 1 1 1 1 1 -1 1 1 1 1 1 1 1 1 1 1 1 1 -1 1 1
-1 29 -1 29 29 29 -1 1 1 1 1 1 1 1 1 1 -1 1 1 1 1 1 1 -1 1 1 -1 1 1 1 -1 -1 -1 1 -1
-1 1 1 1 -1 1 1 1 1 1 -1 1 -1 -1 1 -1 -1 1 -1 1 1 1 1 1 1 -1 1 1 1 1 1 -1 1 1 1
-1 -1 1 1 1 1 1 1 1 -1 -1 1 1 1 1 1 1 1 1 -1 1 1 -1 -1 1 -1 1 1 1 1 1 1 -1 1 1
1 1 1 1 1 1 1 -1 1 1 -1 -1 1 1 1 -1 1 1 1 1 -1 -1 1 1 1 1 1 -1 1 1 1 1 1 1 1
-1 1 1 1 1 1 1 -1 -1 1 1 1 1 1 -1 30 30 -1 -1 1 -1 -1 -1 -1 1 1 1 -1 1 1 1 -1 1 1 -1
1 1 1 1 1 1 1 1 -1 -1 1 -1 1 1 1 -1 30 -1 31 31 31 31 31 31 -1 1 1 -1 1 1 1 1 1 1 1
1 1 1 1 1 1 1 1 1 1 1 1 -1 -1 2 -1 3 -1 1 1 1 1 1 1 1 -1 1 1 -1 1 -1 1 1 1 -1
1 1 1 -1 1 -1 -1 1 1 1 1 1 -1 1 1 1 1 1 -1 1 1 -1 1 1 1 1 1 1 1 1 1 1 1 1 -1
1 1 1 1 1 1 1 1 1 -1 -1 -1 4 4 -1 1 1 1 1 1 1 1 1 -1 -1 -1 -1 -1 1 1 1 1 -1 -1 -1
1 1 1 1 -1 1 1 1 1 1 -1 1 1 -1 1 1 1 1 1 -1 1 1 1 -1 1 1 1 -1 1 -1 1 1 1 1 1
1 1 1 1 1 1 1 -1 1 1 1 1 1 1 1 1 1 1 1 1 1 -1 1 1 1 1 1 1 1 1 -1 1 1 1 1
-1 -1 -1 -1 1 1 1 1 -1 1 1 1 1 1 1 1 1 -1 -1 -1 1 1 -1 -1 1 -1 -1 1 -1 1 1 1 -1 -1 -1
-1 1 -1 1 1 1 -1 -1 5 -1 -1 1 1 -1 -1 1 -1 1 -1 1 1 1 -1 1 1 1 1 1 1 1 1 1 -1 6 6
-1 1 1 1 1 1 1 -1 -1 1 1 1 1 1 1 1 1 1 1 -1 1 1 1 1 1 1 1 1 -1 1 1 1 -1 6 -1
-1 7 -1 1 1 -1 -1 1 1 1 1 1 -1 -1 -1 1 1 -1 1 1 1 1 -1 1 1 -1 1 1 -1 -1 1 1 1 1 -1
7 7 7 -1 1 -1 1 -1 8 -1 1 1 1 1 1 1 1 1 -1 1 1 -1 1 1 1 1 -1 -1 1 1 1 1 1 1 -1
-1 1 -1 1 1 1 1 1 -1 1 1 1 1 -1 -1 1 1 -1 9 -1 1 1 1 -1 -1 1 1 1 1 1 -1 1 1 1 1
-1 1 1 1 1 1 -1 1 1 -1 1 1 1 1 1 1 1 1 1 1 1 1 1 -1 1 1 1 1 1 -1 -1 1 1 1 -1
-1 -1 1 1 -1 -1 1 1 -1 -1 1 1 -1 -1 -1 -1 -1 1 1 1 1 1 -1 1 1 1 1 -1 1 1 -1 -1 1 1 1
10 10 -1 1 1 1 1 1 -1 1 1 1 1 -1 1 1 -1 -1 -1 1 1 1 1 1 1 1 1 -1 1 1 1 1 1 1 1
10 -1 1 1 1 1 1 1 1 1 1 1 1 1 1 1 1 -1 1 1 1 1 -1 -1 -1 -1 1 -1 1 1 -1 -1 -1 1 1
-1 1 1 1 -1 1 1 1 1 1 1 1 1 -1 1 1 1 -1 -1 -1 1 1 -1 1 1 1 1 1 1 1 1 1 -1 1 -1
11 -1 1 1 1 -1 1 -1 1 1 -1 -1 -1 -1 1 1 1 1 1 -1 1 1 -1 1 1 1 -1 1 1 1 1 1 1 1 -1
1 1 1 -1 -1 1 1 -1 1 1 -1 -1 -1 12 -1 1 1 1 -1 13 -1 1 -1 1 -1 1 1 1 1 1 1 1 -1 1 -1
1 1 1 1 -1 1 1 -1 -1 1 1 1 1 1 -1 1 1 1 1 -1 -1 1 1 1 -1 14 -1 1 1 -1 1 1 1 -1 -1
1 1 1 -1 1 1 1 1 1 -1 -1 1 1 1 1 1 1 -1 1 1 1 1 1 -1 14 14 -1 1 1 1 1 1 1 1 -1
1 1 1 1 1 1 -1 -1 1 1 1 1 1 1 1 1 1 1 1 1 -1 1 1 -1 14 -1 1 1 1 -1 1 -1 1 1 -1
-1 -1 -1 1 1 -1 1 1 1 1 1 -1 -1 -1 -1 1 -1 1 1 -1 1 1 1 1 1 1 1 1 1 1 1 1 1 -1 -1
1 1 1 1 1 1 1 -1 -1 1 1 1 1 1 1 1 1 -1 1 -1 1 1 1 1 1 -1 1 1 -1 -1 1 1 1 1 1
1 1 1 1 1 1 1 1 -1 1 1 1 -1 1 1 1 1 1 1 1 1 1 -1 1 1 1 -1 1 -1 1 1 1 -1 1 -1
1 1 -1 -1 1 1 1 1 -1 1 1 -1 1 1 1 1 1 1 -1 1 1 1 1 1 -1 1 -1 -1 15 -1 1 1 1 1 -1
1 1 -1 -1 1 1 1 1 1 1 1 1 1 1 1 -1 -1 1 1 -1 1 1 1 1 1 1 1 -1 -1 1 1 1 1 1 1
1 1 1 -1 1 -1 -1 -1 1 1 -1 1 1 1 1 -1 16 -1 -1 -1 1 1 1 -1 1 1 1 1 1 -1 1 -1 1 -1 1
1 1 -1 17 -1 1 1 -1 -1 -1 18 -1 -1 1 1 -1 1 1 -1 1 1 -1 -1 1 1 1 -1 1 1 1 1 1 1 1 1
-1 1 1 -1 -1 1 1 1 -1 1 -1 -1 19 -1 1 1 1 1 1 1 1 1 1 1 1 1 -1 -1 1 1 1 1 1 1 1
1 1 1 1 1 1 1 1 -1 1 1 1 1 -1 1 1 1 1 -1 1 -1 1 1 1 -1 1 1 -1 1 1 -1 1 1 1 1
1 1 1 1 -1 1 1 1 1 1 1 1 1 1 1 1 1 -1 20 -1 21 -1 1 1 -1 1 1 1 1 1 1 1 -1 1 1
-1 1 1 -1 1 1 -1 1 1 1 1 1 -1 -1 1 1 1 1 -1 1 1 1 1 -1 1 -1 -1 1 -1 1 1 1 1 1 1
-1 22 -1 -1 1 -1 23 -1 1 1 -1 -1 1 1 -1 1 1 1 -1 1 1 1 1 1 1 1 1 1 1 1 1 1 1 1 1
-1 22 22 22 -1 24 24 -1 1 1 1 1 1 1 -1 1 -1 1 1 1 -1 1 1 1 -1 -1 1 1 -1 1 1 -1 1 1 1
25 25 -1 26 -1 27 -1 1 1 1 1 -1 1 1 -1 1 1 1 1 -1 -1 -1 -1 1 1 1 1 -1 -1 -1 1 1 -1 -1 1
1 1 1 1 -1 1 1 1 1 1 1 1 1 -1 2 2 2 2 2 2 2 2 2 2 2 2 2 2 -1 3 3 3 3 3 3
1 1 1 1 1 1 1 -1 1 1 -1 -1 2 2 2 2 2 -1 2 -1 2 2 2 -1 -1 2 -1 2 2 -1 2 -1 2 -1 4
1 -1 -1 5 -1 -1 1 1 1 1 -1 -1 2 2 2 -1 2 2 2 2 2 -1 -1 -1 2 2 2 2 2 2 2 2 2 -1 -1
6 6 -1 -1 -1 7 -1 1 1 1 -1 -1 2 2 2 2 2 -1 2 2 2 2 2 2 -1 -1 2 -1 2 -1 2 2 2 2 -1
6 6 6 6 -1 2 2 2 -1 2 2 2 2 -1 2 2 2 -1 2 -1 2 2 -1 8 -1 -1 2 2 2 2 2 -1 2 2 -1
-1 6 6 -1 -1 2 2 2 -1 -1 -1 2 2 2 2 -1 9 9 -1 2 2 2 2 -1 2 2 2 2 -1 2 2 2 -1 -1 -1
10 10 -1 -1 2 2 2 -1 2 2 2 2 2 2 2 2 -1 2 2 2 -1 -1 2 2 2 2 2 2 -1 2 2 -1 11 -1 -1
-1 -1 2 2 2 2 2 2 2 2 -1 -1 2 2 2 2 2 2 -1 -1 -1 2 2 -1 2 2 2 2 -1 2 2 2 -1 -1 12
-1 2 2 2 2 -1 2 2 2 2 2 2 2 2 2 2 2 2 2 -1 2 2 2 2 2 2 2 2 2 -1 2 -1 -1 12 12
13 -1 -1 2 2 -1 2 2 2 -1 -1 -1 2 2 -1 2 -1 2 2 2 -1 -1 2 -1 -1 2 2 2 -1 2 2 2 -1 -1 14
-1 2 2 2 -1 -1 -1 2 2 -1 15 -1 2 2 2 2 2 2 -1 2 2 2 2 2 2 -1 2 2 -1 2 2 -1 14 14 14
2 2 -1 -1 2 -1 -1 -1 2 2 2 2 2 2 -1 2 2 2 2 2 2 2 -1 -1 2 2 -1 2 2 2 -1 2 2 -1 16
2 2 2 2 2 2 2 2 -1 2 2 2 2 -1 -1 2 2 2 2 -1 2 -1 -1 2 2 2 2 2 -1 -1 -1 2 2 -1 16
-1 -1 2 2 -1 2 2 2 2 2 2 -1 2 -1 2 2 2 2 -1 2 2 2 2 2 2 2 -1 -1 -1 2 2 2 2 2 2
-1 17 -1 2 2 2 2 2 2 2 2 2 2 -1 2 -1 -1 2 2 -1 2 2 2 2 -1 2 2 2 2 2 2 2 2 -1 2
2 -1 2 2 2 2 2 2 2 2 2 -1 18 18 18 18 -1 2 2 2 2 2 2 2 2 2 2 2 2 2 2 2 2 2 2
2 2 -1 2 2 -1 -1 -1 -1 19 -1 -1 18 -1 -1 -1 20 -1 2 2 2 2 2 2 2 2 -1 2 2 2 2 2 2 2 -1
2 2 2 2 -1 21 -1 19 19 19 19 19 -1 22 -1 2 2 2 2 2 2 -1 2 2 -1 2 -1 2 2 2 2 2 2 2 2
2 2 2 2 2 -1 2 2 -1 -1 -1 2 2 2 2 2 2 -1 2 2 2 2 2 2 2 -1 -1 -1 -1 2 2 2 2 2 2
2 2 2 2 2 -1 2 2 2 2 2 -1 2 2 -1 2 2 2 2 2 -1 2 2 -1 2 2 2 2 2 2 2 2 2 2 2
2 2 -1 2 -1 -1 -1 -1 2 2 2 2 2 2 2 2 2 2 2 2 2 -1 2 2 2 -1 2 2 2 2 2 -1 -1 2 2
-1 2 2 2 -1 2 2 2 2 -1 -1 2 2 2 2 2 2 2 2 2 2 -1 -1 2 2 2 2 2 2 -1 2 2 -1 2 -1
2 2 2 -1 2 2 2 2 2 -1 2 2 2 2 -1 2 2 -1 2 2 -1 2 2 -1 2 2 2 2 2 2 2 2 2 2 2
2 2 2 2 2 2 2 2 -1 2 2 2 2 2 2 2 2 2 2 -1 2 2 2 2 2 2 2 2 2 2 -1 2 2 -1 -1
2 2 2 2 2 2 2 2 2 2 2 2 2 2 2 2 2 2 2 2 2 2 2 2 2 2 2 2 -1 2 -1 23 -1 24 24
2 2 2 2 2 2 -1 -1 -1 -1 2 2 2 -1 2 2 -1 2 2 2 2 2 2 2 2 2 -1 2 2 2 -1 -1 2 -1 -1
2 2 2 -1 2 2 2 2 -1 2 2 2 2 -1 2 2 2 2 -1 2 2 2 2 2 2 -1 2 2 2 2 2 2 2 -1 25
-1 2 2 2 2 2 2 2 2 -1 -1 -1 2 2 -1 2 2 2 2 2 2 2 2 2 2 2 -1 2 -1 2 2 -1 -1 26 -1
27 -1 2 2 2 2 -1 2 2 2 2 -1 2 2 2 2 2 2 -1 2 2 2 2 2 -1 -1 -1 2 2 -1 2 2 -1 2 2
-1 28 -1 2 -1 2 2 2 2 2 2 2 2 2 -1 2 2 2 2 -1 2 2 2 2 -1 2 2 2 2 2 2 2 2 2 2
29 29 29 -1 30 -1 2 2 2 2 2 -1 2 2 2 -1 2 2 2 2 2 -1 2 2 2 2 -1 2 2 -1 -1 2 2 2 2
-1 -1 -1 31 -1 -1 2 2 2 -1 2 2 2 2 2 2 -1 2 2 2 -1 32 32 -1 -1 2 2 2 2 2 2 2 2 2 -1
33 33 33 -1 34 34 -1 -1 2 -1 -1 -1 -1 2 2 2 2 2 2 -1 35 -1 32 32 32 -1 -1 2 2 2 2 2 2 -1 -1
-1 -1 36 -1 2 -1 2 2 2 -1 2 2 2 2 -1 -1 -1 2 2 2 -1 2 2 -1 2 2 2 -1 -1 -1 -1 2 -1 37 37
36 36 36 -1 2 2 2 2 2 2 2 2 2 2 -1 38 -1 2 2 2 2 2 2 2 2 2 2 -1 -1 37 37 37 37 37 37
1 -1 2 2 -1 -1 3 3 3 3 3 3 3 3 -1 4 4 4 -1 4 4 4 4 4 4 4 4 4 -1 -1 5 5 5 -1 6
-1 -1 4 -1 4 4 4 -1 4 -1 -1 -1 7 -1 4 4 4 4 4 4 4 4 4 4 4 4 4 4 -1 5 5 5 -1 -1 8
-1 4 4 4 4 4 4 4 4 4 -1 4 -1 4 4 4 4 -1 4 4 4 4 4 -1 4 4 4 -1 4 4 -1 8 8 8 8
4 4 4 -1 4 4 -1 4 4 4 4 4 4 -1 4 4 4 4 4 4 4 4 4 4 4 4 4 -1 4 4 4 -1 -1 8 8
4 -1 4 4 4 4 4 4 4 4 -1 4 4 4 4 4 4 4 4 4 -1 4 4 4 4 4 4 4 4 4 4 4 -1 8 8
9 9 9 -1 4 4 4 4 -1 -1 4 4 4 -1 10 -1 4 4 4 4 -1 -1 -1 4 4 4 4 4 4 4 4 -1 4 -1 -1
9 9 -1 -1 -1 4 4 4 4 4 4 4 -1 11 -1 4 -1 4 4 4 4 4 4 4 4 -1 4 4 4 4 4 4 4 4 4
9 9 9 9 -1 4 4 4 -1 4 4 4 4 -1 4 4 4 4 4 -1 4 4 -1 4 4 4 -1 4 -1 -1 -1 4 -1 4 4
9 9 -1 9 9 -1 4 4 4 4 -1 4 4 -1 4 -1 -1 4 4 4 -1 12 -1 13 -1 9 9 9 9 9 9 -1 4 4 4
9 9 -1 9 9 -1 4 4 -1 -1 4 4 4 4 4 -1 12 -1 12 -1 -1 12 12 -1 9 9 9 9 9 9 9 9 9 -1 -1
9 9 9 9 9 -1 4 4 -1 4 4 4 4 4 -1 12 12 12 12 12 -1 12 12 -1 9 -1 -1 9 -1 9 9 9 -1 14 -1
9 9 9 9 -1 15 -1 -1 -1 4 4 -1 16 -1 -1 12 -1 12 -1 12 12 12 -1 17 17 -1 9 9 9 9 -1 9 -1 14 14
9 9 -1 9 9 9 9 9 9 9 -1 9 -1 18 -1 9 9 -1 9 9 -1 9 9 9 -1 -1 9 9 9 9 -1 19 -1 14 14
9 9 9 9 9 9 -1 9 9 9 9 9 9 -1 -1 9 9 9 -1 9 9 -1 9 9 9 9 9 -1 9 9 -1 19 19 -1 19
9 9 9 9 -1 -1 9 9 -1 9 9 9 9 9 9 9 9 -1 20 -1 9 9 9 9 -1 9 9 9 9 -1 19 19 19 19 19
-1 -1 21 -1 -1 -1 9 9 9 9 9 9 9 9 9 9 9 -1 9 9 -1 9 9 9 9 9 9 9 9 9 9 -1 22 -1 23
21 21 21 21 -1 -1 9 9 9 9 9 9 9 -1 9 9 -1 9 9 9 9 9 9 9 9 9 -1 9 9 9 -1 22 22 -1 -1
9 -1 21 21 -1 -1 -1 9 -1 9 9 9 9 -1 -1 9 9 9 9 9 9 9 9 9 -1 9 9 -1 9 9 -1 22 22 22 22
9 9 -1 9 9 9 9 9 9 9 -1 -1 9 9 9 9 9 9 9 9 9 -1 -1 9 9 9 9 9 9 -1 22 22 -1 22 22
-1 9 9 9 -1 -1 -1 9 9 9 9 9 9 9 9 9 9 9 9 9 9 9 9 -1 9 9 -1 9 9 9 -1 22 22 22 22
-1 9 9 -1 9 9 -1 9 -1 -1 9 9 -1 9 -1 9 9 9 9 9 9 9 9 -1 9 -1 9 9 9 9 9 -1 22 22 22
9 9 9 9 9 9 -1 9 9 9 9 9 9 9 9 9 9 9 9 9 9 9 -1 9 9 9 -1 9 9 -1 -1 -1 9 -1 9
9 9 9 9 9 9 9 9 9 9 9 9 9 -1 9 9 9 -1 -1 9 9 9 9 9 9 9 9 9 9 9 9 -1 9 9 9
9 9 9 9 -1 9 9 9 -1 -1 -1 9 -1 24 -1 9 9 9 -1 9 9 9 9 -1 9 9 9 9 9 9 9 9 9 9 9
9 9 9 9 9 9 -1 -1 -1 9 9 9 9 9 9 9 9 9 9 9 9 -1 -1 9 9 -1 9 9 9 9 9 9 9 -1 9
-1 9 9 9 9 9 9 -1 -1 9 -1 9 -1 9 9 -1 9 9 9 9 -1 9 9 9 9 9 9 9 -1 9 9 9 9 9 9
9 9 9 9 -1 9 9 9 9 -1 25 25 25 -1 9 9 9 9 9 9 9 9 9 9 -1 9 9 9 9 9 9 9 9 -1 9
9 9 9 9 9 9 9 9 -1 -1 9 -1 9 9 9 9 9 -1 9 -1 9 9 9 9 -1 -1 -1 9 9 9 9 9 9 9 -1
9 9 9 9 -1 9 9 9 -1 -1 9 9 9 9 9 -1 9 9 9 9 9 -1 9 9 9 9 9 9 9 9 9 -1 9 9 -1
9 9 9 -1 -1 -1 9 9 9 -1 9 9 9 -1 9 9 9 -1 9 -1 26 -1 -1 9 -1 9 -1 9 9 9 9 9 9 9 9
9 9 9 9 9 9 9 -1 9 9 9 -1 9 9 -1 9 9 9 9 9 -1 27 27 27 -1 9 9 -1 -1 9 9 -1 9 9 9
9 9 -1 9 9 9 9 9 9 9 9 9 9 9 -1 -1 9 9 9 9 -1 27 -1 -1 9 9 -1 9 9 9 9 9 -1 -1 28
9 9 9 9 9 9 9 -1 9 9 -1 -1 9 9 9 9 -1 9 9 9 9 9 9 9 9 9 9 -1 9 -1 9 9 9 -1 -1
9 9 9 -1 29 -1 29 29 -1 9 9 -1 9 9 -1 9 9 9 9 9 9 9 9 9 9 9 9 9 -1 -1 9 9 -1 30 -1
9 9 9 -1 29 29 29 29 -1 -1 9 9 9 -1 31 -1 9 9 9 9 9 -1 9 9 9 9 9 -1 -1 -1 9 9 9 9 9
1 1 1 1 1 1 1 1 1 -1 -1 2 2 2 2 -1 2 2 2 2 2 -1 2 2 2 2 2 2 -1 2 2 2 -1 2 2
1 1 -1 1 -1 1 1 -1 -1 2 2 2 2 2 2 2 2 2 2 2 2 2 -1 2 2 2 2 2 2 -1 -1 2 2 2 -1
-1 2 2 2 2 2 -1 2 -1 2 2 2 2 2 -1 2 2 2 2 2 2 2 2 2 2 -1 2 2 2 2 -1 -1 2 2 2
2 2 2 2 2 2 -1 2 2 2 2 2 -1 2 -1 2 2 2 2 2 2 2 2 2 -1 2 2 2 2 2 2 2 2 2 2
2 2 -1 -1 2 2 -1 -1 2 2 2 2 -1 -1 2 2 2 -1 -1 2 2 2 2 2 2 2 2 2 -1 2 2 2 2 -1 -1
2 2 2 2 2 2 -1 3 -1 -1 2 2 -1 2 2 -1 2 2 2 2 -1 2 2 2 -1 2 2 2 2 2 -1 2 2 -1 4
2 2 -1 2 2 -1 5 5 5 -1 -1 2 2 2 2 2 -1 2 2 2 2 2 -1 2 -1 2 -1 2 2 2 2 2 2 -1 4
2 2 2 2 2 -1 5 5 5 -1 -1 2 2 2 2 2 2 2 2 -1 2 2 -1 2 2 2 -1 2 -1 2 2 -1 -1 2 2
2 2 2 2 -1 -1 -1 2 -1 6 6 -1 -1 2 -1 2 2 2 2 2 2 2 2 2 2 2 2 2 2 2 2 -1 2 2 2
2 2 2 2 2 -1 2 2 2 -1 2 2 -1 2 2 -1 2 2 -1 -1 2 2 -1 2 2 -1 -1 2 2 -1 2 2 2 2 2
2 2 2 2 2 2 -1 2 2 2 2 2 2 2 2 2 2 2 2 2 2 2 2 2 2 2 2 2 -1 2 2 2 2 -1 2
-1 -1 -1 2 -1 2 2 2 2 2 -1 2 -1 2 -1 2 2 2 2 2 2 -1 2 2 -1 -1 2 2 2 2 -1 2 2 2 2
2 2 -1 2 2 2 2 2 2 -1 2 2 2 2 -1 2 2 -1 -1 2 -1 2 2 2 2 2 -1 2 2 2 -1 2 2 -1 2
2 2 2 2 2 2 2 2 2 2 2 2 -1 -1 -1 2 2 2 -1 2 2 -1 2 2 2 2 2 2 2 2 2 2 2 2 2
-1 7 -1 2 2 2 2 2 2 2 2 -1 8 -1 2 2 2 2 -1 2 2 2 2 2 2 2 2 2 -1 2 2 -1 2 2 -1
9 -1 2 2 2 2 2 2 2 2 2 2 2 2 2 -1 -1 2 2 2 2 2 2 2 2 2 2 -1 2 2 2 2 2 2 -1
-1 2 2 2 2 -1 -1 10 -1 2 2 2 -1 2 2 2 2 -1 2 2 2 2 2 2 2 2 -1 2 2 2 -1 2 2 -1 -1
2 2 2 2 -1 11 11 -1 2 2 2 2 2 2 -1 2 2 -1 2 2 2 2 2 -1 2 -1 2 2 2 -1 -1 2 2 2 2
-1 -1 -1 -1 -1 12 -1 2 2 -1 -1 2 2 2 2 -1 2 2 2 2 -1 2 2 2 2 2 2 2 2 2 2 -1 2 2 -1
-1 13 13 13 13 -1 2 2 2 2 2 -1 2 -1 14 14 -1 2 2 2 2 2 2 2 -1 -1 2 2 2 2 2 2 2 -1 2
15 -1 13 13 13 -1 -1 2 2 2 2 2 2 -1 -1 -1 2 2 2 2 2 2 2 2 -1 -1 -1 2 2 2 2 -1 2 2 2
2 2 2 -1 2 2 2 2 2 2 2 2 -1 2 2 2 2 2 2 2 2 2 -1 2 2 2 2 2 2 2 2 2 2 2 2
2 2 2 -1 2 2 2 2 -1 -1 -1 -1 2 2 2 2 -1 -1 2 -1 2 2 2 2 2 2 2 -1 2 2 -1 2 2 2 2
-1 2 2 -1 -1 2 2 -1 -1 2 2 2 2 2 2 2 -1 -1 -1 2 2 2 2 -1 2 2 2 2 -1 -1 -1 2 2 -1 16
-1 -1 2 2 -1 17 -1 2 2 -1 2 2 -1 -1 2 -1 18 -1 2 2 2 2 -1 2 -1 2 2 2 2 -1 19 -1 2 -1 16
2 2 2 2 2 -1 2 2 2 -1 2 2 2 2 2 2 2 2 2 -1 2 2 2 2 2 2 2 2 2 2 2 2 -1 20 20
2 2 2 2 2 2 2 2 2 2 2 2 2 2 2 -1 -1 2 2 -1 2 2 -1 2 2 2 -1 -1 2 -1 2 2 -1 -1 20
2 2 2 2 2 -1 -1 -1 2 -1 2 -1 2 2 2 2 -1 2 2 2 2 2 2 2 -1 2 -1 2 2 2 2 2 2 -1 21
2 2 -1 2 2 2 -1 2 2 2 2 2 2 2 2 2 -1 2 2 2 2 2 -1 -1 22 22 22 -1 2 2 2 2 -1 -1 21
2 2 2 -1 2 -1 -1 2 2 2 2 -1 2 2 2 2 2 -1 -1 2 2 -1 2 2 2 -1 2 2 2 2 2 2 2 2 2
-1 -1 2 2 2 2 2 2 2 2 2 -1 2 2 2 2 2 -1 2 2 2 2 2 2 2 2 2 2 -1 2 2 2 2 2 2
2 -1 2 2 -1 2 2 -1 -1 -1 2 2 2 -1 2 2 2 2 2 -1 2 2 2 -1 -1 2 2 2 -1 -1 -1 -1 2 2 2
2 2 -1 2 2 2 2 -1 2 2 2 -1 2 2 -1 2 2 2 2 2 -1 -1 2 2 2 -1 2 2 -1 -1 2 2 2 2 -1
2 2 2 2 2 -1 2 2 2 2 2 2 -1 2 2 2 2 2 2 2 2 -1 2 2 2 2 2 2 -1 2 2 2 2 -1 23
2 -1 -1 24 -1 -1 2 2 2 2 2 2 -1 2 2 2 2 -1 -1 25 -1 2 2 2 2 -1 -1 -1 -1 2 2 -1 2 -1 23
1 1 -1 2 2 2 2 2 2 -1 -1 3 -1 3 3 3 -1 3 -1 -1 3 3 -1 3 3 3 3 3 3 3 3 3 3 3 3
1 1 -1 2 2 -1 2 -1 -1 3 3 3 3 3 -1 3 3 3 3 -1 3 3 3 3 -1 3 3 3 3 3 3 -1 3 3 3
-1 2 2 2 2 2 2 -1 3 3 3 3 3 3 3 -1 3 -1 3 3 -1 -1 -1 3 3 3 3 3 -1 -1 3 3 3 3 3
-1 -1 2 2 2 2 2 -1 3 3 3 3 3 3 3 3 3 3 3 3 -1 -1 3 3 3 3 3 3 3 3 -1 3 3 3 -1
4 -1 -1 2 2 2 2 2 -1 3 3 3 3 3 3 3 3 3 3 3 3 3 3 -1 3 -1 3 -1 3 -1 3 3 3 3 3
2 2 2 2 2 2 2 2 -1 -1 -1 3 -1 3 3 3 3 -1 3 3 3 3 3 3 -1 3 3 3 3 3 -1 3 3 -1 3
2 -1 -1 2 2 -1 -1 3 3 3 3 3 3 3 -1 5 -1 3 3 -1 3 3 3 3 -1 3 -1 3 3 -1 3 3 3 3 3
6 -1 -1 2 2 -1 -1 3 -1 3 3 3 -1 3 3 -1 3 3 3 3 3 3 3 3 3 3 3 3 -1 3 3 3 3 -1 -1
6 6 6 -1 2 -1 7 -1 3 3 3 3 3 -1 3 3 3 -1 3 3 3 3 -1 3 3 -1 3 3 3 3 3 3 -1 -1 8
-1 6 6 6 6 -1 6 6 -1 -1 9 -1 10 10 -1 3 3 3 3 3 3 3 3 3 3 3 3 3 3 3 3 3 3 3 3
6 6 6 6 6 6 6 6 -1 -1 9 9 -1 9 9 -1 3 -1 3 3 3 3 3 3 3 3 3 -1 -1 3 3 -1 3 3 3
6 6 6 6 6 6 6 6 6 -1 -1 9 9 9 -1 6 6 6 -1 -1 3 3 3 3 3 3 3 -1 3 3 -1 3 3 3 -1
-1 -1 6 6 6 6 -1 6 6 6 6 -1 -1 11 -1 6 6 6 -1 3 3 -1 3 3 3 -1 3 3 -1 -1 -1 3 3 3 3
-1 12 -1 6 -1 -1 6 6 -1 -1 -1 -1 6 -1 6 6 6 6 -1 -1 13 -1 14 -1 14 -1 -1 3 3 -1 3 -1 -1 3 3
6 6 6 6 6 6 6 -1 6 6 6 6 6 6 6 6 6 -1 13 13 13 -1 14 14 14 14 -1 3 3 3 3 3 -1 -1 3
-1 6 6 6 -1 6 6 6 6 6 -1 6 6 6 6 6 6 -1 6 -1 6 -1 -1 14 -1 -1 -1 3 3 3 3 3 3 3 3
15 -1 -1 16 -1 6 6 6 6 6 6 6 6 6 6 -1 6 6 6 6 6 -1 -1 3 3 3 -1 3 3 3 3 -1 -1 3 -1
-1 6 6 -1 6 6 6 6 6 -1 6 6 6 6 -1 -1 6 6 6 -1 -1 3 3 3 3 3 3 3 -1 3 3 3 3 3 3
6 6 6 6 6 -1 6 6 6 6 6 6 6 6 6 6 6 6 6 -1 17 -1 3 3 3 3 3 3 3 3 3 3 3 3 3
18 -1 -1 6 6 -1 6 6 -1 6 -1 6 6 -1 6 6 6 6 6 -1 3 3 3 3 -1 -1 3 -1 3 3 3 3 3 -1 3
18 -1 6 6 6 6 -1 6 -1 6 6 6 6 6 -1 6 6 -1 -1 -1 3 3 3 -1 3 3 3 -1 -1 -1 3 3 -1 3 3
6 6 6 6 6 -1 6 6 -1 6 -1 -1 19 -1 6 6 -1 -1 6 -1 -1 3 3 3 3 3 3 3 3 3 3 3 -1 3 3
-1 -1 6 6 6 6 6 -1 20 20 20 20 -1 6 6 6 6 6 6 6 6 6 -1 21 -1 -1 3 3 3 3 3 3 3 3 3
6 -1 6 -1 -1 6 -1 22 -1 20 20 20 -1 6 6 -1 -1 -1 -1 -1 6 6 6 -1 3 3 -1 3 3 3 3 3 3 3 3
6 6 6 -1 -1 -1 23 -1 24 -1 -1 6 6 6 -1 25 25 -1 6 6 -1 6 6 -1 3 3 -1 -1 3 3 3 3 3 -1 -1
6 6 6 6 6 6 6 6 6 6 6 6 6 6 -1 -1 6 6 6 6 6 6 6 6 -1 3 3 3 3 -1 -1 3 3 3 3
6 -1 6 6 6 6 -1 -1 6 6 6 6 -1 6 6 6 6 -1 6 6 -1 26 -1 -1 -1 3 3 -1 3 3 3 3 3 -1 3
-1 -1 6 6 6 -1 -1 6 6 6 6 -1 -1 6 6 6 6 6 -1 6 -1 -1 -1 27 -1 3 -1 28 28 -1 29 -1 29 29 29
30 -1 -1 -1 6 6 6 6 -1 -1 6 6 6 6 6 6 6 -1 31 31 31 31 31 -1 -1 -1 28 28 28 -1 29 29 29 29 29
6 6 6 6 6 -1 -1 -1 6 6 6 6 6 -1 6 6 -1 31 31 31 -1 -1 6 6 6 6 6 -1 -1 29 29 29 -1 29 29
6 -1 6 6 6 6 6 6 6 -1 6 6 6 -1 6 6 6 6 -1 -1 6 6 6 6 -1 6 6 6 -1 -1 -1 32 32 32 -1
6 6 6 6 6 6 6 6 6 6 6 6 -1 6 6 6 -1 6 6 6 6 6 6 -1 6 -1 -1 6 6 6 -1 32 32 32 32
6 -1 6 6 6 6 6 6 6 -1 6 6 -1 6 6 -1 33 -1 6 6 6 6 -1 6 6 6 -1 34 -1 -1 32 32 32 32 32
35 35 -1 6 6 -1 6 6 6 -1 6 6 6 6 6 6 6 -1 6 6 6 6 6 6 6 6 6 -1 32 32 32 32 32 32 32
-1 6 6 6 6 6 6 6 6 6 6 6 6 6 6 6 -1 36 -1 6 6 -1 6 6 6 -1 -1 -1 -1 -1 -1 37 -1 32 32
1 -1 2 2 2 2 2 -1 2 2 -1 2 2 2 2 2 -1 -1 3 -1 2 2 2 -1 -1 -1 2 2 2 2 2 -1 4 4 -1
5 -1 2 -1 2 2 2 -1 2 2 2 2 2 2 -1 2 2 -1 2 2 -1 2 2 -1 2 2 2 2 2 -1 4 4 4 4 4
5 -1 2 2 2 2 2 -1 2 -1 2 2 2 2 2 2 2 2 2 -1 -1 2 2 2 -1 2 2 2 2 -1 4 4 4 4 4
6 6 -1 2 2 2 2 -1 -1 7 7 -1 2 2 2 2 -1 2 2 -1 8 -1 2 2 2 2 -1 2 2 2 -1 -1 4 4 4
6 6 -1 2 2 2 2 2 2 2 -1 2 2 2 2 2 2 2 -1 9 -1 -1 2 2 2 2 -1 -1 -1 -1 4 4 4 4 4
2 -1 -1 2 -1 -1 2 2 -1 2 2 2 -1 2 2 2 2 2 2 -1 2 2 2 2 2 -1 2 2 2 -1 4 4 4 -1 10
2 2 -1 2 2 -1 -1 2 -1 -1 2 2 2 -1 2 2 -1 -1 2 -1 2 -1 2 2 -1 2 2 2 2 -1 -1 10 -1 10 10
2 2 -1 2 2 2 2 2 2 2 2 2 -1 2 2 2 2 -1 -1 11 11 -1 2 2 2 2 2 2 -1 10 10 10 10 10 10
2 2 2 2 2 -1 2 -1 -1 2 2 2 2 2 2 -1 2 2 2 -1 -1 2 2 2 2 2 2 -1 2 2 -1 10 10 10 10
2 2 2 2 2 -1 2 2 2 -1 2 2 2 2 2 2 2 2 2 2 2 2 2 2 -1 2 2 -1 2 2 -1 10 10 10 10
2 -1 2 2 2 2 2 -1 2 2 2 2 2 2 2 2 2 -1 2 -1 2 -1 2 2 -1 2 2 2 2 -1 2 2 -1 12 -1
2 2 2 -1 2 -1 2 2 2 2 2 2 -1 2 -1 -1 -1 13 13 13 -1 2 2 2 2 2 2 2 2 2 -1 2 2 -1 2
2 2 2 2 2 2 2 2 2 2 2 -1 2 2 2 2 -1 13 13 -1 2 2 2 2 -1 2 -1 2 2 2 -1 -1 2 2 2
14 -1 2 2 2 2 -1 2 2 2 2 2 2 2 2 2 2 -1 -1 2 2 -1 2 2 2 2 2 2 2 -1 2 2 -1 2 2
-1 2 2 2 -1 15 15 15 -1 15 -1 2 2 -1 -1 2 -1 2 2 2 2 2 -1 2 2 -1 -1 -1 2 -1 2 2 2 2 2
2 2 -1 2 2 -1 15 15 15 15 -1 2 2 2 2 2 -1 2 2 2 2 2 2 2 2 -1 -1 2 2 2 2 2 2 -1 2
2 2 2 2 2 2 -1 2 -1 2 2 2 2 2 2 2 -1 2 2 2 2 2 2 2 2 2 2 -1 2 2 2 -1 2 2 2
2 2 2 2 2 2 2 2 -1 2 2 2 2 2 -1 -1 2 -1 16 -1 -1 2 -1 2 2 2 -1 17 -1 2 2 -1 2 2 -1
2 2 2 2 2 2 -1 2 2 2 2 -1 2 2 2 2 2 2 -1 2 2 2 2 2 2 2 2 2 -1 2 -1 2 2 -1 18
2 2 2 2 -1 2 2 2 -1 -1 -1 2 2 2 2 2 2 -1 2 2 -1 2 2 2 -1 2 2 2 -1 2 2 2 2 2 2
-1 -1 -1 -1 19 -1 -1 2 2 2 2 -1 2 2 -1 2 2 -1 2 2 -1 2 2 2 -1 2 2 2 2 2 2 2 2 2 2
20 20 20 20 -1 2 2 -1 2 2 2 2 2 2 -1 -1 2 -1 2 2 -1 -1 2 2 2 -1 -1 2 2 2 -1 2 2 2 2
20 20 20 -1 21 -1 2 2 2 2 2 2 2 2 -1 2 2 2 -1 2 2 2 2 -1 2 2 2 2 -1 -1 2 2 2 2 -1
20 20 -1 -1 -1 2 2 2 -1 -1 22 -1 23 -1 2 2 2 -1 2 2 2 -1 -1 24 -1 2 2 2 -1 25 -1 2 2 2 2
20 -1 2 2 2 2 2 2 2 2 -1 26 -1 2 2 2 2 2 -1 2 2 2 2 2 2 -1 2 2 2 2 2 2 -1 2 2
-1 27 -1 -1 2 2 2 2 2 2 2 -1 2 2 2 2 2 2 2 2 2 2 2 2 -1 28 28 -1 2 2 2 -1 2 2 2
29 -1 2 2 2 2 2 -1 2 -1 2 2 2 2 2 2 2 -1 2 2 2 2 2 2 2 -1 -1 2 2 2 -1 -1 2 -1 2
30 30 -1 2 2 2 -1 2 2 2 2 -1 2 2 2 2 2 -1 2 2 2 2 -1 2 2 2 -1 -1 2 -1 2 2 2 2 2
-1 2 2 2 2 -1 2 2 2 2 2 2 -1 -1 2 2 -1 -1 -1 2 -1 2 2 -1 2 2 2 2 2 2 2 2 -1 -1 2
2 2 2 2 2 2 2 2 -1 2 2 2 2 2 2 2 2 2 2 2 2 2 2 2 2 2 -1 2 2 2 2 2 2 2 2
2 2 2 -1 2 2 2 2 2 -1 -1 2 2 2 2 2 2 2 2 2 2 2 2 2 2 -1 -1 2 2 2 2 -1 -1 2 -1
31 -1 32 32 -1 2 -1 -1 2 2 2 -1 2 2 2 2 2 2 -1 2 2 2 -1 -1 -1 -1 2 2 2 2 2 2 -1 2 2
31 -1 32 32 32 -1 2 2 2 2 2 2 2 2 2 2 2 -1 33 -1 2 -1 -1 2 2 2 2 2 -1 -1 -1 2 2 2 2
34 -1 32 32 -1 -1 -1 2 -1 2 2 2 2 -1 2 2 2 2 2 -1 2 2 2 2 2 -1 2 2 2 2 -1 2 2 -1 35
34 -1 32 32 32 32 -1 2 2 2 2 2 2 -1 2 -1 2 2 2 -1 2 2 -1 2 2 -1 2 -1 2 2 2 2 2 -1 35
1 1 -1 1 1 1 1 -1 2 2 -1 3 3 3 -1 1 1 1 1 1 1 1 -1 -1 1 1 1 1 1 -1 1 1 1 1 1
1 1 1 1 1 1 -1 4 4 -1 3 3 -1 -1 1 -1 1 1 1 1 1 1 1 1 1 1 -1 -1 -1 1 1 1 -1 1 -1
1 1 1 1 -1 -1 5 5 -1 3 3 3 -1 1 1 1 1 1 1 -1 -1 1 1 1 1 -1 1 1 1 1 1 1 1 1 -1
1 1 1 1 1 -1 5 5 -1 -1 6 -1 1 1 1 1 -1 -1 -1 1 1 1 -1 1 1 -1 1 1 -1 1 1 1 -1 1 1
1 -1 1 1 -1 -1 5 -1 6 6 6 6 -1 -1 -1 1 -1 1 1 -1 1 1 -1 -1 1 1 1 -1 7 -1 1 -1 -1 1 1
1 1 1 1 1 1 1 1 -1 6 6 6 -1 1 1 1 1 1 1 1 1 1 1 -1 1 1 1 1 1 -1 1 -1 1 -1 8
1 -1 -1 1 1 -1 1 1 -1 6 6 -1 -1 9 -1 1 1 -1 1 1 1 1 1 1 -1 1 1 1 1 1 1 1 1 -1 -1
1 1 1 1 1 1 -1 -1 -1 -1 10 -1 11 -1 1 1 1 -1 1 1 -1 1 1 -1 1 1 1 1 -1 -1 12 -1 12 12 12
1 -1 1 1 1 1 -1 13 13 13 -1 1 -1 -1 -1 1 1 1 1 1 1 1 -1 1 1 1 1 1 -1 12 12 12 12 -1 12
1 1 1 1 1 1 -1 13 13 -1 -1 1 1 1 1 1 -1 1 1 1 1 1 1 1 1 1 -1 1 -1 12 12 -1 12 12 12
1 -1 -1 1 1 -1 -1 -1 -1 1 1 1 -1 1 1 1 1 1 -1 1 1 1 1 1 1 1 -1 12 12 12 12 12 12 12 12
-1 1 1 1 1 1 1 -1 -1 1 1 1 1 1 -1 1 1 1 1 1 1 1 1 1 -1 1 -1 12 12 -1 12 12 -1 12 12
1 1 1 -1 1 1 1 1 1 -1 -1 14 -1 1 1 1 -1 1 1 1 1 1 1 1 1 1 1 -1 12 12 -1 15 -1 -1 12
1 1 1 1 1 1 1 -1 1 1 -1 14 -1 1 1 1 1 1 -1 -1 -1 1 1 1 1 1 1 1 -1 -1 15 15 15 15 15
1 1 1 1 1 1 1 1 1 1 -1 1 1 1 1 -1 1 1 1 1 1 -1 1 1 1 1 -1 1 1 1 -1 -1 15 15 -1
-1 1 -1 -1 -1 1 1 1 1 1 1 -1 1 1 1 -1 1 -1 1 1 1 1 1 1 -1 -1 1 1 1 1 -1 -1 15 15 -1
16 16 16 16 -1 1 1 1 1 1 1 1 -1 1 -1 1 1 1 1 1 1 -1 1 1 1 1 1 1 -1 1 1 1 -1 1 1
16 16 16 16 16 -1 1 1 1 1 1 1 1 1 -1 1 1 1 1 -1 1 1 1 1 1 1 1 -1 1 1 1 -1 -1 1 1
16 -1 16 -1 -1 1 1 1 1 1 1 1 1 -1 1 1 1 1 1 1 -1 1 -1 -1 1 1 1 1 1 1 -1 1 1 1 1
1 1 1 1 1 1 1 1 -1 1 1 1 1 1 -1 -1 -1 -1 1 1 1 1 1 1 -1 1 1 1 1 1 1 1 1 1 1
1 1 1 1 1 1 -1 1 1 -1 1 -1 -1 -1 -1 -1 1 1 1 1 1 -1 1 -1 1 1 1 1 1 1 1 1 1 1 1
1 1 -1 1 1 1 -1 1 1 -1 17 17 -1 1 1 1 1 1 1 1 -1 1 1 1 1 1 1 1 1 1 1 -1 1 1 1
1 1 1 1 -1 -1 -1 1 1 1 -1 18 18 18 -1 1 1 1 1 1 -1 1 1 1 1 1 -1 -1 1 1 -1 1 1 1 -1
1 1 -1 1 1 1 -1 1 -1 1 1 -1 1 -1 1 1 1 -1 1 1 -1 1 1 1 -1 1 1 -1 1 -1 1 1 1 1 1
1 1 1 1 1 1 1 1 1 1 1 1 1 1 1 1 -1 1 1 1 1 1 1 1 1 1 1 1 1 -1 1 1 1 1 1
1 1 1 1 1 1 -1 1 1 1 1 -1 1 1 -1 -1 -1 1 1 -1 1 1 1 1 1 -1 -1 1 1 1 1 1 1 -1 -1
1 1 1 1 1 1 1 1 -1 1 -1 1 1 -1 1 1 1 1 1 -1 1 -1 1 1 1 1 1 1 1 1 1 1 -1 -1 19
1 -1 1 1 -1 1 1 1 1 1 -1 -1 1 -1 -1 1 -1 1 1 1 -1 1 1 1 1 1 -1 1 -1 1 1 1 -1 20 -1
1 1 1 1 1 1 1 1 -1 -1 1 1 1 1 1 1 1 1 1 -1 21 -1 1 1 1 1 -1 -1 -1 1 1 -1 1 1 1
1 1 1 1 1 1 1 1 1 -1 -1 1 1 -1 -1 -1 1 1 1 1 1 1 1 1 1 1 1 1 1 1 1 1 -1 1 1
1 1 1 1 1 -1 -1 1 1 1 1 1 1 1 1 1 1 -1 1 1 1 1 1 1 1 -1 1 1 1 1 1 1 1 1 1
1 1 -1 -1 1 1 1 1 1 1 -1 -1 22 -1 1 1 1 1 1 1 1 1 1 -1 23 23 -1 1 -1 1 1 -1 24 -1 -1
1 -1 1 1 1 1 -1 22 -1 22 22 22 22 22 -1 -1 1 -1 1 1 1 1 -1 25 -1 -1 26 -1 27 27 -1 -1 -1 28 28
29 29 -1 -1 30 -1 -1 22 22 22 22 -1 22 -1 22 -1 -1 22 22 -1 31 -1 32 -1 33 33 33 -1 27 27 27 27 -1 28 28
29 29 -1 34 -1 35 35 35 -1 22 22 22 22 22 22 22 22 22 22 22 -1 -1 -1 33 33 -1 33 -1 27 -1 -1 -1 28 28 28
1 1 1 1 1 -1 2 -1 1 1 -1 1 1 1 1 -1 1 1 1 1 1 -1 1 1 -1 1 1 1 1 1 1 -1 -1 3 -1
-1 1 1 -1 -1 1 1 1 1 1 1 1 -1 1 1 1 1 1 -1 -1 1 1 1 1 1 1 1 1 1 -1 1 -1 4 -1 5
1 1 1 1 1 1 -1 1 1 1 1 1 1 1 1 -1 1 1 1 1 1 1 1 1 1 1 -1 1 1 1 1 -1 -1 -1 -1
1 1 1 1 1 1 1 1 1 -1 1 1 1 -1 6 6 -1 1 -1 1 -1 1 -1 -1 1 1 -1 1 1 1 1 1 1 1 1
1 1 1 -1 1 1 1 1 1 1 1 1 1 1 -1 1 -1 1 -1 1 1 1 -1 1 1 -1 1 1 -1 -1 1 1 -1 -1 1
1 1 -1 1 1 1 1 1 -1 1 1 1 1 -1 1 1 1 1 1 1 1 1 1 1 1 1 1 1 1 1 1 1 1 1 1
-1 1 -1 -1 1 1 1 1 -1 1 1 1 -1 1 1 1 1 -1 -1 1 -1 1 1 1 -1 -1 1 1 1 1 -1 1 1 1 1
1 1 1 1 1 1 1 1 1 1 1 -1 1 1 1 -1 1 1 1 1 1 1 1 1 -1 -1 7 -1 -1 1 1 1 1 -1 8
1 -1 1 1 1 1 1 1 1 1 1 -1 1 1 1 -1 1 1 1 1 1 -1 1 1 -1 7 7 7 -1 1 1 1 1 1 -1
1 1 1 1 1 1 -1 -1 9 -1 10 10 -1 -1 -1 1 1 -1 1 1 1 1 1 1 1 -1 1 -1 1 1 -1 -1 1 1 1
1 -1 -1 1 1 1 1 -1 9 -1 10 -1 1 1 1 1 1 1 -1 -1 1 -1 1 1 1 -1 1 1 1 1 1 1 1 1 1
1 1 1 1 1 1 1 1 1 1 1 -1 1 -1 -1 1 1 1 1 1 -1 -1 -1 -1 1 -1 1 1 1 -1 1 1 1 1 1
1 1 1 1 1 -1 1 1 -1 1 1 1 1 1 1 1 1 1 1 1 -1 -1 11 -1 1 1 1 -1 1 1 1 -1 -1 1 1
-1 1 1 1 1 1 1 1 1 1 1 -1 1 1 1 1 -1 1 -1 1 -1 1 1 1 -1 1 1 1 1 1 -1 -1 1 1 1
-1 1 1 1 1 -1 1 -1 1 1 -1 -1 1 -1 1 1 1 1 1 1 -1 1 1 -1 1 1 1 1 1 1 1 1 1 1 1
1 1 1 1 1 1 -1 12 -1 1 1 1 1 -1 1 1 1 1 -1 1 -1 1 1 -1 1 -1 1 -1 1 1 -1 1 -1 1 1
1 1 1 1 1 1 1 1 1 1 1 -1 1 1 1 -1 1 1 -1 1 1 1 1 1 1 1 1 -1 -1 1 -1 1 1 1 1
-1 -1 1 1 1 1 1 1 1 1 1 1 1 -1 -1 1 1 1 1 -1 1 -1 -1 -1 1 1 1 1 1 1 1 1 -1 1 1
1 1 1 1 1 1 1 1 -1 1 1 1 -1 1 1 1 1 1 1 1 1 1 1 -1 -1 1 1 1 1 -1 -1 -1 1 1 1
13 -1 1 -1 1 1 -1 1 -1 1 1 1 -1 1 1 1 1 1 1 1 1 -1 1 1 1 1 -1 -1 1 1 -1 1 1 1 -1
-1 1 1 1 1 -1 -1 1 1 1 1 1 1 1 -1 1 1 1 1 -1 1 1 1 1 1 1 -1 1 1 1 1 1 1 1 -1
14 -1 1 1 1 1 1 -1 1 1 1 1 1 1 1 -1 -1 1 1 1 -1 1 1 1 1 -1 1 -1 1 1 1 -1 -1 -1 15
14 -1 1 -1 1 1 1 1 1 1 1 1 -1 -1 1 1 1 1 1 1 1 1 1 1 1 1 1 1 -1 1 1 -1 1 1 -1
16 16 -1 1 1 1 1 1 -1 1 -1 -1 1 -1 1 1 1 -1 1 1 1 1 1 1 1 1 -1 1 1 1 1 -1 1 1 1
16 -1 -1 1 1 -1 -1 -1 -1 1 1 1 1 -1 1 1 -1 1 1 1 -1 1 1 1 1 1 1 1 1 1 1 -1 1 1 1
1 1 1 1 1 1 1 -1 1 1 -1 1 1 1 1 1 -1 -1 -1 1 -1 1 1 1 1 -1 1 1 -1 1 1 1 1 1 1
-1 1 1 1 -1 1 1 1 1 1 -1 1 1 -1 1 1 1 1 1 1 1 -1 1 -1 1 1 1 1 -1 1 -1 -1 1 -1 1
-1 1 1 1 1 1 1 -1 1 1 1 -1 1 -1 1 1 1 1 -1 1 1 -1 1 1 1 -1 -1 1 1 1 1 1 1 1 1
-1 1 1 1 -1 1 1 1 1 1 -1 -1 1 1 1 1 1 1 1 1 1 1 -1 1 1 -1 1 1 -1 1 1 1 -1 -1 -1
1 1 1 1 1 1 1 -1 1 1 -1 1 1 1 1 1 -1 1 -1 1 -1 1 -1 1 1 1 1 1 -1 1 1 1 1 1 -1
-1 1 1 1 1 1 1 1 1 1 1 1 1 1 -1 17 17 17 -1 18 -1 19 19 -1 1 1 1 -1 20 -1 -1 1 1 -1 21
22 -1 1 -1 -1 1 1 1 1 1 1 -1 1 1 1 -1 -1 17 -1 -1 23 -1 24 24 -1 1 1 1 1 1 1 1 1 1 1
22 -1 1 1 1 -1 1 1 1 -1 1 1 -1 -1 1 1 -1 -1 -1 25 -1 1 -1 -1 -1 1 -1 1 1 1 -1 1 1 1 1
1 1 1 1 1 -1 -1 1 1 -1 -1 1 1 -1 1 -1 26 -1 -1 -1 1 1 1 1 1 1 1 1 1 -1 1 1 1 -1 -1
1 1 1 -1 1 1 1 1 1 1 -1 1 1 1 1 1 -1 -1 1 1 1 1 1 1 1 1 1 -1 1 1 1 1 1 1 1
1 1 1 -1 -1 1 1 1 1 1 -1 1 -1 1 1 1 1 -1 2 2 2 2 2 2 2 -1 1 1 1 1 1 1 1 -1 3
1 1 1 1 1 -1 1 1 -1 1 1 1 1 1 1 -1 -1 4 -1 2 -1 -1 -1 -1 1 1 1 -1 1 1 -1 1 1 1 1
1 1 -1 1 1 1 1 1 1 1 1 1 1 -1 1 1 1 1 1 1 1 1 1 1 1 1 1 1 1 1 1 1 -1 1 1
1 1 -1 1 -1 -1 1 1 1 1 1 1 -1 5 -1 1 -1 1 1 1 1 1 -1 1 1 1 1 1 1 1 1 -1 1 1 1
1 -1 6 6 6 6 -1 1 1 -1 -1 -1 1 1 -1 1 1 1 1 1 -1 1 1 1 1 1 1 1 1 1 1 1 1 1 -1
-1 6 6 6 -1 6 -1 1 -1 7 7 -1 1 1 1 1 1 -1 1 1 1 -1 1 1 1 1 -1 -1 -1 1 1 1 1 1 1
-1 -1 -1 1 -1 1 1 -1 1 1 -1 -1 1 1 1 1 1 -1 -1 1 -1 1 1 1 -1 8 8 8 -1 1 1 -1 -1 -1 1
1 1 1 1 1 1 -1 9 -1 1 1 1 1 1 -1 1 1 1 1 1 -1 1 1 1 -1 8 8 -1 -1 1 1 1 1 1 -1
1 1 1 -1 1 1 1 1 1 1 1 1 1 -1 1 1 1 -1 1 -1 10 -1 -1 -1 11 11 -1 11 11 11 -1 1 1 1 1
-1 1 1 1 1 1 -1 -1 12 -1 -1 -1 1 1 1 1 -1 13 -1 -1 11 11 -1 11 11 11 11 11 11 11 11 -1 -1 1 1
1 1 1 1 -1 1 -1 1 -1 1 1 -1 -1 1 1 -1 11 11 11 11 11 11 11 11 -1 11 11 11 11 -1 -1 11 -1 -1 1
14 -1 1 1 1 1 1 1 1 1 1 1 1 1 -1 15 -1 11 11 -1 11 11 -1 -1 11 11 11 11 11 11 11 11 11 11 11
-1 1 1 1 -1 1 1 1 -1 1 1 1 -1 1 1 -1 1 1 -1 11 11 11 11 11 11 11 11 11 -1 11 11 11 11 11 11
16 -1 -1 -1 1 1 1 -1 -1 1 1 1 1 1 1 1 1 1 -1 -1 11 11 11 11 -1 11 11 11 11 11 -1 11 11 11 11
16 -1 1 1 1 1 1 1 -1 1 1 1 1 1 1 1 1 1 -1 17 -1 -1 11 -1 11 11 11 11 -1 -1 11 11 -1 -1 11
-1 1 1 1 1 -1 -1 1 -1 1 1 1 1 1 1 1 1 -1 17 17 17 17 -1 -1 -1 11 11 11 11 11 11 11 11 -1 18
-1 19 -1 -1 -1 1 1 1 1 1 1 -1 1 1 1 1 -1 1 -1 17 17 17 -1 11 11 11 11 11 -1 11 11 11 -1 -1 18
20 -1 1 -1 1 1 1 1 -1 1 -1 21 -1 1 -1 1 1 1 -1 -1 11 -1 11 11 11 -1 11 11 11 -1 -1 11 11 11 11
-1 1 1 1 1 -1 1 1 -1 -1 22 -1 23 23 23 -1 1 -1 11 11 11 11 11 11 11 -1 11 -1 -1 11 11 11 11 11 -1
1 1 -1 1 -1 1 1 1 -1 1 1 -1 -1 23 -1 -1 1 1 1 -1 24 -1 11 11 11 11 11 11 -1 11 11 11 11 11 11
1 1 1 1 -1 25 -1 1 1 1 1 1 1 1 -1 1 -1 1 1 1 -1 11 11 -1 11 11 11 11 11 -1 11 11 -1 11 11
1 1 1 -1 1 -1 1 1 1 1 1 1 1 -1 1 1 1 1 1 -1 11 11 11 11 11 11 -1 -1 11 -1 11 11 11 11 11
1 1 1 1 1 1 -1 -1 -1 1 1 -1 1 1 1 1 1 1 -1 -1 11 11 11 11 11 11 11 11 11 11 11 11 11 11 -1
-1 1 1 1 1 1 -1 -1 -1 -1 1 -1 1 1 -1 1 1 -1 11 11 11 -1 11 11 11 11 11 11 -1 11 11 11 -1 11 11
-1 1 1 -1 1 1 1 1 1 1 1 1 1 1 1 1 -1 11 11 11 11 11 -1 11 11 11 11 -1 -1 11 11 11 11 11 -1
-1 1 1 1 1 -1 1 1 1 1 1 1 1 1 -1 -1 26 -1 -1 11 11 11 11 11 11 11 11 11 11 11 11 -1 11 11 11
-1 1 1 1 1 1 -1 1 1 -1 1 1 1 1 1 1 -1 11 -1 11 11 11 -1 11 11 11 11 11 -1 -1 11 11 11 -1 11
1 1 -1 1 1 1 1 1 1 1 1 -1 27 -1 28 -1 11 11 11 11 -1 11 11 11 11 11 -1 11 11 11 11 11 11 -1 29
1 -1 30 -1 1 1 1 1 -1 1 1 1 -1 28 28 -1 11 11 -1 11 -1 11 11 11 11 11 11 11 -1 11 11 11 11 11 -1
1 1 1 1 1 1 -1 1 1 1 -1 -1 1 -1 11 11 11 11 11 11 11 11 11 -1 11 -1 11 11 11 -1 11 11 11 11 -1
1 1 1 1 1 1 1 -1 1 1 1 1 1 -1 -1 -1 11 11 11 11 11 -1 11 11 11 11 11 11 11 11 11 -1 11 -1 31
1 1 1 1 1 1 1 1 1 1 -1 -1 1 1 -1 11 11 11 11 11 11 11 -1 11 11 11 -1 11 11 -1 32 32 -1 33 33
-1 34 -1 1 1 1 1 1 1 1 1 1 1 -1 11 11 11 11 -1 11 11 11 11 -1 11 11 11 11 11 11 -1 -1 -1 -1 33
1 -1 1 1 1 -1 -1 1 -1 1 -1 1 -1 11 11 11 11 11 11 -1 11 11 11 -1 -1 11 11 11 11 11 -1 35 35 35 35
1 1 1 1 1 -1 36 -1 37 37 37 -1 -1 -1 11 -1 11 11 11 11 11 -1 11 11 11 11 11 -1 11 -1 -1 38 -1 -1 35
1 -1 2 2 -1 2 2 2 2 2 2 2 2 2 2 2 2 2 2 2 2 2 2 2 -1 3 3 3 3 3 3 3 3 -1 4
5 5 -1 2 2 2 2 2 -1 2 -1 2 2 -1 2 2 2 2 2 2 2 -1 2 2 -1 3 -1 3 3 3 3 3 3 3 -1
5 -1 2 2 2 2 2 2 2 2 2 -1 2 -1 2 2 -1 -1 2 2 2 -1 -1 6 -1 -1 6 6 -1 3 3 3 3 3 3
-1 -1 7 -1 -1 2 2 2 2 2 2 2 2 -1 2 2 -1 2 2 2 2 2 -1 6 6 6 6 6 -1 3 3 3 3 3 3
7 7 7 7 7 -1 2 2 -1 -1 2 -1 -1 2 2 2 2 2 -1 2 2 2 2 2 -1 8 -1 9 -1 10 -1 3 3 3 3
-1 7 7 7 7 7 7 -1 -1 2 2 2 2 2 2 2 2 2 2 -1 -1 2 2 2 -1 8 -1 -1 -1 10 -1 3 -1 3 3
2 2 -1 2 -1 2 -1 -1 2 2 2 2 2 -1 2 2 2 2 2 2 2 -1 2 2 2 2 -1 3 3 3 3 3 3 3 3
2 2 2 2 2 2 2 2 2 -1 2 2 2 2 2 2 2 2 -1 2 2 2 2 -1 -1 -1 11 -1 -1 3 -1 -1 3 3 3
2 2 -1 2 -1 2 -1 2 2 2 2 2 -1 12 -1 2 2 2 2 2 2 -1 2 -1 13 -1 -1 2 2 2 2 2 -1 14 -1
2 2 2 2 2 2 -1 2 2 -1 2 2 2 -1 2 2 2 2 2 -1 15 -1 2 2 2 2 -1 2 2 -1 2 -1 -1 -1 2
2 2 2 2 2 2 2 2 2 2 2 2 2 2 -1 -1 2 2 2 2 -1 -1 2 2 2 2 2 2 2 2 2 2 2 2 2
-1 2 2 -1 -1 -1 2 2 2 -1 2 2 2 2 -1 2 2 2 -1 2 2 2 2 2 -1 2 -1 -1 -1 2 2 2 2 -1 2
2 2 2 2 -1 16 -1 2 2 -1 -1 2 2 2 2 -1 2 2 2 -1 2 2 2 2 2 -1 17 17 17 -1 2 2 2 2 2
2 2 2 -1 -1 -1 2 2 2 -1 2 2 2 2 2 2 2 2 -1 2 2 2 2 -1 -1 -1 -1 17 -1 2 2 2 2 2 2
-1 -1 2 2 2 2 2 2 2 2 2 2 2 -1 2 2 -1 2 2 2 2 2 2 2 2 2 2 2 2 2 2 2 2 2 2
2 2 2 2 2 2 -1 2 -1 2 2 2 2 -1 2 2 2 2 -1 -1 2 -1 2 -1 2 2 2 2 2 2 2 -1 -1 2 -1
2 -1 2 -1 2 2 2 2 2 -1 2 2 -1 2 2 2 2 2 2 2 2 2 2 2 2 2 2 2 -1 2 2 2 2 -1 18
-1 2 2 2 2 -1 -1 2 2 -1 -1 2 -1 2 -1 2 2 2 -1 2 -1 2 2 2 2 2 -1 -1 2 2 2 2 2 -1 2
19 -1 2 2 2 2 2 2 2 2 2 2 -1 -1 -1 2 2 2 2 -1 -1 2 2 2 -1 2 2 2 2 2 2 2 -1 2 2
2 2 2 -1 2 2 2 2 2 2 -1 2 -1 -1 2 2 -1 2 2 2 -1 -1 2 2 2 -1 -1 2 2 2 2 2 2 2 -1
2 2 -1 2 2 -1 -1 20 -1 -1 21 21 21 -1 2 -1 -1 2 -1 2 2 2 2 2 2 2 2 -1 2 2 2 2 2 2 2
-1 2 2 2 -1 2 2 -1 -1 22 -1 -1 -1 23 -1 2 2 2 2 2 2 -1 2 2 2 -1 24 -1 2 -1 2 2 2 -1 2
-1 2 2 -1 2 2 2 2 2 2 2 2 2 2 2 2 -1 2 2 2 2 2 -1 -1 -1 -1 -1 2 2 2 2 2 -1 2 2
2 -1 2 2 2 2 2 -1 2 2 -1 -1 2 2 2 2 2 2 2 2 -1 2 2 2 2 2 2 -1 2 2 2 2 2 2 2
2 2 -1 2 2 2 2 -1 -1 -1 2 2 2 2 -1 -1 -1 -1 2 2 2 -1 -1 2 2 2 -1 -1 2 -1 2 2 2 2 2
2 2 2 2 2 2 -1 2 2 2 2 2 -1 2 2 2 2 -1 -1 -1 2 2 2 2 2 2 2 2 -1 -1 2 2 2 2 -1
-1 2 -1 2 2 2 2 -1 -1 2 2 2 2 2 -1 2 2 -1 -1 25 -1 26 -1 27 -1 -1 2 2 -1 2 2 -1 -1 -1 28
2 2 2 2 2 -1 2 2 -1 2 2 -1 -1 -1 2 -1 -1 2 2 -1 26 26 -1 -1 29 29 -1 2 2 -1 2 -1 -1 30 30
2 2 2 2 -1 2 2 2 2 2 2 2 2 2 2 2 2 2 2 -1 26 26 26 26 -1 31 31 31 -1 2 2 -1 32 -1 30
2 2 2 2 2 2 2 2 -1 2 -1 -1 2 2 2 -1 2 2 2 -1 26 26 26 -1 31 31 31 -1 2 2 2 2 2 2 2
2 2 2 -1 2 2 -1 -1 2 2 2 2 2 2 2 2 2 -1 -1 -1 -1 -1 26 -1 31 31 -1 2 2 2 2 2 2 -1 2
2 -1 2 2 2 -1 2 2 -1 2 2 -1 -1 -1 2 2 2 2 2 2 -1 2 2 2 -1 -1 2 2 -1 2 2 2 2 -1 33
2 2 2 2 2 2 2 2 -1 2 2 2 2 -1 -1 2 2 2 2 -1 2 2 2 -1 2 2 2 -1 2 2 -1 2 2 -1 33
2 2 2 2 -1 2 -1 2 2 2 -1 2 2 2 2 2 2 2 2 2 2 2 2 2 2 2 2 -1 2 2 2 2 2 -1 2
2 2 2 2 2 2 2 2 -1 34 -1 -1 -1 35 -1 2 2 2 -1 2 2 2 2 2 2 2 2 -1 2 2 2 2 2 2 2
1 1 1 1 1 1 1 1 1 1 1 1 1 1 1 -1 -1 2 2 -1 3 -1 1 1 1 1 1 1 1 1 -1 1 1 1 1
1 -1 1 -1 1 1 1 1 1 -1 4 -1 1 1 1 -1 -1 -1 1 -1 1 -1 1 1 1 1 1 1 -1 1 1 -1 -1 1 1
1 1 1 1 -1 1 1 1 1 -1 -1 -1 -1 -1 1 -1 1 1 1 1 1 1 1 1 1 1 1 1 1 1 1 1 1 1 1
-1 1 1 -1 1 1 1 1 1 1 1 -1 1 1 1 1 -1 1 1 -1 1 1 1 1 1 1 1 1 1 1 1 1 1 -1 5
1 1 1 1 1 1 1 1 1 -1 1 -1 1 1 1 1 1 -1 1 1 1 -1 1 1 1 -1 1 1 1 1 -1 1 1 -1 -1
-1 -1 -1 1 1 -1 -1 1 -1 6 6 -1 1 1 1 1 1 1 1 1 1 1 1 1 -1 -1 -1 -1 -1 1 1 1 -1 1 1
7 -1 -1 1 1 1 1 1 1 -1 6 -1 1 1 1 1 1 1 1 1 1 1 1 1 1 -1 -1 8 -1 -1 1 1 1 1 1
1 1 1 1 1 1 -1 1 -1 9 -1 10 -1 -1 -1 -1 1 1 1 1 1 -1 1 1 -1 1 1 -1 -1 1 1 1 1 1 1
-1 1 1 1 1 1 1 1 -1 1 1 1 1 1 1 -1 -1 1 1 1 -1 -1 -1 -1 1 1 1 -1 1 1 1 1 1 1 1
1 1 1 1 1 1 1 1 1 1 1 1 -1 1 1 1 1 1 1 1 -1 -1 1 -1 1 1 1 1 1 1 1 1 1 -1 11
-1 1 1 1 1 1 1 1 -1 -1 1 1 1 1 1 1 1 -1 1 1 1 1 1 1 1 1 -1 -1 1 1 1 1 1 1 -1
1 1 -1 1 1 1 -1 -1 -1 1 1 1 -1 1 -1 -1 1 1 1 1 1 1 1 1 1 1 1 -1 -1 1 1 1 -1 1 1
1 1 -1 1 1 1 -1 1 1 1 1 1 -1 -1 12 -1 1 -1 1 1 1 -1 1 -1 1 1 -1 1 1 1 1 -1 1 1 1
-1 1 1 -1 1 1 1 1 1 -1 1 1 -1 1 1 1 -1 -1 -1 -1 1 1 1 1 1 1 1 1 1 1 1 1 1 -1 1
13 -1 -1 1 1 1 1 -1 1 1 1 -1 1 1 1 1 1 1 1 -1 1 1 -1 1 1 -1 1 -1 1 1 1 1 1 1 1
-1 1 1 -1 1 1 -1 14 -1 1 -1 1 1 1 1 1 1 -1 1 1 1 1 1 1 1 1 1 1 1 1 1 1 1 1 1
1 1 1 -1 1 1 1 -1 -1 -1 1 1 1 1 1 -1 1 1 1 1 1 1 1 1 -1 1 1 1 -1 1 1 1 1 1 1
1 1 1 1 1 1 -1 1 1 1 1 1 1 1 1 1 1 -1 -1 1 -1 1 1 1 1 1 1 1 1 1 1 1 1 1 -1
1 1 -1 1 -1 1 -1 -1 1 1 1 1 1 1 1 1 1 -1 1 1 1 1 1 1 1 -1 1 -1 1 1 1 -1 1 -1 15
16 -1 1 1 1 1 1 -1 1 -1 1 -1 17 -1 1 -1 1 1 1 1 1 -1 1 1 1 1 1 1 1 1 1 1 -1 -1 18
-1 1 1 1 -1 1 -1 1 1 1 1 1 -1 1 1 1 -1 1 1 -1 1 1 1 -1 -1 1 1 1 1 1 1 1 1 1 -1
-1 -1 1 1 1 1 -1 1 1 1 1 1 1 1 -1 1 -1 1 1 1 1 1 1 1 1 1 1 1 1 1 1 1 1 1 1
19 -1 1 1 -1 1 1 1 1 1 -1 1 1 1 -1 20 -1 1 1 1 1 1 -1 1 -1 1 1 -1 1 -1 1 1 1 1 1
-1 -1 1 1 1 1 1 1 1 1 1 1 1 1 1 -1 1 1 1 1 1 1 -1 1 1 1 1 1 -1 -1 21 -1 1 1 1
1 1 1 1 1 1 1 1 1 1 -1 1 -1 -1 1 1 -1 22 -1 1 1 1 1 1 1 1 1 1 -1 21 21 21 -1 1 1
23 -1 -1 -1 1 1 1 1 -1 -1 1 1 1 1 1 -1 22 22 -1 1 1 1 1 1 -1 1 1 -1 21 21 21 21 -1 -1 24
-1 -1 -1 25 -1 1 1 -1 1 1 1 1 1 1 -1 -1 22 22 -1 1 1 1 1 1 1 1 1 -1 -1 21 21 21 21 -1 24
-1 1 1 -1 1 1 1 1 1 1 1 -1 1 -1 1 -1 26 -1 1 1 1 1 1 1 1 1 -1 27 27 -1 21 21 21 21 21
-1 1 1 1 1 1 -1 1 -1 1 1 1 1 1 1 1 -1 1 1 1 1 1 1 1 1 -1 1 1 -1 21 21 21 21 21 21
1 1 -1 1 -1 1 1 1 1 -1 -1 1 1 -1 -1 1 -1 1 -1 -1 1 1 1 1 1 -1 1 1 1 -1 21 21 21 21 21
1 1 1 1 1 1 1 1 1 1 1 1 1 1 1 -1 1 1 1 1 1 1 1 1 1 1 1 -1 1 1 -1 28 -1 -1 -1
1 1 -1 1 1 1 -1 -1 1 -1 1 -1 1 1 1 -1 -1 1 1 1 -1 -1 1 1 1 -1 -1 29 29 -1 28 28 28 28 28
1 1 1 -1 1 1 1 1 1 1 1 1 -1 1 1 1 1 1 1 1 1 1 1 -1 1 1 -1 29 29 29 -1 -1 -1 28 28
1 1 1 -1 1 1 -1 1 1 1 1 -1 1 1 1 1 1 -1 -1 1 -1 -1 29 29 29 -1 29 29 29 29 29 29 -1 28 -1
-1 1 1 1 1 1 -1 -1 1 1 1 -1 1 1 -1 30 -1 31 -1 -1 32 -1 29 29 29 29 29 -1 29 -1 -1 33 33 -1 34
1 1 1 -1 1 1 1 1 1 -1 1 1 1 1 -1 1 1 1 -1 1 1 1 -1 1 1 1 1 1 1 -1 -1 2 -1 2 2
1 1 1 1 -1 1 1 1 1 1 1 -1 1 1 1 1 1 1 1 1 1 1 1 -1 1 1 -1 1 -1 3 -1 2 2 2 2
1 1 1 1 1 1 -1 -1 1 1 -1 1 1 1 -1 1 1 1 1 1 1 1 1 1 1 1 -1 1 -1 1 1 -1 2 2 2
1 1 1 -1 1 1 1 1 1 1 1 1 1 1 1 1 -1 -1 1 1 1 1 1 1 1 -1 1 1 1 1 1 -1 -1 -1 4
1 1 1 1 -1 5 -1 1 1 1 -1 -1 1 -1 1 1 1 1 -1 -1 1 1 -1 -1 1 1 1 1 -1 1 -1 -1 -1 4 4
1 1 1 1 1 -1 1 -1 -1 1 1 1 1 -1 1 1 1 1 1 1 1 1 1 1 1 1 1 1 1 1 1 -1 -1 4 4
1 1 -1 1 1 1 1 1 1 1 1 1 -1 1 1 1 1 1 1 -1 1 1 -1 -1 1 1 1 1 1 1 1 1 -1 -1 -1
-1 -1 1 1 1 -1 1 1 1 1 1 -1 1 1 1 1 1 1 1 1 1 -1 -1 6 -1 -1 1 1 -1 -1 1 1 1 1 1
-1 7 -1 1 1 1 1 1 1 1 -1 1 1 1 1 1 1 1 1 -1 1 1 1 1 1 1 1 -1 1 1 -1 1 1 -1 1
7 7 -1 1 1 1 1 1 -1 1 1 1 1 -1 8 -1 1 1 1 1 -1 -1 1 -1 9 -1 1 1 -1 1 1 1 1 -1 1
-1 1 1 1 -1 -1 -1 1 1 1 1 1 1 1 -1 1 1 1 1 1 1 1 1 -1 -1 1 1 1 1 -1 -1 -1 -1 1 1
1 1 1 1 1 1 -1 1 1 1 -1 1 1 1 1 -1 -1 1 1 1 1 -1 1 1 1 1 1 1 -1 1 1 1 1 1 -1
1 -1 -1 1 1 -1 1 1 1 1 1 1 1 -1 1 1 -1 -1 1 1 1 1 1 1 1 -1 1 1 1 1 1 1 -1 -1 -1
1 1 -1 1 1 1 1 1 1 1 -1 1 1 1 -1 1 1 1 -1 1 1 1 1 1 1 1 1 1 1 1 1 1 1 1 1
1 1 1 1 1 1 1 1 1 1 1 1 1 1 -1 -1 1 1 -1 -1 1 1 1 1 1 1 1 1 1 -1 1 1 -1 -1 -1
1 1 1 1 1 -1 1 1 1 1 -1 -1 1 -1 1 1 1 1 -1 10 -1 1 1 1 1 1 1 -1 1 1 1 1 1 1 1
1 1 -1 -1 1 1 1 -1 1 -1 1 1 1 1 -1 1 -1 1 1 -1 1 1 -1 11 -1 1 1 1 -1 1 -1 1 1 1 1
1 1 1 -1 1 1 1 -1 -1 1 1 1 1 1 1 1 1 1 1 1 1 1 1 -1 1 1 1 1 1 1 1 1 1 -1 12
1 1 -1 1 1 -1 1 -1 1 1 1 -1 -1 1 -1 1 1 1 -1 1 1 -1 1 1 1 1 1 1 1 1 1 1 1 1 -1
-1 1 1 1 1 1 -1 1 1 1 1 1 1 1 1 1 1 -1 1 1 1 -1 1 1 1 1 1 1 -1 1 1 1 -1 -1 -1
1 1 1 1 1 -1 -1 1 -1 1 1 1 1 1 1 1 -1 1 1 1 1 -1 1 1 1 1 1 1 -1 1 1 1 -1 13 13
-1 1 1 -1 1 1 1 1 1 -1 1 1 1 -1 1 1 1 -1 1 1 1 1 1 1 1 -1 1 1 1 1 1 -1 13 13 13
1 1 1 -1 1 1 1 -1 -1 1 1 1 1 1 1 1 1 1 -1 -1 -1 1 1 1 1 1 1 1 1 1 -1 1 -1 13 13
1 1 1 1 1 1 1 1 1 -1 1 1 1 1 1 1 1 1 1 1 1 -1 1 1 1 1 -1 1 1 1 1 1 -1 13 13
1 1 1 1 -1 1 -1 1 1 1 1 1 1 1 1 1 -1 1 -1 1 1 1 1 -1 1 1 1 1 1 1 1 -1 13 13 13
-1 -1 1 1 1 1 -1 1 -1 1 1 1 1 1 1 1 1 1 -1 1 1 1 1 1 1 1 -1 1 1 -1 13 13 13 13 13
14 14 -1 1 1 1 1 1 1 -1 1 1 -1 15 -1 1 1 1 1 1 1 1 1 -1 1 1 1 -1 -1 -1 13 13 13 -1 13
16 -1 -1 1 1 1 1 -1 -1 17 -1 1 1 -1 -1 1 1 1 -1 1 1 -1 13 13 13 -1 -1 18 -1 13 13 13 13 13 -1
16 -1 -1 1 1 -1 1 1 1 1 1 1 -1 1 1 1 1 1 1 1 1 -1 13 13 13 13 -1 13 -1 13 13 13 13 -1 19
1 1 1 1 -1 1 1 1 1 1 -1 1 1 1 1 1 1 -1 1 1 -1 20 -1 13 -1 13 13 13 -1 13 13 13 -1 21 21
-1 1 1 1 1 1 1 1 1 -1 -1 1 1 1 1 1 1 1 1 1 1 1 1 -1 13 13 13 13 13 13 13 -1 22 -1 -1
23 -1 1 1 1 1 1 1 1 1 1 1 1 1 1 1 1 1 1 -1 1 1 1 1 -1 13 13 13 13 13 13 -1 -1 24 -1
-1 1 1 -1 1 1 -1 1 1 1 1 1 1 1 1 -1 1 1 1 1 -1 1 1 -1 25 -1 13 13 13 13 -1 13 13 13 13
1 1 1 1 1 1 -1 1 -1 1 1 1 1 1 1 1 1 1 1 1 -1 1 -1 26 -1 27 -1 13 13 13 13 13 13 -1 13
-1 1 1 1 1 1 1 1 1 1 -1 1 1 -1 1 -1 1 -1 1 -1 28 28 -1 -1 29 29 29 -1 13 13 13 -1 13 13 13
