35 20
-1 1 1 1 1 1 1 1 1 1 -1 2 2 -1 3 3 -1 -1 4 -1 5 5 -1 -1 -1 -1 6 6 6 6 6 6 -1 -1 -1
1 1 1 -1 -1 1 1 1 1 1 1 -1 -1 -1 3 3 -1 7 7 7 -1 -1 -1 -1 -1 8 -1 6 6 -1 6 6 -1 9 -1
-1 10 -1 1 1 1 1 -1 -1 11 -1 3 3 3 3 -1 7 7 7 -1 12 12 12 12 12 12 12 -1 -1 -1 6 -1 13 -1 14
15 -1 -1 -1 -1 -1 -1 -1 -1 -1 -1 -1 -1 -1 16 -1 -1 7 7 -1 12 12 12 12 -1 -1 -1 17 17 17 17 17 17 17 17
-1 18 18 18 -1 19 19 19 -1 -1 20 20 20 -1 16 -1 -1 21 -1 12 12 12 -1 -1 -1 22 -1 -1 17 17 17 -1 17 17 17
18 18 -1 18 -1 19 -1 -1 -1 -1 20 20 -1 23 -1 -1 24 -1 25 -1 26 -1 -1 27 27 -1 -1 -1 28 -1 29 -1 30 -1 -1
18 18 -1 -1 -1 -1 20 20 20 20 20 20 20 20 -1 31 -1 25 25 -1 -1 -1 -1 27 27 27 -1 -1 28 28 -1 30 30 30 -1
32 -1 -1 -1 33 33 -1 20 20 -1 20 20 20 20 20 -1 -1 -1 -1 34 -1 27 27 27 -1 -1 -1 35 35 -1 -1 -1 30 30 30
32 32 32 -1 -1 36 -1 -1 -1 -1 -1 20 20 20 -1 -1 37 -1 -1 38 38 38 -1 -1 39 -1 -1 40 -1 -1 30 30 30 30 30
41 -1 42 -1 43 -1 -1 44 -1 -1 45 -1 -1 20 20 -1 -1 38 38 38 -1 38 -1 46 -1 47 47 -1 30 30 30 30 -1 30 -1
41 41 -1 -1 43 43 43 43 43 -1 45 -1 -1 20 20 20 -1 -1 -1 48 48 -1 49 49 49 -1 -1 50 -1 30 30 30 30 -1 -1
41 41 41 -1 -1 -1 -1 43 -1 -1 51 -1 20 20 20 20 20 -1 52 -1 52 52 -1 49 49 -1 53 -1 30 30 -1 30 -1 -1 54
41 41 -1 -1 55 -1 -1 56 56 -1 51 51 -1 57 -1 -1 20 -1 52 52 52 -1 49 49 49 -1 -1 30 30 -1 -1 -1 -1 -1 -1
58 -1 -1 -1 59 59 -1 56 56 -1 -1 -1 -1 57 -1 60 60 60 -1 -1 49 49 49 49 49 49 -1 -1 -1 -1 -1 -1 61 -1 62
-1 59 59 59 59 -1 -1 63 -1 -1 64 -1 -1 60 60 60 60 60 60 -1 49 -1 -1 49 49 -1 65 65 65 65 65 -1 -1 -1 62
66 -1 59 59 59 -1 -1 -1 67 -1 68 -1 69 -1 -1 -1 60 60 -1 -1 -1 -1 -1 49 49 -1 65 65 65 65 65 65 65 65 -1
66 66 -1 -1 59 -1 70 70 -1 -1 68 -1 69 69 69 69 -1 71 71 -1 -1 72 72 -1 -1 65 65 -1 -1 73 -1 65 65 65 -1
66 66 66 66 -1 -1 -1 70 -1 -1 -1 74 74 -1 75 -1 -1 -1 76 -1 -1 72 -1 77 77 -1 -1 -1 -1 -1 78 -1 -1 65 -1
-1 79 -1 -1 -1 80 80 80 -1 81 -1 82 -1 75 75 75 75 -1 76 76 76 76 76 -1 -1 -1 83 -1 84 84 -1 85 -1 86 86
-1 -1 87 -1 88 -1 -1 -1 -1 -1 -1 -1 89 -1 75 75 75 75 -1 76 -1 -1 90 -1 -1 91 -1 92 92 -1 -1 -1 93 -1 93
94 -1 -1 89 -1 89 89 -1 89 89 89 89 89 -1 75 75 75 -1 75 75 75 75 -1 -1 -1 92 92 92 92 92 92 -1 93 93 93
-1 -1 89 89 89 89 89 -1 89 89 -1 -1 95 95 -1 75 75 75 75 75 75 -1 96 -1 -1 92 92 -1 92 92 -1 97 -1 -1 -1
-1 98 -1 89 89 89 89 89 89 -1 99 -1 95 -1 100 100 -1 -1 75 75 -1 96 96 96 -1 -1 92 -1 -1 -1 101 -1 -1 -1 102
98 98 98 -1 -1 -1 -1 -1 -1 103 -1 -1 104 104 -1 100 100 100 100 -1 -1 96 -1 -1 -1 105 105 -1 106 -1 -1 -1 107 -1 108
-1 98 98 -1 109 -1 -1 110 110 110 -1 111 -1 100 -1 100 100 -1 -1 112 112 112 -1 113 113 113 -1 114 -1 114 -1 -1 107 -1 -1
-1 98 -1 -1 -1 -1 110 110 -1 110 110 -1 100 100 100 100 -1 -1 112 112 112 -1 -1 -1 -1 113 -1 114 114 114 114 114 -1 -1 -1
115 115 -1 116 116 -1 110 -1 110 110 110 -1 100 -1 -1 117 -1 118 -1 119 -1 120 120 -1 121 121 -1 -1 -1 122 -1 -1 123 123 123
115 115 115 -1 124 124 124 -1 110 110 -1 125 -1 -1 126 -1 118 118 118 -1 121 -1 127 127 -1 121 121 121 -1 -1 123 123 123 123 123
-1 -1 -1 128 -1 -1 124 -1 110 110 -1 126 126 126 126 -1 118 -1 -1 121 121 -1 -1 121 121 121 121 -1 -1 129 -1 130 -1 -1 -1
-1 128 128 128 -1 -1 128 -1 -1 -1 126 126 126 -1 -1 131 -1 -1 -1 121 121 -1 -1 121 121 -1 129 129 129 129 129 -1 132 132 132
-1 -1 128 128 128 128 128 128 -1 133 -1 126 126 126 126 -1 -1 -1 -1 121 121 121 121 121 121 -1 129 -1 -1 129 129 -1 132 -1 132
-1 134 -1 128 128 128 128 128 128 -1 126 126 -1 -1 135 135 135 135 135 -1 -1 121 121 -1 136 136 -1 137 137 -1 138 -1 139 139 -1
140 140 -1 141 -1 -1 -1 142 -1 -1 126 -1 -1 135 -1 135 135 -1 135 135 135 -1 -1 143 -1 -1 -1 143 -1 143 -1 139 139 139 -1
-1 140 -1 141 141 -1 144 -1 -1 -1 145 -1 -1 135 135 135 135 135 135 -1 143 143 143 143 143 -1 143 143 -1 143 143 -1 139 139 -1
-1 -1 -1 -1 141 -1 144 -1 145 145 145 -1 -1 -1 -1 -1 135 -1 -1 -1 -1 -1 -1 -1 143 143 143 143 143 143 143 -1 -1 146 -1
-1 -1 -1 -1 -1 1 1 -1 1 1 -1 2 2 -1 3 -1 4 4 -1 -1 -1 -1 5 -1 6 6 -1 7 7 7 7 -1 8 8 8
-1 -1 9 9 -1 1 1 1 1 1 1 -1 10 10 -1 -1 11 -1 12 12 12 -1 -1 -1 6 6 6 -1 -1 7 -1 -1 -1 -1 13
-1 -1 9 9 -1 1 1 -1 1 -1 1 1 -1 14 14 -1 -1 -1 12 -1 12 -1 15 -1 6 -1 -1 16 -1 -1 -1 17 -1 -1 13
18 18 -1 -1 1 1 1 -1 -1 -1 -1 -1 14 14 14 -1 19 19 19 19 -1 16 16 16 16 16 16 16 -1 17 17 17 17 17 17
18 -1 1 1 1 1 -1 20 20 -1 21 21 -1 22 -1 -1 19 -1 19 -1 16 16 16 16 16 16 16 16 -1 17 17 17 17 -1 -1
-1 -1 1 1 1 -1 20 20 -1 -1 -1 -1 -1 22 -1 -1 23 23 23 -1 23 -1 23 -1 -1 16 -1 -1 17 17 -1 -1 24 -1 -1
25 25 -1 -1 -1 -1 -1 26 -1 -1 -1 -1 27 -1 28 28 -1 23 23 -1 23 23 23 23 23 -1 -1 -1 -1 29 29 29 -1 30 -1
31 -1 -1 -1 32 32 32 -1 33 33 -1 -1 34 -1 -1 28 -1 23 23 23 23 23 23 -1 -1 35 -1 -1 36 -1 29 29 29 -1 37
31 31 -1 38 -1 32 32 -1 33 -1 -1 39 -1 -1 40 40 -1 -1 -1 23 23 23 23 -1 -1 -1 -1 41 -1 29 29 -1 29 -1 -1
-1 -1 42 -1 43 -1 -1 44 44 -1 39 39 39 -1 -1 -1 45 45 -1 -1 -1 23 -1 46 46 -1 41 41 41 -1 47 47 -1 -1 48
42 42 42 -1 -1 49 -1 -1 -1 50 -1 -1 39 39 -1 45 45 45 -1 -1 -1 51 51 -1 -1 -1 41 41 -1 -1 -1 48 -1 48 48
-1 42 -1 -1 -1 -1 -1 50 50 50 50 -1 -1 39 39 -1 -1 -1 -1 -1 -1 51 -1 52 52 -1 -1 -1 52 52 -1 48 48 48 -1
-1 53 53 -1 50 50 50 50 50 50 -1 50 50 -1 -1 -1 -1 -1 54 54 54 54 54 -1 52 52 52 52 52 -1 -1 55 -1 55 -1
53 53 -1 -1 -1 -1 50 -1 50 50 50 50 50 50 -1 56 -1 -1 -1 54 -1 54 54 -1 52 52 52 -1 57 -1 55 55 55 55 55
53 53 -1 -1 58 -1 50 50 50 -1 50 -1 -1 -1 59 59 -1 -1 -1 60 -1 61 -1 52 52 52 52 -1 -1 55 55 55 -1 55 55
62 -1 63 63 63 63 -1 -1 64 -1 64 -1 65 65 -1 59 -1 -1 61 -1 61 61 61 -1 -1 -1 55 55 55 55 55 -1 -1 -1 66
62 62 -1 -1 -1 64 64 64 64 64 64 -1 -1 67 67 -1 68 -1 61 61 61 -1 61 61 -1 -1 55 55 -1 69 -1 70 70 -1 -1
71 -1 72 -1 -1 64 64 -1 -1 64 -1 73 73 -1 74 -1 -1 75 75 -1 76 76 76 -1 77 -1 -1 -1 69 69 69 -1 -1 -1 78
71 -1 -1 -1 79 -1 64 64 -1 -1 -1 -1 73 -1 -1 -1 75 75 75 -1 -1 -1 -1 -1 77 77 77 77 -1 -1 -1 -1 -1 80 -1
-1 81 -1 -1 -1 -1 -1 64 -1 82 82 82 -1 -1 -1 -1 -1 75 -1 83 -1 -1 -1 84 -1 -1 77 77 -1 -1 85 -1 86 -1 -1
87 -1 -1 -1 88 -1 89 -1 82 82 82 82 82 82 82 -1 90 -1 -1 91 -1 -1 77 77 77 77 77 -1 -1 85 85 -1 86 86 86
-1 92 92 92 92 92 92 92 92 -1 -1 -1 82 82 -1 -1 93 -1 94 -1 77 -1 77 77 77 -1 95 -1 85 85 85 -1 86 86 -1
96 -1 -1 -1 92 92 -1 97 -1 98 98 -1 82 82 82 82 -1 -1 -1 77 77 77 77 77 -1 -1 -1 85 85 -1 -1 86 86 -1 99
100 100 100 -1 -1 -1 97 97 -1 98 98 -1 -1 82 -1 82 82 82 82 -1 -1 -1 101 -1 -1 102 -1 -1 86 86 86 86 -1 103 103
-1 -1 -1 -1 104 104 -1 -1 -1 105 -1 106 106 106 -1 82 82 -1 -1 107 107 107 -1 108 -1 -1 109 -1 86 -1 86 86 86 -1 103
-1 110 -1 -1 -1 -1 -1 111 -1 -1 -1 -1 112 -1 -1 -1 -1 -1 113 -1 114 -1 115 -1 116 116 116 -1 -1 -1 86 86 86 86 86
-1 117 -1 118 118 118 118 -1 119 -1 120 -1 -1 -1 -1 121 -1 113 113 -1 114 114 -1 -1 116 -1 116 -1 -1 -1 86 86 -1 86 86
122 -1 -1 118 118 -1 118 118 118 118 -1 123 -1 -1 -1 121 -1 -1 -1 124 -1 -1 125 125 -1 126 126 126 126 -1 -1 -1 -1 -1 -1
-1 127 -1 118 118 118 118 -1 -1 -1 128 128 128 -1 129 -1 -1 130 130 130 -1 125 125 125 -1 131 -1 132 -1 133 -1 -1 134 134 134
127 127 -1 118 -1 -1 135 -1 -1 128 128 128 128 128 128 -1 130 130 -1 -1 136 -1 -1 -1 131 131 -1 132 -1 -1 137 -1 -1 134 134
-1 138 138 -1 -1 -1 135 -1 -1 139 -1 -1 -1 140 -1 141 -1 -1 142 142 -1 143 143 -1 131 -1 144 144 -1 -1 -1 -1 -1 -1 134
-1 -1 145 145 -1 -1 146 -1 139 139 139 139 -1 140 140 -1 -1 -1 -1 -1 -1 143 143 -1 -1 144 144 144 -1 147 -1 148 -1 149 149
145 145 145 145 -1 150 -1 139 139 139 139 -1 140 140 140 140 -1 -1 151 -1 -1 152 -1 153 -1 154 -1 155 -1 156 -1 -1 157 157 -1
-1 -1 145 145 145 -1 158 -1 -1 139 139 -1 -1 140 140 -1 159 -1 160 -1 152 152 152 -1 161 -1 161 -1 -1 156 -1 -1 -1 -1 162
-1 145 145 -1 -1 -1 -1 163 163 -1 -1 -1 164 -1 -1 159 159 -1 -1 -1 -1 152 152 -1 161 161 161 161 161 -1 -1 165 -1 -1 162
-1 1 1 1 -1 2 2 -1 3 3 -1 4 -1 -1 5 -1 6 6 6 6 6 6 -1 7 -1 7 7 7 7 -1 8 8 8 8 -1
1 1 1 -1 9 -1 10 -1 3 3 3 -1 11 11 -1 12 12 -1 13 -1 -1 -1 7 7 7 7 -1 7 -1 -1 8 8 8 -1 14
-1 -1 1 1 -1 15 -1 -1 3 3 3 3 -1 16 -1 12 12 12 -1 -1 17 17 -1 -1 -1 -1 18 -1 19 19 -1 20 -1 14 14
-1 -1 21 -1 22 -1 23 -1 -1 -1 3 3 3 -1 24 -1 17 -1 25 -1 17 17 17 -1 -1 26 -1 19 19 19 19 -1 -1 14 -1
-1 21 21 -1 22 -1 23 -1 27 -1 -1 28 -1 -1 -1 -1 17 17 -1 17 -1 17 17 -1 -1 -1 19 19 19 19 19 19 -1 29 29
-1 21 -1 -1 -1 -1 -1 -1 -1 -1 28 28 -1 -1 30 -1 -1 17 17 17 17 17 -1 -1 -1 19 19 19 19 19 -1 19 19 -1 -1
-1 31 -1 32 -1 -1 -1 33 -1 28 28 28 -1 -1 -1 34 -1 17 17 -1 17 17 -1 19 19 19 19 -1 19 19 19 -1 -1 -1 35
31 31 -1 -1 -1 -1 -1 -1 28 28 28 -1 36 -1 34 34 -1 17 17 17 -1 -1 19 19 -1 -1 -1 -1 19 19 19 -1 37 37 -1
31 31 31 31 31 31 31 -1 28 -1 28 -1 36 36 -1 -1 38 38 -1 -1 -1 39 -1 -1 40 40 40 -1 -1 41 -1 -1 -1 42 42
-1 31 31 -1 43 -1 -1 44 -1 -1 -1 36 36 36 -1 -1 -1 38 38 -1 38 -1 45 45 45 -1 -1 -1 -1 -1 -1 46 -1 -1 -1
31 31 31 -1 43 43 43 -1 47 -1 48 48 -1 38 38 38 38 38 38 38 38 -1 45 45 45 -1 49 -1 -1 50 50 -1 51 51 -1
-1 -1 52 52 -1 43 -1 52 52 52 52 -1 53 -1 54 -1 55 -1 38 38 38 38 38 -1 -1 50 50 50 50 50 -1 51 51 51 51
-1 -1 52 52 52 52 52 52 52 52 -1 56 -1 -1 54 54 -1 -1 -1 -1 -1 38 38 -1 -1 -1 -1 57 -1 58 -1 51 51 -1 -1
-1 59 59 -1 -1 52 52 52 -1 52 -1 56 56 -1 -1 54 -1 -1 -1 -1 -1 38 38 -1 60 -1 61 -1 58 58 58 -1 62 -1 63
-1 59 59 -1 -1 52 52 -1 64 -1 65 65 -1 66 66 -1 -1 38 38 38 -1 38 38 -1 60 60 -1 67 -1 -1 -1 -1 62 62 -1
68 -1 69 -1 52 52 -1 -1 70 -1 -1 65 65 -1 -1 -1 38 38 -1 38 38 38 38 -1 71 -1 71 -1 72 72 -1 -1 62 62 62
-1 -1 69 -1 52 52 -1 52 -1 52 52 52 -1 52 -1 38 38 38 -1 -1 -1 73 -1 -1 71 71 71 71 -1 -1 74 74 -1 -1 -1
-1 -1 -1 -1 -1 52 52 52 52 52 -1 52 52 52 52 -1 -1 -1 75 -1 76 -1 77 -1 71 71 71 71 71 -1 71 -1 78 78 -1
-1 -1 79 79 79 -1 -1 52 52 52 -1 -1 -1 52 52 -1 -1 -1 -1 -1 76 76 -1 -1 -1 -1 71 -1 71 71 71 -1 -1 -1 80
81 81 -1 79 -1 -1 82 -1 -1 52 52 -1 -1 52 52 52 52 52 -1 -1 83 -1 84 84 -1 -1 -1 -1 85 -1 -1 -1 -1 -1 86
-1 -1 87 -1 -1 82 82 -1 -1 -1 52 52 -1 52 52 -1 52 -1 -1 -1 -1 84 84 84 -1 85 85 85 85 -1 88 88 -1 89 -1
-1 -1 -1 -1 -1 -1 90 -1 -1 52 52 52 -1 -1 91 91 -1 -1 92 -1 84 84 -1 -1 -1 85 -1 -1 93 93 -1 -1 94 -1 -1
-1 -1 -1 95 -1 -1 90 -1 -1 -1 -1 96 -1 -1 -1 97 97 -1 -1 -1 -1 98 -1 -1 99 99 99 99 -1 100 -1 -1 -1 -1 -1
-1 95 95 95 95 -1 -1 101 -1 -1 102 -1 103 103 -1 -1 104 104 -1 105 105 -1 106 106 -1 99 -1 99 -1 100 -1 -1 -1 -1 107
95 95 95 95 -1 -1 108 108 108 -1 102 102 -1 -1 104 104 104 104 104 104 -1 -1 -1 -1 109 -1 110 -1 -1 111 111 111 -1 -1 107
112 -1 95 95 -1 113 113 -1 -1 114 114 -1 -1 104 104 104 -1 -1 104 104 -1 -1 -1 -1 115 115 -1 111 111 111 -1 -1 116 116 -1
-1 95 95 95 -1 117 -1 118 -1 114 114 -1 -1 119 -1 -1 120 -1 104 -1 -1 121 -1 122 -1 -1 123 123 -1 124 124 -1 -1 125 125
-1 95 -1 -1 126 -1 118 118 -1 114 114 114 114 -1 127 127 127 127 -1 121 121 121 -1 -1 -1 -1 123 123 -1 124 -1 -1 128 -1 -1
129 -1 130 -1 126 126 -1 -1 114 114 114 114 -1 127 127 127 127 127 127 -1 -1 131 131 131 131 -1 -1 -1 -1 -1 -1 132 -1 -1 133
-1 134 134 -1 126 126 -1 114 114 114 114 -1 135 -1 127 127 127 127 127 -1 -1 -1 136 -1 137 -1 138 138 -1 132 132 132 132 132 132
134 134 134 -1 -1 -1 -1 -1 -1 114 114 -1 -1 127 -1 -1 -1 127 127 -1 136 136 136 136 -1 -1 -1 -1 -1 139 -1 132 132 -1 132
-1 134 134 134 134 -1 140 140 -1 -1 -1 127 127 127 127 127 127 127 127 127 -1 -1 -1 -1 141 -1 -1 142 142 -1 -1 132 -1 -1 -1
-1 143 -1 144 -1 140 140 140 -1 -1 145 -1 127 127 -1 -1 127 -1 127 -1 -1 146 -1 -1 -1 -1 147 -1 -1 148 -1 149 149 -1 -1
-1 143 -1 -1 -1 -1 150 -1 151 -1 127 127 127 127 127 -1 -1 152 -1 -1 153 -1 154 154 -1 148 148 148 148 148 -1 -1 -1 155 155
156 -1 -1 150 150 150 150 -1 -1 127 127 -1 127 127 127 127 -1 153 153 153 153 -1 154 -1 148 148 148 148 148 148 148 -1 157 157 -1
-1 1 -1 2 -1 -1 3 -1 4 4 -1 5 -1 -1 -1 6 6 -1 -1 7 -1 7 7 7 7 -1 -1 8 8 -1 9 -1 -1 10 10
-1 1 -1 2 2 -1 -1 -1 -1 -1 -1 5 5 -1 -1 -1 11 11 -1 7 7 7 7 7 -1 12 12 -1 10 10 10 10 10 10 -1
2 2 -1 2 2 -1 -1 2 -1 13 13 -1 5 5 5 -1 -1 7 7 7 7 7 7 -1 -1 12 12 12 -1 12 -1 -1 -1 14 -1
-1 2 2 2 2 2 2 2 2 -1 15 15 -1 5 -1 -1 16 -1 7 7 7 -1 17 17 17 -1 12 12 12 12 12 12 -1 14 14
18 -1 -1 -1 -1 2 2 2 -1 -1 15 15 15 15 -1 -1 16 -1 7 -1 -1 -1 17 17 -1 19 -1 20 -1 20 -1 -1 -1 14 14
-1 21 21 -1 -1 -1 2 2 -1 15 15 15 -1 -1 -1 22 -1 23 23 23 -1 17 17 17 -1 -1 20 20 20 20 20 20 20 -1 24
-1 25 -1 2 2 2 2 2 -1 -1 -1 -1 -1 26 26 -1 -1 23 23 23 23 -1 17 -1 27 -1 20 -1 -1 -1 -1 20 20 20 -1
28 -1 29 -1 30 -1 31 -1 32 -1 -1 33 -1 26 -1 -1 -1 23 -1 23 23 -1 23 23 -1 34 -1 -1 35 35 -1 -1 20 20 -1
28 -1 -1 -1 30 30 -1 -1 -1 -1 36 -1 37 -1 -1 -1 38 38 -1 23 23 23 23 -1 -1 39 39 -1 35 35 35 -1 20 20 -1
40 -1 40 -1 41 -1 -1 42 42 -1 43 -1 -1 -1 44 44 44 -1 44 -1 45 -1 45 45 -1 39 39 39 -1 -1 46 -1 47 -1 48
40 40 40 -1 41 -1 49 -1 -1 -1 43 43 43 43 -1 -1 44 44 44 -1 45 45 45 45 -1 50 -1 -1 -1 46 46 -1 47 -1 48
40 40 40 40 40 40 -1 -1 51 51 -1 43 -1 43 43 43 43 -1 -1 52 -1 -1 53 -1 50 50 -1 54 -1 -1 -1 55 55 -1 56
40 -1 40 -1 40 -1 57 57 -1 -1 58 -1 59 -1 43 43 -1 -1 -1 -1 -1 -1 53 53 -1 53 -1 60 -1 -1 -1 -1 55 55 -1
61 -1 61 -1 61 61 -1 -1 62 62 62 -1 -1 -1 -1 43 43 43 -1 63 -1 -1 53 53 53 53 -1 -1 -1 64 64 64 64 -1 65
61 61 61 61 61 61 61 61 -1 -1 -1 66 -1 -1 43 43 43 43 43 43 -1 -1 -1 -1 53 53 -1 67 67 67 -1 -1 64 -1 65
61 61 -1 -1 -1 -1 -1 -1 66 -1 -1 66 66 66 -1 -1 -1 -1 43 43 43 -1 -1 -1 43 -1 -1 67 67 67 -1 68 -1 69 -1
-1 -1 70 70 -1 66 66 66 66 66 66 66 66 -1 -1 66 -1 -1 -1 43 43 43 43 43 43 -1 71 -1 -1 -1 72 72 72 -1 -1
73 -1 -1 70 -1 -1 66 66 -1 66 -1 66 66 66 66 66 -1 74 -1 -1 -1 -1 -1 43 43 43 43 43 43 43 -1 72 72 -1 72
73 73 73 -1 -1 66 66 -1 75 -1 -1 66 66 66 -1 76 -1 77 -1 78 78 -1 43 43 43 43 43 43 43 -1 72 72 72 72 72
79 -1 80 -1 80 -1 81 81 -1 66 66 66 -1 66 -1 -1 82 -1 -1 -1 83 -1 -1 43 -1 -1 84 -1 85 -1 86 -1 -1 72 -1
79 -1 80 80 80 -1 81 -1 66 66 66 66 -1 -1 82 82 82 -1 83 83 83 83 -1 87 87 87 -1 -1 85 -1 86 86 -1 -1 -1
-1 -1 -1 80 -1 -1 -1 88 -1 66 -1 66 66 -1 89 -1 -1 -1 83 83 83 83 -1 87 -1 -1 -1 86 86 86 86 86 -1 90 90
91 91 -1 -1 92 -1 -1 93 93 93 -1 66 66 66 -1 94 94 -1 83 83 83 83 -1 -1 95 95 95 -1 86 86 86 86 86 -1 -1
96 -1 97 97 97 -1 93 93 -1 93 -1 -1 -1 66 66 -1 98 98 -1 -1 -1 83 -1 95 95 95 95 -1 95 -1 95 -1 99 99 -1
96 -1 -1 100 -1 -1 93 93 -1 -1 66 66 66 66 66 -1 98 98 98 98 98 -1 95 95 95 95 95 95 95 95 95 -1 -1 -1 -1
101 -1 102 -1 102 102 -1 -1 66 66 66 66 66 66 -1 -1 98 98 98 98 98 -1 103 -1 103 -1 -1 -1 104 -1 105 105 -1 -1 106
-1 -1 102 102 102 -1 -1 66 66 66 66 -1 66 66 -1 -1 98 -1 98 98 -1 -1 103 103 103 103 -1 107 -1 -1 -1 106 106 106 106
102 102 102 102 -1 108 108 -1 66 66 -1 109 109 -1 98 98 98 98 98 98 98 98 -1 -1 -1 -1 110 -1 111 111 -1 106 106 106 -1
-1 -1 102 -1 -1 108 108 -1 66 -1 -1 109 109 -1 98 98 -1 112 -1 -1 98 98 -1 113 -1 110 110 -1 -1 114 -1 106 106 106 -1
115 115 -1 -1 108 108 -1 116 116 -1 117 -1 118 118 -1 98 -1 112 112 -1 119 -1 120 -1 -1 110 110 -1 121 -1 122 -1 -1 106 106
115 115 115 115 -1 123 123 123 -1 -1 117 -1 -1 -1 -1 124 -1 -1 -1 -1 119 -1 120 -1 125 125 -1 126 -1 -1 122 -1 -1 -1 -1
-1 -1 -1 -1 -1 123 -1 -1 -1 127 127 -1 128 -1 -1 124 124 -1 -1 124 124 124 124 -1 -1 -1 126 126 126 126 -1 -1 129 129 -1
130 130 130 130 -1 -1 131 131 -1 -1 127 -1 -1 124 -1 124 124 124 124 124 124 124 -1 -1 -1 -1 -1 126 126 126 -1 -1 -1 -1 -1
-1 130 130 -1 -1 -1 132 -1 -1 -1 -1 124 124 124 124 124 -1 124 124 -1 124 124 124 -1 126 -1 126 126 126 -1 133 -1 134 -1 -1
135 135 -1 136 -1 137 -1 138 138 138 -1 -1 124 -1 124 -1 124 124 124 124 124 124 124 -1 126 126 126 126 126 -1 -1 134 134 -1 139
-1 -1 1 -1 2 -1 3 -1 4 -1 -1 5 5 -1 -1 -1 -1 6 6 6 6 -1 7 7 7 7 7 7 7 7 -1 8 -1 7 7
-1 -1 -1 9 -1 10 -1 -1 -1 11 -1 5 5 -1 -1 6 6 6 -1 6 6 6 -1 -1 7 7 7 7 7 -1 -1 -1 7 7 7
12 12 12 12 12 -1 12 12 12 -1 13 -1 5 5 5 -1 -1 -1 14 14 -1 -1 -1 -1 7 7 -1 -1 7 7 -1 -1 7 7 -1
-1 12 -1 12 12 12 12 12 12 12 12 12 -1 5 -1 -1 15 15 -1 14 -1 -1 16 16 -1 -1 -1 17 -1 7 7 7 7 7 7
-1 18 -1 12 12 12 -1 12 12 -1 12 12 -1 19 -1 -1 15 15 -1 -1 20 -1 -1 -1 7 7 -1 7 7 7 -1 7 7 7 -1
-1 -1 21 -1 12 12 12 -1 -1 22 -1 -1 19 19 -1 23 -1 -1 24 -1 -1 25 -1 7 7 7 7 7 7 7 7 7 -1 -1 26
-1 -1 -1 -1 12 12 12 -1 -1 19 -1 19 19 19 -1 -1 -1 27 -1 28 -1 29 29 -1 7 7 7 -1 7 -1 7 7 -1 -1 26
30 -1 31 -1 19 -1 -1 19 19 19 19 19 -1 19 19 19 -1 27 -1 -1 -1 -1 -1 -1 -1 7 7 -1 7 -1 7 7 7 -1 32
30 -1 31 -1 19 19 19 19 19 -1 -1 33 -1 19 19 19 -1 -1 -1 34 34 34 -1 7 7 -1 7 7 7 7 7 -1 7 -1 32
35 35 -1 -1 36 -1 -1 -1 -1 -1 -1 -1 -1 19 -1 19 19 -1 -1 34 34 -1 7 7 7 7 7 7 -1 7 -1 -1 37 37 -1
35 35 -1 -1 -1 -1 -1 -1 38 38 38 38 -1 39 39 -1 19 -1 40 40 -1 -1 7 -1 -1 41 -1 -1 -1 -1 -1 42 -1 43 43
-1 -1 -1 -1 44 -1 45 45 -1 -1 -1 38 38 -1 46 46 -1 -1 46 -1 41 41 41 -1 41 41 -1 47 -1 -1 -1 42 -1 43 -1
48 48 48 48 -1 49 -1 50 -1 51 51 -1 -1 -1 46 46 46 46 46 46 -1 41 41 41 41 41 41 -1 52 52 -1 53 53 53 -1
48 48 -1 -1 -1 -1 50 50 50 -1 54 54 54 -1 46 46 46 46 -1 -1 -1 -1 41 41 -1 -1 55 -1 52 52 -1 53 -1 53 53
-1 -1 -1 -1 50 50 50 50 50 -1 -1 -1 -1 56 -1 -1 46 -1 -1 41 41 41 41 -1 57 -1 -1 -1 52 52 52 52 -1 -1 -1
-1 58 -1 50 50 50 50 -1 59 -1 -1 56 56 56 -1 60 60 60 -1 41 -1 41 -1 -1 -1 61 -1 52 52 52 -1 52 52 -1 62
63 63 -1 50 50 50 -1 64 -1 65 65 65 -1 -1 66 -1 60 60 -1 67 -1 -1 68 -1 69 69 69 69 -1 -1 70 -1 -1 71 -1
-1 63 -1 50 50 50 50 -1 -1 -1 65 65 65 65 65 65 -1 60 -1 -1 -1 -1 72 72 72 -1 -1 -1 73 73 -1 71 71 71 -1
74 -1 75 -1 50 50 -1 -1 76 -1 -1 -1 -1 -1 65 65 -1 -1 -1 77 -1 78 -1 72 72 -1 79 -1 -1 71 71 71 71 -1 -1
80 80 80 80 -1 -1 -1 -1 -1 -1 -1 -1 -1 65 65 65 -1 -1 -1 77 -1 -1 72 72 -1 81 -1 82 -1 -1 -1 -1 -1 83 83
-1 84 -1 -1 -1 85 85 -1 -1 86 86 -1 65 65 65 -1 87 87 87 -1 -1 -1 72 72 -1 88 -1 88 -1 89 89 89 89 -1 83
84 84 -1 -1 85 85 85 -1 -1 -1 65 65 65 65 -1 87 87 87 87 87 -1 -1 -1 -1 88 88 88 88 88 -1 89 89 89 89 89
84 -1 -1 85 85 -1 85 85 -1 -1 65 65 65 -1 87 87 87 -1 -1 90 90 90 -1 88 88 88 -1 -1 88 88 -1 89 89 -1 -1
-1 -1 85 85 85 -1 -1 -1 -1 91 91 -1 92 92 92 -1 93 93 -1 -1 94 -1 88 88 88 88 88 88 -1 88 -1 89 -1 -1 -1
85 85 85 85 -1 85 -1 -1 95 -1 91 91 -1 92 92 -1 93 93 93 93 -1 88 88 88 -1 -1 -1 96 -1 -1 97 -1 98 -1 -1
-1 -1 85 85 85 85 85 -1 99 -1 -1 91 91 -1 93 93 93 93 93 -1 -1 -1 -1 -1 100 -1 101 -1 -1 102 102 102 -1 -1 103
-1 -1 85 85 85 85 85 85 -1 -1 -1 -1 -1 104 -1 105 -1 93 93 93 93 -1 106 -1 -1 101 101 101 -1 102 102 102 -1 103 103
107 -1 -1 -1 -1 85 85 85 -1 -1 108 108 -1 -1 -1 105 -1 -1 93 93 93 -1 -1 109 -1 101 101 -1 102 102 -1 -1 -1 103 103
107 107 107 107 107 107 -1 -1 108 108 108 -1 110 110 110 110 110 110 -1 111 -1 -1 -1 112 -1 101 101 101 -1 113 -1 -1 -1 -1 -1
-1 107 107 -1 107 107 107 -1 -1 -1 -1 114 114 -1 -1 -1 110 110 -1 111 111 111 111 -1 -1 101 -1 -1 113 113 113 -1 115 115 -1
-1 107 107 107 -1 107 107 107 -1 -1 116 -1 -1 -1 117 -1 -1 -1 118 118 -1 -1 111 111 -1 113 113 113 113 -1 -1 -1 -1 -1 -1
-1 107 -1 -1 119 -1 -1 107 -1 -1 -1 -1 -1 120 -1 -1 -1 121 121 -1 122 122 122 -1 113 113 -1 113 -1 123 -1 124 -1 125 125
-1 126 126 126 -1 127 -1 -1 128 128 128 -1 129 129 129 -1 -1 130 -1 122 122 122 -1 -1 113 113 -1 131 131 131 -1 132 132 -1 -1
-1 -1 -1 126 126 -1 133 -1 -1 128 -1 -1 129 129 -1 134 134 -1 135 -1 -1 122 122 122 -1 113 113 -1 113 -1 113 -1 113 113 113
136 -1 137 137 -1 133 133 -1 138 -1 139 139 -1 -1 134 134 134 -1 135 135 -1 140 -1 -1 141 -1 113 113 113 113 113 113 113 113 -1
-1 -1 -1 1 1 1 1 -1 2 -1 3 3 3 -1 4 -1 -1 -1 -1 -1 -1 -1 -1 5 -1 -1 -1 6 6 6 -1 6 6 -1 -1
7 7 -1 -1 -1 1 -1 -1 8 8 -1 3 -1 9 9 -1 -1 -1 -1 -1 -1 10 -1 5 -1 11 -1 6 6 6 6 6 -1 12 12
7 -1 -1 -1 -1 -1 13 13 -1 13 13 -1 -1 14 -1 15 15 15 -1 16 -1 17 17 -1 18 -1 -1 19 -1 20 -1 21 21 -1 12
22 -1 -1 23 -1 -1 13 13 13 13 13 -1 24 -1 15 15 15 15 -1 -1 25 -1 26 -1 27 27 27 -1 -1 20 -1 -1 28 28 -1
22 -1 -1 29 -1 -1 13 -1 13 -1 -1 -1 -1 -1 15 -1 -1 30 30 30 -1 31 -1 27 -1 -1 27 27 -1 -1 -1 -1 28 -1 32
33 33 -1 -1 34 34 -1 35 -1 34 34 34 34 34 34 34 -1 30 30 -1 -1 -1 27 27 27 -1 27 27 -1 36 36 -1 -1 27 27
33 33 -1 -1 34 34 -1 -1 -1 34 34 -1 34 -1 34 -1 -1 -1 -1 37 -1 38 -1 -1 27 27 27 -1 -1 39 -1 -1 27 27 27
33 33 33 -1 -1 34 34 34 34 34 34 34 -1 40 -1 41 -1 -1 42 -1 38 38 -1 27 27 27 27 -1 27 -1 43 -1 27 27 27
-1 -1 33 33 -1 44 -1 45 -1 -1 -1 46 46 -1 -1 -1 47 -1 -1 -1 -1 27 27 27 27 -1 27 27 27 27 -1 48 -1 27 27
49 49 -1 -1 50 -1 -1 -1 51 -1 46 46 46 46 -1 52 -1 -1 53 53 53 -1 -1 -1 27 -1 -1 -1 27 27 27 -1 27 27 27
-1 -1 -1 -1 50 50 50 -1 -1 -1 46 -1 46 -1 -1 54 54 -1 -1 -1 -1 27 27 27 27 27 27 27 27 27 27 27 27 -1 -1
-1 55 55 -1 56 -1 57 57 -1 -1 -1 58 -1 54 54 54 54 -1 54 -1 -1 27 -1 27 -1 -1 59 -1 -1 -1 -1 27 27 27 -1
-1 55 55 -1 -1 60 -1 61 -1 62 -1 -1 63 -1 54 54 54 54 54 54 54 54 54 -1 -1 -1 -1 -1 64 64 -1 -1 -1 -1 -1
-1 55 -1 -1 60 60 -1 61 -1 -1 -1 65 65 -1 54 54 -1 54 -1 54 54 -1 66 66 -1 67 67 -1 -1 64 -1 -1 -1 -1 68
69 -1 70 -1 -1 -1 71 -1 72 -1 -1 73 -1 -1 -1 74 -1 54 54 54 54 -1 66 66 -1 -1 -1 75 -1 -1 76 76 -1 77 -1
78 78 -1 79 -1 80 80 -1 80 -1 80 -1 81 -1 -1 74 -1 -1 82 -1 -1 -1 83 -1 84 84 -1 -1 85 85 -1 -1 -1 77 77
78 78 78 78 -1 80 80 80 80 80 80 80 -1 -1 86 86 86 -1 -1 -1 87 87 -1 84 84 -1 88 -1 -1 -1 -1 -1 89 89 -1
-1 78 -1 -1 80 80 80 80 80 -1 80 80 -1 -1 -1 86 -1 -1 -1 -1 -1 87 -1 -1 -1 -1 -1 90 -1 -1 -1 91 91 -1 91
-1 -1 80 80 80 -1 80 -1 80 80 80 -1 92 92 -1 93 -1 94 94 -1 95 -1 -1 96 -1 96 96 96 -1 -1 97 -1 91 91 91
98 -1 -1 -1 -1 -1 -1 99 -1 -1 -1 100 -1 92 -1 -1 -1 94 -1 101 101 -1 -1 96 96 96 96 -1 96 -1 -1 -1 -1 91 91
98 98 -1 102 102 -1 103 -1 104 -1 105 -1 106 106 106 -1 107 107 107 -1 101 101 101 -1 -1 96 96 96 96 96 96 96 -1 -1 -1
108 -1 109 -1 110 110 110 110 110 110 110 -1 -1 106 -1 -1 -1 107 107 -1 -1 -1 -1 111 -1 -1 -1 96 96 -1 -1 -1 112 -1 113
-1 -1 -1 -1 -1 -1 -1 -1 110 110 110 -1 -1 -1 114 114 114 -1 -1 -1 -1 115 115 115 -1 -1 116 116 -1 -1 117 -1 -1 -1 -1
118 -1 -1 119 119 119 119 -1 -1 -1 -1 120 -1 114 114 114 114 114 -1 121 121 -1 -1 115 115 115 -1 116 116 116 116 -1 -1 122 -1
-1 -1 -1 -1 -1 -1 -1 123 -1 123 -1 123 123 123 -1 -1 114 -1 -1 121 121 -1 124 -1 115 -1 -1 -1 116 116 -1 125 125 -1 126
127 -1 -1 -1 128 -1 123 123 123 123 123 123 -1 123 123 -1 121 121 121 121 121 -1 129 129 -1 -1 -1 116 116 116 -1 -1 130 130 -1
-1 -1 123 123 -1 123 123 -1 -1 131 -1 -1 132 -1 -1 133 -1 133 -1 -1 -1 -1 129 129 129 -1 -1 -1 -1 134 -1 -1 -1 135 -1
-1 123 123 123 123 123 -1 136 136 -1 137 137 -1 -1 133 133 133 133 -1 -1 138 138 138 -1 -1 139 139 -1 -1 -1 -1 135 135 135 135
-1 123 123 123 -1 -1 140 -1 136 -1 137 -1 -1 -1 133 -1 -1 138 138 138 138 -1 138 138 138 -1 139 139 -1 -1 -1 -1 135 135 -1
123 123 -1 -1 141 141 141 141 -1 142 -1 143 143 143 143 -1 -1 -1 138 138 -1 144 -1 -1 -1 -1 139 139 -1 -1 135 135 135 135 -1
-1 145 145 -1 -1 146 -1 147 -1 -1 148 -1 -1 143 143 143 -1 149 -1 150 150 -1 151 -1 139 139 139 -1 152 152 -1 135 135 135 -1
-1 -1 153 -1 -1 146 -1 147 147 147 147 -1 -1 143 -1 143 -1 -1 154 -1 155 -1 -1 -1 -1 139 139 139 139 -1 -1 -1 -1 -1 -1
-1 -1 -1 -1 -1 -1 -1 -1 -1 -1 147 -1 156 156 -1 157 157 157 -1 -1 -1 -1 -1 -1 158 -1 139 -1 139 139 -1 -1 -1 159 159
160 -1 161 161 161 -1 162 -1 163 -1 -1 164 -1 156 -1 157 157 157 -1 165 -1 -1 166 -1 -1 -1 139 139 139 139 -1 -1 -1 -1 -1
160 160 -1 -1 161 -1 162 162 -1 167 -1 168 -1 169 169 169 -1 -1 -1 -1 170 170 -1 -1 171 -1 -1 139 139 -1 172 -1 -1 173 173
-1 1 1 1 1 1 1 1 1 -1 2 2 -1 3 3 3 3 3 3 -1 4 4 4 -1 5 -1 6 6 6 -1 -1 -1 7 -1 8
-1 -1 1 1 1 -1 9 -1 2 2 2 2 -1 -1 3 3 3 -1 -1 4 4 4 -1 10 -1 11 11 -1 -1 -1 11 11 -1 12 -1
13 -1 1 -1 -1 14 -1 14 -1 -1 2 -1 -1 -1 3 -1 -1 -1 15 15 -1 16 16 -1 11 11 11 11 11 11 11 11 11 -1 17
18 18 18 18 -1 14 14 14 14 14 14 -1 19 19 19 19 19 19 -1 15 -1 16 16 -1 -1 11 11 -1 11 11 -1 11 -1 20 20
-1 21 -1 -1 22 22 -1 23 -1 -1 -1 -1 19 19 19 -1 -1 -1 -1 -1 -1 24 -1 11 -1 11 11 -1 11 -1 -1 25 25 25 -1
26 -1 27 -1 -1 22 22 -1 -1 28 28 -1 19 19 -1 29 -1 30 30 30 30 -1 11 11 11 11 11 11 -1 -1 -1 -1 -1 25 25
26 -1 -1 -1 -1 31 -1 -1 -1 -1 -1 32 -1 -1 -1 -1 -1 -1 -1 33 -1 -1 11 -1 11 -1 -1 -1 34 34 34 -1 35 35 -1
-1 36 36 -1 31 31 -1 37 37 -1 -1 -1 38 -1 39 -1 -1 -1 40 -1 -1 41 -1 42 42 42 42 -1 34 34 -1 -1 42 -1 -1
-1 -1 -1 43 -1 44 -1 37 37 -1 -1 38 38 38 -1 45 45 45 -1 -1 46 46 -1 47 -1 42 42 42 -1 42 42 42 42 -1 -1
-1 -1 -1 -1 44 44 44 -1 44 -1 -1 38 38 -1 45 45 45 45 -1 46 46 46 -1 -1 -1 -1 42 42 42 42 -1 -1 48 48 -1
-1 -1 -1 -1 44 44 -1 44 44 -1 49 -1 38 -1 45 45 45 -1 -1 46 46 46 46 -1 -1 -1 42 42 42 42 42 -1 48 48 48
50 -1 -1 51 -1 44 44 44 44 44 44 -1 52 52 52 -1 -1 53 -1 46 46 46 -1 54 -1 -1 -1 -1 -1 42 -1 55 55 -1 56
-1 -1 -1 57 -1 -1 44 44 44 -1 44 -1 52 52 52 52 52 52 52 -1 46 -1 -1 58 -1 59 59 -1 -1 -1 -1 60 -1 61 -1
62 -1 57 57 57 -1 -1 -1 -1 -1 63 -1 64 -1 52 52 52 -1 -1 -1 65 -1 66 -1 -1 59 -1 67 -1 68 -1 60 -1 -1 69
-1 -1 -1 57 57 -1 70 -1 -1 -1 -1 71 -1 52 52 -1 -1 -1 -1 -1 65 65 -1 65 -1 72 -1 -1 -1 69 69 -1 69 69 69
-1 73 -1 -1 74 -1 75 -1 -1 -1 76 -1 52 52 -1 -1 77 77 77 -1 65 65 65 65 -1 72 -1 -1 69 69 69 69 69 69 -1
74 74 74 74 74 74 -1 76 76 76 76 -1 52 -1 78 78 -1 77 77 77 -1 -1 -1 -1 79 79 79 79 -1 -1 -1 -1 -1 80 80
74 74 -1 74 74 -1 -1 -1 -1 76 76 76 -1 -1 -1 78 -1 77 -1 -1 79 79 79 -1 -1 79 79 79 -1 81 81 81 -1 80 80
74 74 -1 82 -1 82 -1 -1 -1 -1 76 76 -1 83 83 -1 -1 -1 84 -1 79 79 79 79 79 79 79 -1 85 85 -1 -1 -1 86 -1
82 -1 -1 82 82 82 82 -1 87 -1 76 76 -1 -1 88 88 88 88 -1 -1 89 -1 79 79 79 79 79 -1 90 -1 91 -1 -1 86 -1
82 82 82 82 82 82 82 -1 -1 -1 76 -1 -1 -1 88 88 88 88 -1 89 89 -1 -1 79 79 79 79 -1 -1 91 91 91 -1 -1 -1
92 -1 82 82 -1 -1 93 93 93 -1 -1 -1 94 -1 88 88 -1 88 88 -1 -1 95 -1 -1 -1 79 -1 96 96 -1 97 -1 -1 98 98
92 92 -1 93 -1 93 93 -1 93 93 -1 -1 94 94 -1 99 -1 -1 88 88 88 -1 100 -1 -1 -1 96 96 96 -1 97 97 97 -1 -1
92 92 -1 93 93 93 -1 101 -1 93 93 93 93 -1 -1 99 -1 102 -1 -1 -1 103 103 103 103 103 -1 -1 104 -1 105 -1 106 106 -1
-1 93 93 93 93 93 93 -1 107 107 -1 -1 93 -1 -1 108 108 -1 -1 109 109 -1 -1 -1 -1 110 110 -1 -1 105 105 105 -1 111 111
112 -1 -1 93 93 -1 -1 113 113 -1 -1 114 114 114 -1 108 -1 109 109 109 109 109 -1 115 -1 -1 116 -1 -1 -1 111 -1 111 111 111
-1 93 93 93 93 -1 -1 -1 113 113 -1 -1 -1 -1 -1 -1 117 -1 -1 109 109 -1 -1 116 116 116 116 -1 -1 -1 111 111 111 111 -1
118 -1 119 -1 120 -1 -1 121 -1 -1 -1 122 122 -1 -1 -1 -1 -1 -1 -1 -1 123 123 -1 124 -1 125 -1 126 -1 -1 111 -1 -1 -1
118 -1 119 -1 120 -1 -1 -1 -1 127 -1 122 122 122 122 -1 -1 -1 -1 -1 123 123 123 123 -1 126 -1 -1 126 126 -1 128 -1 129 129
-1 127 127 127 127 127 127 127 127 127 -1 122 122 -1 130 130 -1 -1 131 131 -1 123 123 123 -1 126 126 126 126 126 126 -1 -1 129 -1
132 -1 127 -1 -1 -1 127 127 -1 -1 -1 -1 -1 130 130 -1 -1 133 -1 134 -1 -1 123 123 -1 -1 126 126 126 -1 126 -1 -1 135 135
-1 136 136 136 136 136 136 -1 137 -1 -1 -1 138 -1 139 -1 133 133 -1 134 134 134 134 -1 140 140 -1 126 126 126 126 -1 126 -1 126
141 -1 136 -1 -1 136 136 -1 137 137 137 -1 -1 -1 -1 142 -1 143 -1 -1 -1 144 -1 -1 140 140 -1 -1 126 -1 126 126 126 126 126
145 145 145 -1 -1 -1 146 -1 -1 137 -1 147 -1 148 -1 -1 149 -1 150 150 -1 -1 -1 140 140 140 140 -1 151 151 151 -1 -1 126 -1
-1 -1 145 -1 -1 -1 -1 152 -1 153 153 153 -1 -1 -1 -1 149 149 -1 -1 154 154 -1 -1 140 -1 -1 151 151 151 -1 155 -1 -1 -1
-1 1 -1 -1 -1 2 2 2 2 2 2 2 -1 3 -1 4 4 4 -1 -1 -1 4 -1 -1 -1 5 -1 6 6 -1 -1 7 -1 -1 -1
1 1 1 -1 8 -1 9 -1 10 -1 2 2 -1 -1 4 4 -1 4 4 4 4 4 4 -1 5 5 -1 6 -1 11 -1 -1 12 -1 13
1 1 -1 -1 8 8 -1 -1 10 10 -1 10 10 -1 -1 -1 -1 4 4 -1 -1 -1 -1 14 -1 14 14 14 14 -1 15 -1 12 -1 13
16 -1 -1 17 -1 -1 -1 18 -1 10 10 10 -1 -1 -1 19 19 -1 -1 -1 -1 14 14 14 14 14 -1 -1 -1 20 -1 21 -1 22 -1
16 -1 -1 -1 23 -1 10 10 10 10 10 -1 24 -1 25 -1 -1 14 14 14 14 14 14 -1 14 14 -1 -1 -1 -1 -1 26 -1 27 27
28 28 -1 -1 -1 -1 -1 10 -1 10 -1 29 29 -1 -1 30 -1 14 14 14 14 14 14 -1 -1 -1 31 31 -1 -1 -1 26 -1 27 27
28 28 -1 32 -1 33 33 33 33 33 33 33 -1 34 34 -1 -1 -1 -1 -1 14 -1 14 -1 35 35 -1 -1 -1 36 -1 37 -1 -1 27
-1 -1 38 -1 33 33 33 33 33 33 33 -1 39 -1 -1 40 -1 -1 -1 -1 41 41 -1 -1 36 -1 36 36 36 36 -1 37 37 -1 -1
-1 38 38 -1 -1 33 33 33 -1 33 33 -1 -1 -1 42 42 -1 43 -1 44 -1 36 36 36 36 36 36 36 -1 45 45 45 -1 46 46
-1 38 -1 -1 33 33 33 33 -1 -1 33 -1 -1 42 42 42 -1 43 43 -1 -1 36 36 -1 -1 36 36 -1 -1 -1 47 -1 -1 46 46
-1 -1 48 -1 -1 33 33 33 -1 33 33 -1 -1 -1 -1 -1 49 49 -1 49 -1 -1 36 36 36 -1 -1 36 36 -1 -1 50 -1 -1 46
-1 -1 51 51 -1 33 33 -1 33 33 33 -1 33 -1 -1 -1 -1 49 49 49 -1 -1 -1 36 36 36 36 36 -1 52 -1 50 50 -1 53
54 54 -1 -1 -1 -1 33 33 33 33 33 33 33 33 33 -1 -1 55 -1 -1 -1 -1 -1 36 36 -1 -1 56 -1 56 -1 50 50 -1 -1
57 -1 58 58 -1 33 33 33 33 33 -1 33 -1 -1 59 59 59 -1 -1 60 60 -1 56 -1 -1 -1 56 56 56 56 56 -1 -1 61 61
57 -1 58 -1 33 33 33 33 33 -1 62 -1 -1 -1 59 59 59 59 -1 -1 60 -1 56 56 -1 56 -1 56 56 -1 56 56 56 -1 -1
63 63 63 -1 -1 33 33 -1 -1 -1 64 64 64 -1 -1 59 59 -1 -1 56 56 56 -1 56 56 56 56 56 56 56 56 56 -1 -1 65
-1 -1 -1 66 -1 33 33 -1 -1 -1 64 -1 -1 -1 -1 -1 59 -1 56 56 56 56 56 56 56 -1 56 -1 -1 -1 56 -1 67 -1 65
-1 -1 -1 66 66 -1 -1 -1 -1 68 68 -1 -1 69 -1 -1 -1 -1 -1 56 56 56 56 56 -1 70 70 -1 -1 -1 71 71 -1 -1 -1
-1 72 -1 -1 -1 68 68 -1 -1 68 68 -1 73 -1 -1 -1 -1 74 74 74 -1 -1 56 56 -1 -1 -1 75 75 75 -1 76 -1 -1 -1
-1 72 72 -1 68 68 68 68 68 68 68 -1 77 -1 68 68 -1 74 -1 -1 -1 -1 -1 56 56 -1 -1 75 -1 -1 -1 -1 -1 -1 78
-1 72 72 -1 -1 -1 -1 -1 68 68 68 -1 -1 68 68 -1 68 68 -1 -1 -1 79 79 -1 -1 80 -1 81 81 -1 81 81 81 -1 78
72 72 72 -1 -1 -1 -1 68 68 68 68 68 68 68 68 68 68 68 68 68 -1 79 79 79 79 -1 81 81 81 81 81 81 -1 -1 82
-1 83 -1 -1 68 68 -1 68 -1 68 68 68 -1 -1 -1 84 -1 85 -1 -1 -1 -1 79 -1 79 79 -1 -1 -1 86 -1 -1 -1 -1 -1
-1 83 -1 -1 68 68 68 68 -1 68 68 68 -1 -1 -1 84 -1 85 85 85 85 85 85 85 85 -1 87 87 -1 -1 -1 88 -1 -1 -1
89 89 -1 68 68 68 68 68 68 68 68 -1 -1 90 90 90 90 -1 85 85 -1 87 -1 87 -1 87 87 87 -1 -1 -1 -1 -1 91 -1
-1 -1 68 68 68 68 68 68 -1 68 68 68 68 -1 92 -1 -1 93 93 -1 -1 87 87 87 87 87 -1 87 87 87 87 87 -1 91 -1
-1 68 68 68 68 68 -1 94 -1 -1 68 68 68 68 -1 95 95 -1 -1 96 96 96 -1 -1 -1 97 -1 -1 -1 98 -1 -1 -1 99 -1
68 68 -1 68 68 -1 -1 -1 100 -1 68 68 68 -1 68 -1 101 -1 102 -1 103 -1 -1 104 104 -1 105 105 -1 98 -1 -1 106 -1 -1
68 68 -1 -1 -1 -1 100 100 100 100 -1 68 68 68 68 -1 101 -1 -1 107 -1 107 107 -1 104 104 -1 108 108 -1 -1 106 106 106 106
68 68 -1 109 -1 -1 -1 -1 110 -1 -1 -1 68 68 -1 -1 111 -1 -1 107 107 107 107 107 -1 -1 -1 -1 112 -1 -1 -1 106 106 -1
68 -1 113 113 113 -1 -1 -1 -1 114 -1 115 -1 -1 -1 116 -1 -1 117 -1 107 107 107 -1 118 -1 -1 -1 112 -1 -1 106 106 106 106
-1 -1 113 113 -1 -1 114 114 114 114 114 -1 119 -1 120 -1 -1 -1 121 121 -1 107 107 -1 -1 -1 122 122 -1 -1 106 106 -1 106 -1
-1 -1 -1 -1 -1 -1 114 -1 114 114 114 -1 119 -1 120 -1 -1 121 121 121 121 -1 107 -1 123 -1 -1 124 124 -1 106 -1 -1 125 125
126 126 -1 -1 -1 -1 -1 127 -1 114 -1 -1 128 -1 -1 -1 129 -1 121 121 -1 130 -1 131 -1 124 124 124 124 124 124 124 124 -1 124
-1 132 132 132 -1 133 133 133 133 -1 -1 128 128 128 -1 129 129 129 -1 134 -1 -1 135 135 135 -1 -1 124 124 -1 124 -1 124 124 124
-1 -1 1 1 -1 -1 2 2 2 2 2 2 2 2 -1 -1 3 -1 4 4 4 -1 5 -1 6 -1 7 7 7 7 -1 -1 -1 8 8
-1 1 1 1 -1 9 9 -1 -1 -1 10 -1 2 2 2 -1 11 11 11 -1 -1 12 12 12 -1 13 -1 -1 14 -1 15 15 15 -1 15
16 16 -1 -1 9 9 9 -1 -1 17 -1 2 2 -1 -1 11 11 -1 -1 -1 -1 12 12 12 12 -1 -1 18 -1 -1 15 -1 15 15 15
-1 16 -1 -1 -1 9 -1 -1 -1 -1 2 2 -1 19 -1 11 11 -1 -1 12 12 12 12 12 12 -1 20 -1 -1 21 -1 -1 15 15 -1
-1 22 -1 23 -1 -1 24 -1 -1 25 -1 -1 -1 26 26 -1 -1 -1 -1 12 12 -1 12 12 -1 -1 -1 -1 27 -1 28 -1 -1 29 -1
22 22 22 -1 30 -1 31 -1 -1 25 25 -1 25 -1 32 32 -1 -1 12 12 12 12 12 -1 -1 33 -1 34 -1 -1 -1 35 -1 29 29
22 -1 -1 36 -1 31 31 31 31 -1 25 25 25 25 -1 -1 -1 -1 12 -1 12 12 -1 -1 37 -1 38 -1 39 -1 40 40 40 40 -1
-1 41 41 -1 -1 31 -1 -1 25 -1 -1 -1 25 25 25 25 -1 42 -1 -1 43 -1 44 44 44 44 44 44 44 -1 45 -1 40 40 40
-1 46 -1 -1 25 25 -1 25 25 25 25 25 25 25 -1 -1 47 -1 -1 43 43 43 -1 48 -1 49 -1 -1 -1 50 -1 40 40 -1 -1
46 46 -1 -1 25 25 25 25 25 -1 -1 -1 -1 -1 -1 -1 51 51 51 -1 -1 43 43 -1 49 49 -1 52 -1 -1 -1 -1 -1 53 53
-1 -1 54 -1 -1 -1 25 25 25 -1 55 55 55 -1 56 -1 51 51 51 -1 -1 43 43 -1 49 49 -1 49 49 49 49 49 49 -1 -1
57 57 -1 -1 -1 -1 58 -1 -1 55 55 55 -1 59 -1 -1 51 51 -1 -1 43 43 43 43 -1 49 49 49 -1 49 -1 -1 -1 60 -1
57 57 -1 58 58 58 58 58 58 58 -1 58 58 58 58 -1 -1 -1 -1 61 -1 62 -1 -1 49 49 49 49 49 -1 -1 -1 63 -1 -1
-1 57 -1 58 58 -1 -1 -1 58 58 58 58 58 -1 64 64 -1 65 -1 -1 66 -1 49 49 49 49 -1 49 -1 -1 67 -1 68 -1 69
-1 70 -1 -1 -1 70 70 -1 -1 58 58 -1 -1 64 64 64 64 -1 71 -1 66 66 -1 72 -1 73 73 73 73 -1 -1 74 -1 69 69
-1 70 70 70 70 70 70 -1 -1 -1 64 64 64 64 -1 64 64 64 64 64 64 -1 -1 72 -1 73 73 73 73 73 73 -1 69 69 69
-1 -1 -1 70 70 70 -1 -1 75 -1 64 -1 64 -1 -1 64 64 64 64 -1 -1 -1 76 -1 73 73 73 73 -1 -1 73 73 -1 -1 69
77 -1 -1 -1 70 70 -1 78 78 78 78 -1 79 79 -1 -1 -1 64 64 64 -1 -1 -1 80 -1 73 -1 -1 81 81 81 -1 -1 82 82
77 -1 -1 70 70 -1 70 70 -1 -1 78 -1 -1 83 83 83 -1 64 64 64 64 64 -1 -1 84 84 -1 85 -1 -1 -1 86 -1 82 82
-1 -1 70 70 -1 87 -1 70 70 70 -1 70 70 -1 -1 -1 -1 -1 -1 64 -1 -1 88 -1 88 -1 85 85 85 -1 86 86 -1 -1 -1
70 70 70 70 70 70 -1 -1 70 70 70 70 70 70 70 -1 -1 88 88 88 88 88 88 88 88 -1 -1 -1 -1 86 86 86 86 -1 89
70 70 -1 70 70 70 -1 90 -1 70 -1 70 -1 70 70 -1 70 -1 88 88 -1 -1 91 -1 -1 86 86 86 86 86 -1 86 86 86 86
70 -1 -1 70 70 70 70 70 70 70 70 70 -1 70 70 70 70 70 -1 -1 92 -1 -1 86 86 86 86 -1 86 86 86 86 86 86 -1
93 93 -1 -1 70 70 70 70 -1 -1 -1 70 70 -1 -1 -1 -1 70 70 70 70 -1 -1 86 -1 -1 86 86 86 86 86 86 86 86 -1
93 -1 70 70 70 -1 70 -1 -1 -1 94 -1 70 70 70 70 70 70 70 70 70 70 -1 86 86 -1 -1 86 86 86 86 -1 86 86 -1
95 -1 95 -1 96 96 -1 -1 -1 -1 97 -1 -1 70 -1 70 -1 70 70 70 70 70 -1 86 86 86 86 86 -1 -1 -1 98 98 -1 99
95 95 95 95 -1 97 97 97 97 97 97 97 -1 100 -1 101 101 101 -1 -1 -1 102 102 -1 86 -1 86 86 -1 -1 103 103 -1 104 -1
-1 -1 105 -1 97 97 -1 97 97 -1 -1 97 97 -1 -1 -1 101 101 101 101 -1 -1 -1 -1 86 86 86 86 86 86 -1 103 103 -1 106
-1 97 -1 97 97 97 -1 107 -1 -1 108 108 -1 -1 109 109 -1 -1 101 101 101 -1 -1 -1 86 -1 -1 86 86 -1 -1 -1 -1 106 106
-1 97 97 97 -1 -1 -1 107 -1 110 -1 -1 111 -1 -1 -1 -1 -1 -1 101 101 101 101 101 101 101 101 -1 -1 112 -1 113 -1 106 106
-1 -1 97 97 97 -1 -1 -1 -1 114 -1 115 -1 -1 -1 116 116 116 -1 101 101 101 101 101 -1 -1 101 -1 117 117 -1 118 -1 106 106
-1 119 -1 97 97 97 -1 -1 -1 114 -1 -1 116 116 116 116 -1 116 -1 -1 -1 -1 -1 -1 120 -1 -1 -1 117 117 117 -1 -1 106 -1
121 -1 122 -1 -1 123 123 -1 -1 -1 124 -1 116 -1 116 116 116 116 116 116 116 116 116 -1 -1 -1 117 117 117 -1 117 117 117 117 117
125 -1 126 126 126 -1 -1 127 127 -1 -1 -1 127 -1 -1 -1 -1 116 -1 116 -1 116 -1 -1 128 -1 117 117 117 -1 -1 117 117 117 -1
125 125 -1 126 126 126 -1 127 127 127 127 127 127 127 -1 129 -1 -1 128 128 128 128 128 128 128 -1 -1 117 117 117 -1 117 117 -1 -1
-1 1 1 1 -1 -1 2 2 -1 3 3 3 3 3 3 3 -1 4 4 4 -1 5 -1 6 -1 6 6 6 6 6 6 6 6 6 6
7 -1 -1 1 -1 8 -1 -1 -1 3 3 -1 3 3 3 3 -1 4 4 4 4 -1 -1 6 6 6 6 6 6 6 -1 6 -1 6 -1
7 7 7 -1 9 -1 10 -1 11 -1 -1 12 -1 -1 3 -1 -1 4 4 -1 4 -1 6 6 6 6 -1 -1 6 -1 13 13 -1 13 -1
-1 7 7 -1 14 -1 -1 -1 -1 -1 15 -1 4 -1 4 4 4 4 4 4 -1 16 16 -1 -1 -1 -1 -1 13 13 13 13 13 13 13
17 17 -1 14 14 14 -1 14 14 14 -1 -1 4 4 4 -1 4 4 4 -1 -1 -1 16 -1 18 18 18 18 -1 -1 13 13 13 -1 13
19 -1 20 -1 14 14 14 14 -1 14 -1 4 4 4 -1 21 -1 4 -1 -1 -1 22 -1 23 -1 18 -1 18 18 -1 24 -1 25 25 25
-1 26 -1 14 14 14 14 14 14 14 -1 4 4 -1 27 -1 -1 -1 28 -1 29 29 29 -1 30 -1 31 -1 18 -1 -1 -1 25 -1 25
-1 26 -1 -1 32 -1 33 -1 32 -1 4 4 -1 34 -1 -1 -1 35 35 -1 -1 -1 36 36 36 -1 -1 37 37 -1 -1 37 37 -1 37
-1 32 32 32 32 32 -1 32 32 32 -1 38 38 -1 -1 39 -1 -1 -1 -1 40 -1 36 36 36 -1 -1 -1 37 37 37 37 37 37 37
41 -1 42 -1 32 32 32 32 -1 -1 38 38 38 38 38 -1 43 -1 -1 -1 -1 36 36 36 36 -1 -1 -1 -1 -1 37 37 -1 -1 44
-1 -1 42 -1 32 -1 -1 38 38 38 38 38 -1 -1 -1 -1 43 -1 45 45 45 -1 36 36 -1 46 46 -1 47 -1 -1 -1 44 44 44
48 -1 49 -1 49 -1 -1 38 -1 -1 38 38 38 -1 -1 50 -1 51 51 -1 51 51 51 -1 -1 46 -1 52 -1 -1 -1 -1 44 44 -1
-1 -1 49 49 49 49 -1 49 49 -1 38 38 -1 53 53 -1 54 -1 51 51 51 -1 -1 55 -1 -1 56 56 56 56 -1 44 44 44 -1
-1 57 -1 49 49 -1 49 49 -1 58 -1 -1 59 -1 -1 60 -1 61 -1 51 51 -1 55 55 55 -1 -1 56 56 -1 44 44 44 44 -1
49 49 49 49 49 49 49 -1 -1 62 62 62 -1 -1 63 -1 -1 64 -1 -1 -1 -1 55 55 -1 -1 65 -1 56 56 -1 -1 44 44 44
49 -1 49 49 -1 -1 66 -1 -1 -1 -1 62 -1 -1 -1 -1 67 -1 -1 -1 -1 55 55 55 55 55 55 -1 56 56 56 -1 44 44 -1
49 49 49 49 -1 66 66 -1 -1 -1 68 -1 69 -1 70 70 -1 -1 71 71 71 71 -1 55 55 -1 55 -1 -1 -1 -1 44 44 -1 72
73 -1 -1 -1 66 66 66 -1 74 -1 -1 -1 75 75 -1 -1 -1 71 71 71 -1 -1 76 -1 -1 -1 -1 77 77 77 -1 -1 78 78 -1
73 73 73 73 -1 -1 -1 74 74 -1 75 75 75 75 -1 75 75 -1 -1 -1 79 79 -1 -1 -1 -1 -1 -1 77 77 -1 -1 78 -1 -1
-1 -1 -1 73 73 73 -1 74 74 -1 -1 -1 75 75 75 75 75 -1 -1 80 80 -1 -1 -1 81 81 -1 -1 82 -1 -1 83 83 -1 84
-1 85 -1 86 -1 -1 -1 87 -1 -1 75 75 75 -1 -1 88 -1 89 89 89 -1 -1 -1 -1 -1 -1 82 82 82 82 82 82 -1 -1 -1
90 -1 -1 86 86 86 86 -1 -1 -1 -1 -1 91 -1 -1 88 -1 -1 92 -1 -1 -1 93 93 -1 -1 -1 -1 82 82 82 -1 -1 -1 94
90 90 -1 -1 -1 86 86 -1 -1 95 -1 -1 91 -1 92 92 92 92 92 92 92 -1 -1 96 96 -1 97 97 -1 -1 -1 98 -1 94 94
-1 -1 -1 -1 86 86 -1 -1 -1 95 95 95 -1 -1 92 -1 -1 92 92 -1 -1 96 96 96 -1 -1 -1 -1 -1 99 -1 -1 100 -1 -1
-1 101 101 -1 86 86 -1 -1 102 -1 95 -1 -1 -1 92 92 92 92 92 92 -1 -1 96 -1 -1 103 -1 104 -1 105 -1 100 100 100 100
106 -1 86 86 86 86 -1 -1 -1 107 -1 -1 -1 108 108 -1 109 -1 110 -1 -1 103 103 103 103 103 103 -1 105 105 105 -1 100 100 100
106 -1 -1 86 86 -1 111 111 111 -1 112 112 112 112 -1 -1 -1 110 110 -1 103 103 103 103 -1 -1 -1 113 -1 -1 -1 -1 100 100 -1
86 86 86 86 -1 111 111 111 -1 -1 112 112 -1 -1 -1 -1 -1 -1 -1 103 103 103 103 -1 113 113 113 113 113 113 -1 114 -1 100 100
86 -1 -1 115 115 115 -1 112 112 112 112 112 112 112 112 112 112 112 112 -1 -1 -1 -1 -1 -1 113 113 -1 113 113 -1 -1 116 -1 -1
117 117 -1 115 -1 -1 112 112 -1 112 -1 112 112 112 112 112 112 112 112 -1 -1 118 -1 119 119 -1 -1 120 -1 -1 -1 -1 121 121 121
-1 -1 122 -1 112 112 112 -1 -1 123 123 123 -1 124 -1 -1 112 112 112 112 -1 125 125 -1 119 -1 126 126 126 -1 127 -1 -1 128 -1
129 -1 -1 -1 -1 112 -1 130 -1 -1 -1 -1 -1 -1 -1 -1 131 -1 132 -1 -1 -1 -1 -1 -1 133 133 -1 134 -1 135 135 135 -1 136
129 -1 137 137 -1 138 -1 -1 139 139 139 -1 -1 -1 -1 -1 -1 132 132 -1 -1 -1 140 -1 -1 141 -1 -1 -1 -1 135 135 -1 -1 136
142 -1 -1 137 137 -1 -1 143 -1 139 139 139 139 -1 -1 144 -1 -1 145 145 145 -1 -1 141 141 141 141 -1 146 -1 -1 135 135 -1 147
142 -1 148 148 -1 149 149 -1 -1 150 -1 -1 -1 -1 -1 -1 151 -1 145 145 145 -1 152 152 -1 -1 -1 146 146 -1 153 153 -1 147 147
-1 1 -1 -1 2 2 2 2 -1 3 3 3 -1 4 4 4 -1 5 -1 6 6 6 6 6 6 6 6 -1 -1 6 6 -1 7 7 -1
1 1 -1 -1 8 -1 -1 -1 3 3 -1 -1 9 -1 -1 -1 10 -1 6 6 -1 -1 -1 -1 6 6 -1 -1 -1 6 6 -1 -1 7 7
-1 -1 -1 -1 -1 -1 -1 3 3 3 -1 11 -1 -1 -1 -1 -1 6 6 -1 12 12 -1 6 6 6 6 6 -1 6 6 6 -1 6 -1
-1 -1 13 -1 14 14 -1 -1 15 -1 15 -1 6 6 6 6 6 6 6 -1 12 12 -1 6 6 6 6 -1 6 6 6 6 6 6 -1
-1 -1 13 13 -1 -1 15 15 15 15 15 -1 6 -1 6 -1 6 -1 -1 12 12 12 -1 6 6 6 6 6 6 -1 6 -1 6 6 -1
-1 16 -1 -1 -1 17 -1 -1 -1 15 -1 -1 18 18 -1 -1 19 19 -1 -1 -1 -1 6 6 6 -1 -1 6 6 -1 6 -1 6 6 6
-1 -1 -1 -1 20 -1 -1 21 21 21 21 -1 -1 -1 -1 -1 -1 22 22 22 22 -1 -1 -1 6 6 6 -1 -1 6 6 6 -1 6 6
-1 -1 -1 -1 -1 -1 -1 -1 21 21 -1 23 -1 -1 24 -1 -1 22 22 -1 25 -1 26 -1 6 6 -1 6 6 6 -1 6 6 6 6
27 27 -1 28 28 28 28 -1 -1 29 -1 28 -1 24 24 -1 -1 30 -1 31 -1 -1 -1 6 6 -1 -1 6 6 6 6 6 -1 32 -1
-1 27 27 -1 28 28 28 28 28 -1 28 28 28 -1 33 -1 -1 -1 31 31 -1 34 -1 6 -1 -1 6 6 6 6 6 6 6 -1 35
36 -1 27 -1 -1 28 28 28 28 28 28 28 28 -1 33 33 33 -1 31 -1 -1 37 37 -1 6 6 6 -1 6 -1 -1 -1 -1 -1 35
-1 38 -1 28 28 28 -1 28 28 -1 -1 28 -1 39 -1 33 -1 40 -1 41 -1 37 37 -1 42 -1 43 -1 -1 -1 -1 -1 44 -1 45
46 -1 47 -1 28 -1 -1 48 -1 49 49 49 49 49 49 -1 50 -1 51 -1 52 -1 -1 42 42 42 -1 42 -1 53 -1 -1 -1 -1 -1
54 -1 55 55 -1 56 56 -1 -1 -1 -1 49 -1 -1 -1 57 57 57 -1 -1 -1 58 58 -1 42 42 42 42 42 -1 -1 -1 59 59 -1
-1 60 -1 -1 61 -1 56 56 56 56 56 56 -1 62 -1 63 -1 -1 64 64 -1 58 58 -1 -1 -1 42 42 -1 -1 -1 59 59 -1 -1
-1 -1 65 -1 65 65 65 -1 -1 -1 -1 -1 -1 62 -1 -1 -1 66 66 -1 -1 -1 67 67 -1 68 68 -1 -1 69 -1 59 -1 -1 70
65 65 65 65 65 65 -1 -1 71 -1 72 72 -1 73 73 -1 66 66 66 66 -1 -1 67 -1 -1 68 68 68 -1 -1 -1 74 -1 70 70
-1 65 -1 65 65 -1 75 -1 -1 -1 -1 -1 76 -1 -1 77 -1 -1 66 66 66 -1 -1 -1 -1 68 68 -1 78 -1 -1 -1 79 -1 80
-1 81 81 -1 -1 75 75 75 75 75 75 -1 -1 -1 82 82 82 82 -1 -1 -1 -1 83 -1 78 78 -1 78 78 -1 79 79 79 -1 80
-1 81 -1 -1 75 75 75 75 75 -1 75 75 75 75 -1 -1 82 82 82 -1 78 -1 78 -1 78 78 78 78 -1 -1 -1 79 79 79 -1
-1 84 -1 -1 75 75 -1 75 75 75 75 75 -1 85 -1 86 -1 -1 -1 -1 78 78 78 78 78 -1 78 78 78 78 78 -1 79 -1 87
-1 84 -1 -1 -1 75 75 75 75 75 75 -1 88 -1 -1 -1 89 -1 90 -1 -1 78 78 -1 91 91 91 -1 78 78 78 -1 -1 92 -1
-1 93 -1 94 -1 -1 -1 -1 -1 95 -1 -1 -1 89 89 89 89 89 -1 -1 -1 -1 -1 -1 -1 -1 -1 78 78 -1 -1 -1 96 96 96
97 -1 98 -1 99 99 99 -1 -1 95 -1 89 89 89 89 -1 89 89 89 89 89 89 -1 -1 -1 -1 -1 78 78 -1 96 96 -1 96 96
-1 -1 -1 -1 -1 -1 -1 100 -1 101 -1 -1 89 -1 -1 -1 89 89 -1 102 -1 -1 103 103 -1 104 104 -1 78 -1 96 96 96 96 96
-1 105 -1 -1 106 -1 100 100 -1 -1 107 -1 108 -1 -1 109 109 -1 110 -1 -1 111 -1 103 -1 104 -1 112 112 112 112 -1 -1 96 -1
113 -1 -1 114 -1 115 -1 -1 -1 -1 -1 108 108 -1 -1 -1 -1 -1 110 110 -1 116 116 116 116 116 116 116 -1 112 112 112 -1 117 -1
118 118 -1 114 -1 115 115 -1 119 -1 108 108 -1 -1 110 110 110 110 110 110 -1 116 116 116 116 116 116 -1 -1 -1 -1 -1 117 117 117
-1 -1 120 -1 -1 115 115 115 -1 -1 -1 -1 121 -1 110 110 -1 122 -1 123 -1 116 116 -1 116 116 116 116 116 -1 -1 124 -1 125 -1
-1 126 126 126 -1 -1 127 -1 128 128 -1 129 129 -1 122 -1 122 122 122 -1 -1 -1 -1 130 130 -1 -1 116 116 116 -1 -1 -1 125 125
126 126 126 -1 131 131 -1 132 -1 133 133 133 -1 122 122 122 122 -1 122 122 122 122 122 122 -1 134 134 -1 116 116 -1 116 116 116 -1
126 126 126 -1 135 -1 -1 -1 -1 133 133 -1 -1 -1 -1 122 -1 136 -1 122 -1 122 122 -1 134 134 -1 -1 -1 116 116 116 -1 -1 -1
-1 -1 -1 137 -1 -1 -1 -1 133 133 133 -1 138 -1 122 122 122 122 122 122 -1 122 122 -1 -1 -1 -1 139 -1 -1 116 -1 140 -1 141
137 137 137 137 137 137 -1 142 -1 133 133 133 -1 -1 -1 122 122 122 -1 122 122 122 -1 -1 -1 -1 139 139 -1 -1 143 143 -1 144 144
137 137 137 -1 137 -1 145 145 -1 -1 133 -1 -1 122 122 122 122 122 122 -1 -1 146 -1 147 -1 -1 139 139 139 139 -1 -1 -1 148 -1
-1 -1 1 1 1 1 -1 -1 -1 2 2 2 -1 3 -1 -1 -1 -1 4 -1 -1 -1 5 5 -1 -1 6 -1 -1 -1 7 7 -1 -1 8
-1 1 1 1 1 -1 -1 9 9 -1 -1 -1 3 3 -1 10 -1 -1 -1 -1 5 -1 5 5 -1 11 11 11 -1 7 7 7 7 7 7
-1 -1 1 -1 -1 12 12 12 -1 -1 3 3 3 -1 -1 5 5 -1 -1 5 5 5 5 5 -1 -1 11 -1 13 13 -1 14 -1 15 -1
16 16 -1 -1 17 -1 -1 12 12 -1 -1 3 -1 5 5 5 5 5 5 5 5 -1 -1 5 -1 18 -1 -1 -1 13 13 -1 -1 15 15
16 16 16 -1 17 17 -1 -1 -1 19 -1 -1 -1 20 -1 -1 5 5 5 -1 5 5 -1 21 -1 -1 -1 22 -1 -1 13 13 -1 13 -1
-1 -1 17 17 17 17 17 17 -1 19 19 19 19 -1 23 -1 5 5 -1 24 -1 -1 -1 21 21 21 -1 -1 13 13 13 13 13 13 -1
-1 25 -1 -1 17 -1 -1 26 26 -1 -1 27 -1 23 23 -1 5 5 5 5 -1 -1 -1 -1 21 -1 28 -1 13 13 13 13 13 13 -1
-1 -1 -1 -1 -1 -1 26 26 26 -1 26 -1 29 -1 -1 30 -1 5 -1 -1 -1 31 31 31 31 -1 -1 13 13 13 13 -1 13 13 -1
32 32 32 -1 -1 33 -1 -1 26 26 26 -1 -1 -1 -1 34 34 34 -1 35 35 -1 31 -1 -1 36 -1 13 13 13 -1 -1 13 -1 37
-1 32 32 -1 33 33 33 33 -1 -1 -1 -1 -1 38 -1 -1 34 34 -1 35 35 35 -1 39 -1 36 -1 13 13 13 -1 40 40 -1 -1
41 -1 -1 -1 -1 42 -1 43 43 -1 44 -1 -1 -1 34 34 34 -1 -1 34 -1 -1 45 45 45 45 -1 13 13 13 13 13 -1 46 -1
42 -1 42 42 42 42 -1 -1 47 47 -1 -1 48 48 -1 34 34 34 34 34 34 -1 49 -1 50 -1 -1 -1 51 -1 -1 -1 -1 -1 52
42 42 42 42 42 -1 53 53 -1 54 -1 -1 -1 34 34 34 34 34 -1 -1 34 34 -1 -1 50 -1 55 -1 51 -1 -1 56 -1 52 52
-1 42 42 42 42 -1 -1 53 53 -1 57 -1 -1 -1 -1 34 34 -1 -1 58 -1 34 34 -1 59 59 -1 60 -1 -1 -1 56 56 -1 -1
42 42 42 -1 -1 -1 61 -1 -1 57 57 -1 -1 -1 -1 -1 34 34 34 34 -1 -1 -1 -1 -1 -1 62 -1 -1 -1 63 63 -1 -1 64
65 -1 -1 66 -1 67 67 -1 -1 -1 68 -1 -1 -1 -1 68 68 -1 -1 -1 69 69 -1 -1 70 70 70 70 -1 71 -1 63 63 63 -1
65 -1 -1 67 67 67 67 -1 -1 -1 68 68 68 68 68 68 68 -1 -1 -1 69 69 69 69 -1 -1 -1 72 -1 -1 63 63 63 63 63
73 73 -1 67 67 -1 74 74 74 74 -1 -1 75 -1 -1 68 -1 69 69 69 69 69 69 69 -1 76 76 -1 63 63 63 63 63 63 -1
73 -1 77 -1 67 67 -1 74 74 -1 -1 75 75 75 75 -1 78 -1 -1 69 69 69 69 -1 -1 -1 -1 -1 -1 63 63 63 63 63 63
79 -1 80 80 -1 67 67 -1 81 -1 82 -1 75 75 75 75 -1 83 83 -1 -1 -1 -1 -1 84 84 -1 85 -1 -1 63 63 63 63 63
79 -1 80 80 -1 -1 -1 86 -1 82 82 82 -1 87 -1 -1 -1 -1 -1 87 87 -1 88 -1 -1 -1 89 -1 -1 -1 63 -1 63 -1 63
-1 80 80 80 -1 -1 -1 -1 90 -1 -1 -1 -1 87 87 87 87 87 87 87 87 87 87 87 -1 -1 91 -1 92 92 -1 93 93 -1 -1
94 -1 -1 -1 95 -1 90 90 90 -1 96 -1 87 87 -1 87 87 87 -1 87 87 -1 87 -1 -1 91 91 -1 92 92 92 92 -1 97 97
-1 -1 98 98 98 98 -1 90 -1 -1 99 99 -1 87 87 87 87 -1 87 87 87 -1 87 -1 87 -1 100 -1 92 92 -1 92 92 -1 101
-1 98 98 98 -1 -1 102 -1 103 103 -1 -1 -1 104 -1 -1 87 -1 -1 87 87 87 87 87 87 -1 100 -1 -1 105 -1 -1 -1 106 -1
98 98 -1 98 98 -1 -1 103 103 103 -1 107 -1 104 104 -1 108 -1 87 87 87 87 87 87 -1 -1 109 -1 -1 -1 -1 110 -1 106 106
98 98 -1 111 -1 112 -1 -1 103 103 -1 113 -1 -1 -1 108 108 -1 87 -1 87 87 -1 -1 109 109 109 109 -1 -1 114 -1 -1 115 -1
-1 -1 111 111 111 -1 116 -1 -1 -1 -1 113 113 -1 -1 108 108 108 108 108 108 -1 108 -1 117 -1 118 -1 118 -1 119 119 -1 -1 -1
111 111 111 -1 111 -1 -1 120 120 120 120 -1 -1 121 121 -1 108 108 108 108 108 108 108 -1 -1 -1 118 118 118 118 -1 122 122 -1 123
111 111 111 111 111 -1 111 -1 124 -1 -1 121 121 121 121 -1 -1 108 -1 -1 125 -1 126 126 126 126 126 -1 -1 -1 -1 122 -1 127 127
111 111 111 111 111 111 111 111 -1 -1 121 121 121 -1 121 -1 128 128 -1 -1 -1 -1 126 -1 126 126 -1 129 -1 130 -1 131 -1 132 -1
133 -1 134 -1 -1 111 111 -1 135 -1 -1 -1 136 136 136 136 -1 -1 137 137 137 -1 -1 -1 -1 126 126 -1 130 130 -1 -1 -1 132 132
133 -1 134 134 -1 111 111 -1 -1 -1 138 -1 136 -1 136 -1 -1 -1 -1 137 137 -1 139 -1 -1 126 126 126 -1 -1 140 140 -1 -1 -1
141 -1 -1 -1 -1 111 -1 142 142 -1 142 -1 -1 -1 -1 143 143 143 -1 137 137 137 -1 126 126 126 -1 -1 -1 144 -1 140 140 -1 -1
141 -1 -1 -1 145 -1 -1 -1 142 142 142 -1 -1 146 146 146 -1 147 -1 -1 137 -1 -1 148 -1 149 149 149 149 -1 140 140 140 -1 150
-1 -1 -1 1 1 1 -1 -1 -1 -1 2 2 2 2 -1 -1 3 3 -1 -1 4 -1 -1 5 5 5 5 -1 -1 -1 6 -1 -1 -1 -1
7 -1 8 -1 -1 1 1 1 1 -1 -1 2 -1 2 -1 -1 3 3 -1 9 9 -1 5 5 5 5 5 -1 10 10 -1 11 11 -1 -1
-1 12 -1 -1 1 1 1 1 1 1 1 -1 13 13 13 -1 -1 9 9 9 9 -1 -1 14 -1 15 -1 16 -1 15 -1 -1 -1 -1 17
18 -1 -1 1 1 1 1 1 1 1 -1 19 -1 -1 -1 20 20 -1 21 -1 -1 -1 -1 -1 15 15 15 -1 15 15 15 15 -1 15 15
-1 -1 1 1 1 1 -1 1 1 1 -1 22 22 22 -1 -1 20 -1 -1 23 -1 24 24 -1 15 15 15 15 15 15 15 15 -1 15 15
-1 25 -1 1 1 1 -1 -1 -1 -1 -1 -1 26 -1 -1 -1 27 -1 -1 23 23 -1 28 -1 29 -1 30 -1 15 15 -1 15 15 15 -1
-1 -1 -1 1 1 -1 31 -1 32 32 32 -1 26 26 -1 -1 27 27 -1 33 -1 28 28 -1 -1 34 -1 -1 -1 35 -1 -1 -1 -1 36
37 37 -1 -1 38 -1 -1 32 32 32 32 -1 26 26 26 -1 -1 -1 -1 -1 28 28 28 -1 34 34 -1 35 35 35 35 35 35 -1 -1
37 -1 -1 -1 -1 39 39 -1 -1 32 32 -1 26 26 26 26 -1 -1 -1 -1 28 -1 -1 -1 34 34 -1 35 35 35 35 -1 35 35 -1
-1 -1 40 -1 39 39 39 -1 41 -1 42 42 -1 -1 26 26 -1 43 43 43 43 -1 34 34 34 34 -1 -1 -1 35 35 35 35 -1 44
45 45 -1 -1 39 -1 39 -1 -1 46 -1 -1 47 -1 -1 -1 48 48 -1 -1 43 43 -1 -1 -1 -1 -1 49 49 -1 -1 35 35 -1 44
45 45 45 -1 -1 -1 -1 -1 -1 46 -1 -1 50 -1 -1 -1 -1 48 48 -1 -1 43 -1 51 -1 52 -1 -1 53 53 53 -1 -1 54 -1
45 45 45 -1 55 55 55 55 -1 -1 -1 -1 50 -1 -1 56 -1 57 -1 58 -1 -1 -1 59 -1 60 -1 -1 53 53 -1 -1 53 53 53
-1 45 -1 55 55 55 55 -1 61 61 -1 -1 62 -1 -1 56 -1 -1 -1 58 -1 63 63 -1 64 -1 53 53 53 53 53 53 53 53 -1
-1 65 -1 55 55 55 55 -1 61 61 -1 66 -1 67 67 67 67 -1 -1 68 -1 63 63 -1 -1 53 53 53 53 53 53 -1 -1 69 -1
-1 -1 -1 55 55 -1 70 70 -1 -1 66 66 -1 67 -1 67 -1 68 68 68 68 -1 -1 -1 53 53 -1 53 -1 53 -1 -1 -1 -1 -1
-1 -1 71 -1 -1 72 -1 73 73 -1 66 66 66 66 -1 -1 -1 74 -1 75 -1 75 75 -1 -1 76 -1 -1 -1 -1 77 77 -1 78 78
-1 79 -1 -1 -1 72 72 -1 72 72 -1 -1 -1 66 -1 80 -1 -1 75 75 75 75 -1 81 -1 76 -1 82 82 -1 77 77 77 -1 -1
-1 83 83 83 83 -1 72 72 72 72 -1 72 -1 84 -1 -1 75 75 75 75 75 -1 -1 85 85 85 -1 86 -1 -1 77 -1 77 -1 -1
83 83 83 -1 83 83 -1 72 72 72 72 72 72 -1 -1 -1 75 75 75 75 -1 -1 87 -1 88 -1 89 -1 90 -1 -1 91 91 91 -1
-1 -1 83 83 83 83 -1 72 72 -1 72 -1 72 -1 -1 92 -1 -1 75 75 -1 93 -1 94 -1 -1 -1 90 90 -1 95 -1 -1 -1 -1
-1 -1 96 -1 83 83 -1 72 72 72 72 72 72 72 72 -1 -1 97 -1 75 75 -1 98 -1 -1 99 -1 -1 100 -1 101 101 101 -1 -1
-1 83 -1 83 83 -1 -1 102 -1 72 72 72 72 -1 -1 103 -1 104 104 104 -1 -1 98 98 98 98 98 98 -1 105 -1 -1 101 101 101
83 83 83 83 -1 102 102 102 -1 72 -1 72 72 72 -1 103 103 -1 -1 -1 -1 -1 106 -1 107 -1 105 -1 -1 105 105 -1 101 101 101
83 -1 -1 108 -1 102 102 102 -1 109 -1 -1 -1 103 103 103 103 -1 -1 110 -1 111 -1 -1 -1 105 105 105 105 105 105 -1 -1 112 -1
108 108 108 108 108 -1 102 102 102 -1 113 113 -1 103 -1 103 103 -1 103 -1 -1 111 -1 114 -1 -1 -1 105 105 105 105 105 105 -1 -1
108 108 -1 108 108 -1 102 102 102 -1 -1 102 102 -1 -1 103 103 103 103 -1 115 115 -1 116 -1 -1 -1 -1 -1 117 -1 105 105 105 -1
108 108 -1 108 108 -1 102 102 102 102 102 102 102 -1 103 103 -1 -1 118 -1 -1 -1 -1 -1 -1 -1 119 -1 -1 -1 105 105 -1 -1 -1
108 108 108 108 -1 -1 102 102 -1 -1 102 -1 102 -1 103 -1 -1 118 118 -1 -1 120 -1 -1 -1 121 -1 -1 122 122 -1 -1 -1 123 123
-1 108 108 -1 108 108 -1 102 102 102 -1 -1 124 -1 -1 118 118 118 118 118 118 -1 125 -1 125 -1 -1 -1 -1 122 -1 -1 123 123 123
108 108 108 108 108 -1 126 126 -1 -1 -1 124 124 -1 118 118 118 118 118 -1 118 -1 125 125 125 125 -1 -1 -1 -1 127 -1 123 123 123
108 108 -1 108 108 -1 126 126 126 126 126 -1 128 -1 129 -1 118 118 118 118 118 -1 -1 -1 130 -1 -1 -1 -1 -1 -1 123 123 123 -1
108 -1 -1 131 -1 -1 126 126 126 126 126 -1 -1 132 -1 -1 -1 -1 -1 -1 118 118 118 -1 130 130 -1 -1 -1 -1 133 -1 123 123 -1
134 -1 135 -1 -1 136 -1 126 -1 126 126 -1 137 -1 138 -1 139 -1 140 -1 141 -1 141 -1 142 -1 -1 143 -1 144 -1 123 123 123 123
-1 135 135 -1 -1 145 145 145 145 145 -1 -1 137 -1 138 -1 139 -1 -1 -1 141 141 141 141 -1 146 146 146 -1 147 -1 -1 123 123 -1
-1 1 1 -1 2 -1 -1 -1 -1 -1 3 3 3 3 3 3 3 -1 4 4 -1 5 5 -1 -1 -1 6 -1 -1 7 7 7 7 -1 8
-1 1 1 1 -1 9 9 9 -1 3 3 3 -1 -1 -1 3 -1 10 -1 4 -1 5 5 -1 5 5 -1 11 11 -1 12 -1 13 -1 14
-1 1 1 -1 15 15 -1 3 -1 3 3 -1 -1 3 -1 -1 -1 -1 5 5 5 5 5 5 5 5 5 -1 -1 16 -1 -1 13 -1 14
1 1 1 1 1 -1 3 3 3 3 -1 3 3 3 -1 5 5 -1 5 5 5 -1 -1 -1 -1 -1 -1 -1 16 16 -1 17 17 -1 -1
1 1 1 1 -1 -1 3 -1 3 3 3 3 3 -1 -1 -1 5 5 5 5 5 -1 18 18 18 -1 19 19 -1 20 20 -1 17 -1 -1
-1 1 1 1 -1 -1 21 21 -1 -1 -1 3 3 3 -1 -1 5 5 -1 -1 22 22 -1 -1 -1 23 23 -1 20 20 -1 24 24 24 -1
25 25 -1 26 -1 -1 21 -1 27 -1 3 3 3 -1 28 -1 5 5 -1 29 -1 30 -1 31 -1 32 -1 -1 20 -1 33 -1 -1 34 -1
25 25 -1 -1 -1 35 35 35 -1 36 -1 -1 37 37 -1 -1 38 -1 39 -1 -1 30 -1 -1 40 -1 -1 41 41 -1 -1 34 34 34 34
25 -1 42 42 -1 35 35 -1 43 43 43 43 -1 -1 44 -1 38 -1 -1 43 -1 -1 45 -1 -1 -1 46 -1 -1 47 47 -1 -1 -1 34
48 48 48 -1 35 35 35 -1 49 -1 -1 43 43 43 43 43 43 43 43 43 43 -1 50 50 50 50 50 50 -1 -1 -1 51 51 51 -1
48 48 48 -1 35 -1 -1 -1 49 49 49 -1 -1 -1 43 -1 43 43 -1 43 43 -1 -1 50 50 -1 50 50 -1 50 -1 -1 -1 52 -1
-1 48 -1 -1 -1 -1 53 53 -1 -1 -1 54 -1 55 -1 -1 -1 43 -1 -1 56 56 -1 50 50 50 50 50 50 50 50 -1 52 52 52
-1 -1 57 57 -1 53 53 53 53 53 53 -1 -1 -1 -1 58 -1 58 -1 50 -1 -1 -1 50 50 50 50 -1 -1 -1 -1 -1 52 -1 52
59 -1 -1 57 -1 -1 53 53 -1 53 53 53 53 -1 58 58 58 58 -1 50 50 50 50 50 50 50 50 50 -1 60 60 -1 -1 61 -1
59 -1 62 -1 63 63 -1 63 63 63 -1 63 -1 -1 58 -1 -1 50 50 50 50 -1 -1 -1 50 50 50 50 50 -1 60 60 60 60 -1
64 -1 -1 -1 -1 63 63 63 -1 63 63 63 -1 65 -1 -1 50 -1 -1 50 50 -1 66 -1 -1 -1 -1 -1 -1 67 -1 -1 68 -1 69
-1 70 70 -1 63 63 63 63 -1 71 -1 72 -1 73 -1 -1 50 50 -1 50 50 -1 -1 74 -1 -1 -1 75 75 -1 76 -1 68 -1 69
-1 -1 -1 -1 -1 63 63 63 -1 71 71 -1 -1 73 -1 77 -1 50 50 50 -1 78 78 -1 -1 -1 -1 75 -1 79 79 79 -1 80 80
81 81 81 -1 -1 63 63 63 -1 -1 -1 -1 82 -1 83 83 83 -1 50 -1 -1 78 78 78 78 -1 -1 -1 84 -1 79 -1 -1 80 80
81 81 81 81 81 -1 -1 -1 85 85 -1 86 86 -1 83 83 83 -1 87 87 87 -1 -1 -1 -1 -1 -1 -1 -1 -1 80 80 80 80 80
81 -1 -1 -1 -1 -1 -1 88 -1 -1 89 -1 86 86 -1 90 -1 -1 87 -1 87 87 87 -1 91 -1 -1 -1 -1 92 -1 -1 80 -1 -1
-1 93 93 -1 94 94 94 -1 -1 95 95 95 95 -1 -1 90 -1 96 -1 -1 97 -1 98 98 98 -1 99 -1 100 -1 100 -1 -1 101 -1
102 102 -1 -1 -1 -1 94 -1 103 -1 -1 104 -1 104 104 104 -1 105 -1 -1 97 -1 98 98 98 98 -1 100 100 100 100 -1 -1 106 106
102 102 102 102 -1 107 -1 108 -1 109 -1 104 104 104 -1 104 104 -1 -1 104 104 104 -1 -1 110 -1 -1 100 100 -1 -1 111 -1 -1 112
102 102 102 -1 -1 -1 -1 -1 113 -1 114 -1 104 -1 104 104 104 104 104 104 104 -1 -1 -1 -1 115 -1 116 -1 -1 -1 112 112 112 112
-1 102 102 -1 -1 117 -1 -1 118 118 118 118 118 -1 119 -1 -1 104 104 104 104 104 104 104 104 -1 116 116 -1 -1 120 -1 121 -1 -1
122 122 -1 123 -1 124 124 124 -1 -1 118 118 -1 125 -1 -1 -1 104 104 104 -1 -1 -1 104 104 -1 116 -1 120 120 120 120 -1 126 126
127 -1 -1 -1 124 124 124 124 -1 128 -1 118 -1 -1 -1 104 104 104 -1 -1 129 129 -1 104 -1 130 130 -1 120 120 120 -1 131 -1 132
-1 -1 124 124 124 -1 -1 133 133 133 -1 134 134 134 -1 -1 -1 135 -1 -1 129 -1 -1 136 136 136 -1 -1 120 -1 -1 -1 131 -1 132
137 137 137 -1 138 138 -1 133 -1 133 -1 -1 134 134 -1 135 135 135 135 135 -1 -1 -1 -1 136 136 -1 139 139 -1 -1 -1 -1 140 140
-1 137 137 -1 138 -1 -1 141 -1 -1 -1 134 134 134 -1 -1 135 -1 -1 142 -1 -1 143 143 -1 -1 144 -1 -1 145 -1 146 -1 140 140
137 137 -1 147 -1 -1 -1 -1 148 -1 -1 -1 149 -1 149 149 -1 -1 -1 -1 150 150 150 -1 -1 -1 151 -1 -1 145 -1 146 -1 -1 -1
-1 152 152 152 -1 152 152 152 -1 -1 153 -1 149 149 149 149 149 -1 -1 -1 -1 -1 150 -1 154 -1 -1 -1 155 155 155 155 -1 156 -1
152 152 -1 152 152 152 -1 152 -1 149 149 149 149 149 149 -1 -1 157 -1 -1 158 -1 159 159 -1 -1 -1 160 -1 155 155 155 155 -1 161
-1 -1 152 152 152 152 -1 -1 -1 -1 149 149 149 149 149 149 149 -1 -1 162 -1 -1 159 159 -1 163 163 163 -1 -1 155 -1 -1 -1 161
-1 1 -1 2 -1 -1 -1 -1 -1 -1 3 3 -1 4 4 4 4 4 -1 5 5 5 -1 -1 6 -1 7 -1 -1 8 8 -1 9 9 9
10 -1 2 2 2 -1 11 11 -1 3 3 3 -1 4 4 -1 4 -1 -1 -1 5 5 -1 -1 -1 12 12 12 -1 8 -1 13 -1 -1 -1
-1 -1 2 -1 -1 -1 -1 -1 -1 -1 3 -1 -1 4 4 4 4 4 -1 5 5 5 5 -1 14 -1 12 12 12 -1 -1 15 15 15 15
-1 16 16 16 -1 17 17 17 17 17 -1 -1 18 -1 4 4 4 4 -1 -1 -1 5 -1 19 19 -1 20 -1 -1 -1 -1 -1 21 -1 21
-1 -1 16 16 16 16 -1 -1 -1 -1 22 22 -1 23 -1 -1 -1 24 -1 -1 25 -1 26 -1 -1 -1 20 -1 27 27 -1 21 21 21 21
28 -1 16 16 -1 -1 -1 -1 -1 -1 29 -1 -1 23 23 -1 24 24 -1 -1 30 30 30 -1 -1 31 31 -1 -1 27 27 -1 -1 21 -1
28 -1 -1 32 -1 -1 -1 -1 -1 33 -1 -1 34 -1 -1 -1 24 24 -1 -1 30 -1 30 30 -1 -1 -1 -1 -1 -1 -1 35 35 -1 36
37 -1 38 -1 -1 39 39 -1 40 -1 41 41 -1 -1 42 42 42 -1 43 -1 44 -1 -1 30 -1 45 45 45 45 -1 46 -1 47 47 47
37 -1 -1 48 48 48 -1 49 -1 50 -1 51 -1 52 -1 42 42 42 -1 44 44 -1 -1 -1 53 -1 45 -1 -1 54 -1 -1 47 47 47
55 55 -1 -1 48 48 48 -1 -1 -1 56 -1 57 -1 -1 42 -1 -1 -1 -1 58 -1 59 -1 -1 -1 -1 -1 60 -1 61 61 -1 47 47
55 55 55 55 -1 62 -1 -1 -1 -1 -1 57 57 -1 -1 63 63 63 63 63 -1 64 -1 61 -1 61 61 61 -1 61 61 61 -1 65 -1
66 -1 55 55 -1 62 62 62 62 -1 57 57 57 -1 -1 -1 63 63 63 63 -1 64 -1 61 61 61 -1 61 61 61 61 -1 67 -1 67
66 66 -1 -1 -1 -1 -1 62 62 62 -1 -1 57 -1 -1 63 -1 63 63 63 63 63 63 -1 61 -1 67 67 -1 67 -1 67 67 67 67
-1 -1 68 68 68 -1 -1 -1 -1 62 -1 -1 -1 63 63 63 63 63 -1 63 63 63 63 63 -1 -1 -1 67 67 67 67 67 -1 -1 -1
-1 -1 68 -1 -1 69 -1 70 -1 70 -1 -1 -1 63 63 -1 -1 -1 -1 63 63 63 -1 71 71 -1 72 -1 67 -1 -1 73 73 -1 74
-1 75 75 -1 76 -1 -1 70 70 70 70 70 -1 -1 -1 77 -1 78 78 -1 -1 63 63 -1 79 -1 -1 -1 -1 73 73 73 -1 80 -1
81 81 -1 -1 -1 -1 -1 70 70 70 -1 -1 82 82 82 82 82 -1 -1 -1 -1 63 63 -1 -1 83 -1 -1 84 -1 -1 -1 85 -1 86
87 -1 -1 88 -1 -1 -1 70 70 -1 89 -1 -1 82 -1 -1 -1 -1 -1 90 -1 63 63 -1 -1 -1 91 -1 -1 92 -1 93 -1 -1 -1
-1 -1 -1 -1 94 94 -1 -1 -1 -1 -1 95 95 95 -1 96 96 96 96 -1 -1 -1 63 63 -1 97 -1 98 98 98 98 98 -1 -1 -1
99 -1 -1 -1 -1 -1 100 100 100 -1 -1 -1 -1 -1 -1 -1 -1 -1 101 -1 101 -1 63 63 -1 -1 98 98 -1 -1 -1 98 98 -1 -1
99 -1 -1 100 100 100 -1 100 100 100 100 -1 -1 102 -1 -1 -1 101 101 101 101 -1 63 63 -1 -1 98 98 98 98 -1 -1 98 -1 103
100 100 100 100 -1 100 100 100 -1 -1 -1 -1 -1 -1 -1 -1 101 101 -1 -1 104 104 -1 -1 -1 98 98 98 98 -1 -1 -1 105 -1 -1
100 -1 -1 106 106 106 -1 107 107 107 107 -1 108 -1 101 101 101 101 -1 104 104 -1 -1 -1 109 -1 98 -1 -1 -1 105 105 105 105 105
-1 106 106 106 -1 106 106 -1 -1 -1 110 110 110 110 -1 -1 104 -1 -1 104 104 -1 111 -1 112 -1 113 -1 -1 -1 105 105 105 105 105
-1 -1 -1 -1 114 114 -1 -1 115 -1 110 -1 -1 -1 104 104 104 104 104 104 104 104 -1 112 112 -1 -1 -1 116 -1 105 105 105 -1 105
117 117 117 117 -1 114 -1 -1 104 104 -1 104 104 104 104 104 -1 104 104 104 104 104 -1 112 112 -1 118 -1 119 119 -1 -1 -1 120 120
117 -1 -1 121 -1 121 -1 104 104 104 104 104 104 104 104 104 -1 122 -1 104 104 -1 123 -1 -1 124 -1 -1 119 -1 -1 -1 -1 120 120
-1 121 121 121 121 121 -1 -1 104 104 104 104 -1 -1 104 104 -1 -1 125 -1 -1 126 126 -1 -1 124 124 124 -1 127 127 127 -1 120 120
121 121 121 -1 -1 128 128 128 -1 -1 -1 129 -1 129 -1 130 130 -1 -1 131 131 -1 126 126 -1 -1 -1 132 132 132 -1 132 -1 132 -1
121 121 -1 -1 128 128 128 -1 133 -1 129 129 129 129 129 -1 -1 -1 -1 131 131 -1 -1 -1 -1 -1 132 132 132 132 132 132 132 132 -1
-1 134 134 -1 128 -1 128 -1 -1 -1 -1 -1 129 129 -1 131 131 131 131 131 131 -1 135 135 135 -1 132 132 -1 136 -1 132 132 132 132
134 134 134 134 134 134 -1 137 -1 138 138 138 -1 129 -1 -1 -1 131 131 131 131 -1 139 -1 139 139 -1 -1 139 -1 -1 -1 -1 132 132
134 134 134 134 -1 -1 -1 134 -1 140 -1 -1 141 141 141 -1 -1 -1 131 131 -1 139 139 139 139 139 139 139 139 139 139 -1 142 142 -1
134 134 134 134 134 134 -1 134 134 -1 141 141 141 141 141 141 -1 143 143 -1 139 139 139 139 139 139 -1 -1 -1 -1 144 144 -1 142 -1
-1 145 -1 134 134 134 134 134 134 134 -1 141 141 141 141 141 -1 143 143 143 -1 139 139 139 -1 146 146 146 -1 147 -1 148 -1 149 -1
-1 -1 1 -1 -1 2 -1 3 -1 3 3 3 -1 3 3 -1 -1 4 4 4 -1 -1 5 -1 6 6 6 -1 -1 -1 7 7 -1 8 -1
9 9 -1 -1 10 -1 -1 3 3 -1 3 3 3 3 3 3 -1 -1 4 4 4 4 -1 6 6 6 -1 -1 -1 -1 -1 7 -1 8 -1
-1 -1 -1 -1 -1 -1 11 -1 3 3 3 -1 3 3 3 -1 -1 -1 4 -1 -1 -1 -1 -1 -1 -1 -1 -1 -1 -1 -1 12 12 12 -1
-1 -1 -1 13 -1 14 14 -1 -1 3 -1 -1 3 3 3 3 3 3 -1 15 -1 16 -1 17 -1 18 -1 -1 19 -1 -1 12 -1 -1 20
21 21 21 -1 -1 14 14 14 14 -1 -1 22 -1 -1 3 -1 -1 -1 23 23 -1 23 -1 24 24 24 -1 -1 -1 25 -1 -1 26 26 -1
21 21 -1 14 14 14 -1 14 -1 -1 -1 22 -1 -1 -1 -1 27 27 -1 23 23 23 -1 24 -1 -1 28 -1 -1 25 25 -1 -1 26 -1
21 21 -1 -1 -1 -1 -1 -1 -1 29 29 29 -1 30 30 -1 27 27 27 -1 23 -1 31 31 -1 28 28 -1 32 -1 25 25 -1 33 33
21 21 21 -1 34 34 -1 -1 -1 29 -1 29 -1 -1 -1 -1 27 27 -1 -1 -1 -1 -1 -1 -1 -1 35 -1 25 25 25 25 25 -1 -1
-1 -1 21 -1 34 -1 36 36 36 36 -1 -1 37 37 37 -1 -1 38 -1 -1 -1 -1 39 -1 35 35 35 -1 -1 25 25 -1 -1 -1 -1
-1 -1 -1 -1 36 36 36 36 36 36 -1 -1 -1 37 37 37 37 -1 40 -1 41 -1 -1 -1 42 -1 -1 43 43 -1 -1 44 -1 45 -1
36 36 36 36 36 36 36 -1 36 36 36 36 -1 37 37 37 37 -1 40 -1 41 -1 -1 -1 -1 46 -1 -1 -1 -1 -1 47 47 -1 48
36 36 -1 36 36 36 36 -1 36 36 36 36 -1 37 -1 37 -1 49 -1 50 50 -1 51 51 -1 -1 52 52 52 -1 52 -1 -1 53 -1
36 36 -1 54 -1 -1 -1 36 36 -1 -1 55 -1 -1 -1 56 56 56 56 -1 50 -1 51 51 -1 52 -1 52 52 52 52 -1 -1 -1 57
-1 36 36 -1 -1 36 36 36 36 36 36 -1 -1 56 56 56 -1 -1 -1 -1 58 58 58 -1 -1 52 52 52 52 52 -1 -1 -1 59 -1
60 -1 -1 61 61 -1 -1 -1 36 36 -1 -1 -1 -1 56 56 56 56 56 -1 58 58 58 58 58 -1 -1 62 -1 63 -1 -1 -1 64 -1
61 61 61 61 -1 -1 -1 36 36 36 -1 -1 -1 65 -1 56 56 -1 -1 -1 -1 -1 -1 -1 -1 -1 -1 62 -1 63 63 63 63 -1 -1
61 -1 -1 -1 66 -1 36 36 36 36 -1 -1 67 67 67 -1 -1 68 68 68 68 -1 69 69 -1 70 -1 70 70 -1 -1 -1 -1 -1 71
-1 72 -1 73 -1 74 -1 -1 75 -1 76 -1 -1 -1 -1 -1 -1 -1 -1 68 68 -1 -1 69 -1 70 70 70 -1 -1 -1 77 -1 78 78
-1 79 -1 80 80 -1 81 -1 -1 82 -1 83 83 -1 84 84 84 -1 68 68 68 68 -1 85 85 85 -1 -1 -1 -1 -1 86 -1 -1 -1
79 79 -1 80 -1 -1 87 -1 83 -1 83 83 -1 88 -1 84 -1 -1 89 -1 -1 -1 -1 85 -1 85 85 85 85 -1 -1 86 86 -1 90
-1 -1 91 91 91 -1 -1 83 83 83 83 -1 92 -1 -1 93 -1 94 -1 95 -1 95 -1 -1 85 85 85 85 85 -1 -1 -1 -1 -1 90
96 -1 -1 -1 -1 -1 -1 -1 83 83 83 -1 97 97 97 -1 -1 -1 -1 95 95 95 -1 98 -1 -1 -1 85 85 85 85 85 85 85 -1
-1 99 -1 -1 100 100 100 100 -1 -1 83 -1 -1 101 -1 102 102 102 102 102 -1 -1 -1 -1 -1 -1 -1 -1 85 -1 -1 -1 -1 103 103
104 -1 105 105 -1 100 -1 -1 -1 106 -1 -1 107 -1 108 -1 109 -1 -1 -1 -1 -1 -1 -1 110 -1 111 111 111 111 111 -1 112 -1 113
-1 105 105 105 105 105 105 105 -1 -1 114 -1 107 107 -1 109 109 109 109 109 -1 111 111 111 -1 111 111 -1 -1 115 -1 -1 -1 -1 -1
105 105 -1 -1 -1 105 105 -1 116 -1 117 117 -1 107 -1 -1 109 109 109 -1 -1 111 111 111 111 111 -1 118 -1 -1 111 111 111 111 -1
105 -1 119 119 119 -1 -1 -1 -1 -1 117 117 -1 -1 109 109 109 -1 -1 -1 -1 -1 111 -1 111 111 111 111 111 111 111 111 111 111 111
120 -1 -1 -1 -1 121 -1 -1 -1 117 117 117 117 117 117 -1 -1 -1 122 122 122 -1 111 -1 -1 -1 111 111 -1 -1 111 111 111 111 111
-1 123 -1 -1 117 117 -1 117 117 117 117 117 117 -1 -1 117 -1 -1 122 -1 -1 111 111 111 111 111 111 -1 124 124 -1 111 111 -1 -1
123 123 123 -1 117 117 117 117 117 -1 117 117 117 117 117 117 117 -1 -1 111 111 111 111 -1 -1 111 -1 -1 -1 124 124 -1 -1 125 -1
123 123 123 123 -1 117 117 -1 117 117 117 -1 117 117 117 -1 117 117 117 -1 111 111 -1 126 -1 -1 -1 -1 -1 -1 124 -1 127 127 -1
123 123 123 -1 128 -1 -1 -1 -1 -1 -1 129 -1 -1 -1 130 130 -1 -1 131 -1 -1 -1 -1 132 132 132 -1 -1 133 -1 127 127 127 -1
-1 134 -1 -1 -1 135 -1 136 136 136 -1 -1 -1 130 -1 130 130 -1 137 137 137 -1 132 132 132 -1 -1 -1 138 138 138 138 -1 -1 -1
139 -1 -1 -1 135 135 -1 -1 -1 136 136 -1 -1 130 130 130 -1 -1 140 -1 -1 141 141 -1 142 -1 -1 143 -1 -1 -1 138 -1 -1 144
139 -1 145 145 -1 -1 146 -1 136 136 136 136 -1 -1 -1 -1 140 140 140 -1 147 -1 -1 148 -1 149 -1 150 -1 -1 151 -1 144 144 144
-1 -1 -1 -1 -1 1 -1 2 -1 3 3 3 3 3 -1 4 -1 -1 -1 -1 5 -1 6 6 -1 -1 7 -1 -1 -1 -1 8 -1 9 9
-1 10 -1 11 -1 1 -1 2 2 -1 3 3 3 -1 12 -1 13 13 13 13 -1 14 14 -1 -1 15 15 15 15 15 15 -1 9 9 9
16 16 16 16 16 -1 17 -1 -1 -1 3 3 3 3 -1 -1 -1 -1 13 -1 -1 14 14 -1 -1 18 -1 15 15 -1 15 -1 9 9 -1
16 16 16 16 -1 -1 19 -1 -1 -1 -1 3 -1 -1 -1 20 -1 21 -1 14 14 14 -1 -1 18 18 18 -1 22 -1 -1 23 -1 -1 -1
-1 -1 16 -1 24 -1 19 -1 -1 -1 25 25 25 25 25 -1 -1 26 26 -1 -1 27 -1 -1 18 -1 18 -1 22 22 -1 28 -1 29 29
30 -1 31 31 31 31 31 -1 -1 -1 32 -1 -1 -1 -1 33 33 -1 33 33 -1 -1 34 34 34 34 34 -1 -1 -1 28 28 -1 29 -1
30 -1 -1 -1 31 31 31 31 -1 -1 -1 -1 -1 33 -1 -1 33 33 33 -1 35 35 -1 36 -1 -1 34 -1 -1 37 -1 -1 38 38 -1
39 39 39 -1 -1 31 31 -1 31 31 31 -1 33 33 33 -1 33 33 -1 -1 40 -1 36 36 -1 37 37 -1 37 37 -1 38 38 38 -1
-1 39 39 -1 41 -1 31 31 31 31 31 -1 -1 -1 33 33 33 -1 -1 -1 40 40 -1 -1 -1 37 37 37 37 37 37 37 -1 42 42
-1 39 -1 -1 43 43 -1 31 -1 31 31 31 31 -1 33 33 33 -1 -1 -1 -1 40 -1 -1 37 37 37 -1 37 37 37 -1 -1 42 42
-1 43 43 43 43 43 -1 -1 -1 31 -1 31 31 31 -1 33 33 -1 44 44 44 44 -1 37 37 37 -1 -1 -1 45 -1 -1 46 46 -1
-1 -1 47 -1 48 -1 49 -1 -1 31 31 -1 31 31 -1 33 -1 50 50 -1 -1 44 44 -1 51 -1 52 -1 52 -1 53 53 -1 46 -1
-1 54 -1 55 -1 56 -1 31 31 31 31 31 31 -1 -1 -1 57 -1 -1 -1 58 -1 44 44 -1 -1 52 52 52 -1 53 53 -1 59 59
54 54 -1 -1 -1 -1 -1 31 31 -1 31 31 31 31 31 31 -1 -1 -1 60 60 60 60 -1 -1 52 52 52 -1 61 -1 53 53 -1 -1
-1 -1 62 -1 -1 -1 -1 31 31 31 31 31 -1 63 -1 -1 64 64 64 -1 60 -1 -1 65 65 -1 -1 -1 -1 -1 -1 -1 53 53 53
-1 66 66 66 66 66 -1 31 31 31 -1 -1 -1 -1 -1 -1 -1 64 64 64 64 64 -1 65 65 -1 67 67 -1 68 68 -1 -1 53 53
69 -1 66 -1 -1 -1 70 70 -1 71 -1 -1 -1 72 72 -1 73 -1 64 64 -1 74 -1 -1 -1 75 -1 -1 76 -1 68 -1 53 53 53
77 77 -1 -1 -1 78 -1 70 -1 71 71 -1 79 -1 -1 -1 -1 80 -1 64 64 -1 81 81 -1 75 75 75 75 75 -1 -1 82 -1 -1
77 77 -1 83 -1 -1 -1 -1 84 -1 -1 -1 79 -1 -1 -1 85 85 -1 85 -1 -1 -1 86 -1 -1 75 75 75 75 -1 -1 82 82 82
-1 77 77 -1 87 -1 88 88 88 -1 85 -1 -1 89 89 -1 85 85 85 85 85 -1 86 86 -1 90 -1 -1 -1 -1 91 91 91 -1 92
77 77 77 -1 -1 93 -1 94 -1 -1 85 85 85 85 -1 85 85 85 -1 -1 85 -1 86 86 -1 95 95 -1 -1 -1 -1 95 -1 -1 -1
77 77 -1 93 93 93 -1 94 94 -1 -1 85 85 85 85 85 -1 -1 -1 96 96 -1 -1 -1 95 95 95 95 95 95 95 95 -1 -1 -1
77 77 77 77 -1 97 -1 -1 94 94 -1 -1 -1 98 -1 99 99 99 -1 -1 96 96 96 96 -1 100 -1 95 -1 95 95 95 95 95 95
-1 -1 -1 -1 -1 97 97 97 -1 -1 101 -1 -1 -1 102 -1 -1 -1 -1 96 96 96 96 96 -1 -1 95 95 95 95 -1 95 -1 95 95
103 -1 -1 104 104 -1 97 -1 105 105 -1 -1 -1 106 -1 -1 107 -1 -1 96 96 -1 96 -1 95 95 95 95 95 -1 108 -1 -1 -1 -1
-1 109 -1 104 -1 -1 -1 110 -1 105 -1 -1 111 -1 96 96 96 96 96 96 96 96 -1 112 -1 95 95 -1 113 -1 114 114 114 -1 115
-1 -1 116 116 -1 117 117 -1 111 111 111 111 111 -1 96 -1 96 -1 -1 96 96 -1 -1 113 -1 -1 -1 113 113 -1 -1 -1 -1 115 115
118 118 -1 116 -1 -1 -1 111 111 111 -1 111 111 111 -1 -1 119 119 -1 96 -1 113 113 113 -1 -1 113 113 113 -1 120 -1 115 115 -1
118 -1 -1 111 111 111 111 111 -1 -1 121 -1 111 111 -1 119 119 -1 122 -1 113 113 113 113 113 113 113 -1 113 -1 -1 -1 -1 123 123
124 124 -1 -1 -1 111 111 111 111 111 111 111 111 111 -1 119 -1 -1 125 125 -1 113 113 -1 -1 113 113 -1 126 -1 127 -1 123 123 -1
124 -1 128 128 -1 129 -1 111 111 111 111 -1 111 -1 130 130 130 -1 -1 -1 -1 131 -1 -1 132 -1 -1 133 -1 134 -1 135 -1 136 -1
137 -1 -1 -1 -1 -1 111 111 111 111 111 111 111 -1 -1 130 -1 138 138 138 -1 131 131 -1 -1 139 -1 -1 -1 134 134 -1 140 -1 141
-1 142 142 -1 -1 111 111 111 -1 -1 -1 -1 -1 143 143 -1 -1 -1 138 -1 144 144 -1 145 145 145 -1 -1 134 134 134 -1 140 -1 141
146 -1 147 -1 -1 111 -1 -1 -1 -1 -1 -1 -1 143 143 143 143 143 -1 -1 -1 -1 145 145 -1 145 -1 -1 148 -1 149 149 149 149 -1
146 146 -1 -1 150 -1 -1 151 -1 -1 -1 152 -1 153 -1 143 143 -1 154 -1 -1 155 -1 156 156 156 -1 157 -1 158 -1 149 149 -1 -1
-1 1 1 1 1 1 -1 2 -1 2 -1 3 3 -1 -1 4 4 4 4 -1 -1 5 -1 6 6 6 6 -1 -1 7 -1 -1 8 8 -1
9 -1 10 -1 -1 1 -1 2 2 2 -1 -1 11 -1 4 4 4 4 4 -1 5 5 5 -1 -1 6 6 -1 12 -1 -1 8 8 8 -1
9 9 -1 13 13 13 -1 2 2 2 -1 14 -1 4 4 4 4 4 -1 -1 -1 -1 5 -1 15 -1 6 -1 -1 16 16 -1 -1 17 -1
18 -1 18 -1 13 13 13 -1 -1 -1 -1 14 -1 4 -1 4 -1 -1 -1 -1 -1 19 -1 20 -1 -1 21 -1 -1 -1 22 -1 23 -1 24
18 18 18 18 -1 25 -1 -1 -1 -1 26 26 -1 27 27 -1 28 -1 29 29 29 29 29 29 -1 -1 21 -1 -1 30 -1 -1 -1 -1 -1
18 18 -1 18 -1 25 -1 31 -1 -1 26 26 -1 27 27 27 27 27 27 -1 -1 -1 -1 29 29 -1 32 32 -1 -1 -1 33 -1 34 -1
-1 35 -1 36 36 36 36 36 -1 26 26 26 26 -1 27 -1 27 27 27 27 27 27 27 27 -1 32 32 32 32 32 32 32 32 -1 37
38 -1 39 -1 -1 -1 -1 36 -1 -1 -1 -1 40 40 -1 27 27 27 27 -1 27 27 27 27 -1 -1 41 -1 41 -1 42 -1 43 -1 44
-1 45 -1 46 -1 -1 -1 47 -1 47 47 47 -1 47 -1 27 27 -1 -1 27 27 27 27 27 27 -1 41 41 41 -1 -1 43 43 43 -1
45 45 -1 -1 48 48 -1 47 47 47 -1 47 47 47 -1 -1 -1 27 27 27 -1 27 27 -1 -1 49 -1 -1 -1 50 -1 -1 -1 -1 -1
-1 51 -1 52 -1 -1 47 47 47 -1 53 -1 -1 54 54 -1 55 55 -1 -1 -1 56 -1 -1 -1 -1 57 -1 -1 58 58 -1 -1 -1 -1
51 51 -1 -1 47 47 47 47 -1 59 59 -1 -1 -1 -1 55 55 55 55 -1 56 56 56 -1 60 60 -1 -1 61 -1 62 62 62 -1 62
-1 -1 63 -1 47 47 47 47 -1 64 -1 65 -1 66 -1 -1 55 -1 -1 67 -1 56 56 -1 60 60 -1 68 -1 62 62 -1 62 62 62
-1 -1 69 -1 47 47 -1 -1 -1 -1 -1 -1 66 66 66 66 66 -1 70 -1 71 -1 71 71 -1 -1 -1 -1 62 62 62 62 62 -1 -1
72 72 -1 -1 -1 73 -1 74 -1 74 74 74 -1 -1 -1 75 -1 -1 -1 -1 71 71 71 71 71 71 -1 62 62 -1 62 62 62 -1 76
72 72 72 -1 77 -1 -1 74 74 74 74 74 -1 78 -1 75 75 -1 75 75 75 -1 71 71 -1 -1 79 -1 -1 62 62 62 62 62 -1
-1 72 72 -1 77 -1 74 74 74 74 -1 80 80 80 -1 75 75 75 75 -1 75 -1 -1 81 81 81 -1 82 82 -1 62 62 -1 83 83
72 72 -1 84 -1 -1 74 74 74 74 -1 80 80 -1 -1 75 -1 -1 -1 85 85 -1 -1 -1 -1 -1 -1 -1 86 -1 87 -1 83 83 83
-1 -1 88 -1 -1 74 74 -1 74 74 74 74 -1 89 89 -1 90 -1 -1 91 -1 91 91 -1 92 92 92 -1 86 -1 -1 -1 83 -1 -1
-1 -1 93 93 93 -1 -1 -1 74 74 74 74 -1 89 -1 94 -1 91 91 91 91 91 -1 95 -1 92 92 92 -1 -1 -1 96 96 -1 -1
-1 93 -1 93 93 -1 -1 74 74 -1 74 74 74 74 -1 -1 91 91 91 91 -1 97 97 -1 98 98 -1 99 99 99 -1 96 96 -1 100
93 93 93 93 93 93 93 -1 101 101 -1 74 -1 -1 102 -1 102 -1 -1 -1 103 -1 -1 104 -1 -1 99 99 99 99 -1 96 96 96 96
-1 -1 93 93 -1 93 93 -1 -1 -1 -1 105 105 -1 102 102 102 102 102 102 -1 102 102 102 -1 99 99 99 99 99 -1 106 -1 106 -1
93 -1 -1 -1 -1 93 93 93 -1 -1 -1 -1 107 -1 102 102 -1 -1 102 102 102 102 102 102 -1 -1 -1 -1 -1 -1 106 106 106 106 106
93 93 93 -1 93 93 93 93 -1 108 -1 -1 107 -1 102 -1 109 -1 -1 110 -1 -1 102 102 102 -1 -1 111 111 -1 -1 106 106 -1 106
93 93 93 93 -1 -1 93 93 -1 -1 112 -1 93 93 -1 -1 110 110 110 110 -1 102 102 102 -1 113 -1 -1 -1 114 -1 -1 -1 -1 115
-1 93 93 93 93 93 93 93 93 93 -1 93 93 -1 110 110 110 110 110 110 110 110 -1 116 116 116 116 116 116 116 116 116 -1 115 115
-1 93 93 -1 117 -1 -1 93 93 93 93 93 93 93 93 -1 -1 -1 -1 110 110 110 -1 116 -1 116 116 116 -1 -1 116 116 -1 -1 -1
118 -1 -1 119 -1 -1 93 93 93 93 -1 -1 -1 -1 -1 -1 -1 -1 -1 110 110 -1 -1 120 -1 -1 116 116 116 116 -1 116 116 -1 121
-1 119 119 119 -1 122 -1 -1 -1 93 93 -1 123 -1 -1 -1 124 -1 -1 -1 -1 125 -1 120 -1 -1 116 116 116 116 116 116 116 116 -1
-1 -1 119 -1 -1 93 93 93 93 93 93 -1 123 -1 124 124 124 124 124 124 124 124 -1 126 -1 116 116 116 116 116 -1 116 116 116 -1
127 127 -1 -1 93 93 93 93 93 93 93 93 93 93 93 -1 -1 -1 -1 -1 -1 -1 128 -1 129 -1 130 -1 130 -1 130 -1 -1 -1 131
127 127 -1 -1 -1 -1 93 93 93 93 -1 93 93 93 93 93 -1 -1 132 -1 -1 -1 -1 133 -1 130 130 130 130 130 130 130 -1 -1 131
127 127 127 127 -1 134 -1 -1 135 -1 -1 93 -1 93 93 93 93 -1 136 -1 -1 -1 137 -1 138 -1 -1 130 130 130 130 -1 130 -1 -1
127 127 -1 -1 139 139 139 -1 -1 140 140 140 140 -1 -1 -1 -1 -1 -1 -1 -1 -1 -1 138 138 138 -1 141 -1 -1 130 130 130 130 130
-1 1 -1 -1 2 -1 -1 3 -1 4 -1 5 -1 -1 6 -1 7 7 7 -1 8 8 8 8 -1 8 8 -1 -1 9 -1 9 9 -1 10
-1 1 1 -1 1 -1 3 3 -1 4 -1 -1 11 11 11 -1 -1 7 7 7 -1 8 -1 8 8 8 -1 9 9 9 9 9 -1 -1 -1
12 -1 1 1 1 1 -1 13 13 -1 -1 14 -1 -1 11 -1 -1 -1 7 -1 -1 -1 -1 -1 8 -1 9 9 9 9 9 9 -1 -1 15
16 -1 -1 -1 17 -1 -1 -1 18 -1 -1 -1 19 19 19 19 -1 -1 20 20 20 20 20 20 20 -1 -1 -1 21 -1 22 -1 23 -1 23
-1 -1 -1 24 -1 -1 18 18 18 -1 -1 25 -1 -1 19 -1 20 20 20 20 20 -1 20 20 20 20 -1 21 21 21 -1 -1 23 23 23
24 24 24 24 -1 -1 26 -1 -1 -1 -1 25 -1 27 -1 20 20 20 20 -1 28 -1 29 -1 20 20 -1 21 21 -1 -1 -1 -1 23 23
-1 30 -1 26 26 26 26 26 -1 -1 31 -1 32 -1 -1 -1 20 -1 20 20 -1 -1 29 29 -1 21 21 21 21 21 -1 33 -1 34 -1
30 30 30 -1 35 -1 26 26 26 26 26 -1 36 36 36 36 36 36 36 -1 -1 37 37 -1 -1 21 21 -1 38 -1 33 33 33 -1 39
-1 30 30 30 -1 -1 26 26 26 26 -1 36 36 -1 36 -1 -1 40 -1 40 -1 41 -1 41 -1 -1 -1 38 38 -1 33 33 -1 -1 39
42 -1 -1 -1 43 -1 -1 26 -1 26 26 -1 -1 -1 44 -1 40 40 40 40 -1 41 41 41 -1 -1 -1 38 -1 45 45 -1 46 -1 46
-1 43 -1 43 43 -1 -1 47 -1 48 -1 -1 49 49 -1 -1 40 40 -1 50 50 -1 -1 51 51 -1 52 52 -1 -1 -1 46 46 46 46
43 43 43 43 43 43 -1 47 47 -1 -1 49 49 49 -1 -1 -1 40 -1 50 50 50 -1 -1 -1 53 53 -1 46 46 46 46 46 -1 54
43 43 43 43 43 -1 55 55 -1 -1 -1 49 49 49 -1 -1 -1 -1 56 56 -1 -1 57 57 -1 -1 53 -1 46 -1 46 46 46 -1 54
-1 -1 58 -1 -1 -1 55 55 -1 49 49 49 -1 49 -1 56 56 56 56 56 -1 -1 57 57 57 57 57 -1 -1 -1 59 -1 60 60 60
-1 58 58 58 58 58 -1 -1 49 49 49 -1 -1 61 61 -1 -1 56 56 -1 -1 -1 57 -1 57 57 -1 59 59 59 59 -1 -1 -1 -1
-1 58 -1 -1 62 -1 -1 49 49 49 49 49 -1 -1 -1 63 -1 56 -1 64 -1 65 65 65 65 -1 66 -1 -1 59 59 59 -1 -1 -1
-1 67 -1 -1 -1 -1 68 -1 -1 69 -1 70 70 -1 -1 -1 -1 -1 71 71 -1 65 65 -1 65 -1 -1 72 72 -1 -1 73 73 73 73
-1 -1 -1 74 -1 -1 75 -1 69 69 -1 70 70 70 -1 76 -1 77 77 -1 -1 65 65 -1 -1 -1 -1 -1 78 78 78 -1 79 -1 79
80 -1 81 81 81 81 -1 -1 69 -1 70 70 70 -1 -1 82 -1 83 -1 -1 65 65 65 -1 -1 -1 84 84 -1 84 -1 79 79 79 79
-1 85 -1 81 -1 -1 86 86 -1 87 -1 -1 -1 -1 88 -1 -1 83 83 -1 -1 65 65 65 -1 -1 -1 84 84 84 84 -1 -1 79 79
89 89 -1 90 -1 91 -1 91 -1 92 92 92 -1 -1 -1 83 83 83 83 -1 93 93 -1 94 -1 95 -1 -1 -1 96 -1 97 97 -1 79
98 -1 99 -1 -1 91 91 91 -1 92 92 92 92 92 -1 83 83 83 -1 -1 93 93 -1 94 -1 95 -1 96 96 96 96 -1 100 -1 101
98 -1 99 99 99 -1 -1 102 -1 92 92 92 -1 103 103 103 -1 93 93 93 93 93 93 -1 104 104 -1 -1 96 96 96 -1 100 100 -1
-1 105 -1 -1 -1 106 -1 102 -1 92 92 -1 -1 -1 -1 103 -1 -1 107 -1 -1 -1 -1 108 -1 104 104 104 104 -1 -1 -1 -1 -1 -1
109 109 -1 -1 -1 -1 -1 -1 92 92 92 -1 110 -1 111 -1 112 -1 107 107 107 107 -1 113 -1 113 -1 -1 -1 114 114 114 114 -1 115
109 109 109 -1 -1 116 116 116 -1 92 92 -1 -1 117 117 117 117 117 117 -1 107 107 -1 113 113 113 113 113 113 -1 114 114 -1 118 -1
-1 109 109 109 109 -1 -1 119 -1 -1 -1 120 -1 117 117 117 -1 117 117 -1 -1 121 -1 -1 113 113 -1 113 113 113 -1 -1 122 122 122
123 -1 -1 109 109 109 109 -1 -1 124 -1 120 -1 117 -1 -1 117 117 117 117 117 -1 -1 -1 113 113 113 -1 113 113 113 -1 125 -1 126
-1 127 127 -1 109 -1 -1 128 -1 129 129 -1 117 117 -1 -1 117 117 117 117 -1 -1 -1 113 113 113 -1 113 113 113 -1 130 -1 126 126
127 127 -1 131 -1 -1 -1 128 128 -1 128 -1 117 117 117 117 117 117 -1 -1 132 132 -1 113 -1 113 -1 113 -1 -1 133 -1 -1 126 126
-1 -1 -1 -1 -1 -1 128 128 128 128 128 -1 117 117 -1 -1 -1 134 -1 135 -1 136 -1 -1 137 137 137 -1 138 -1 133 -1 -1 126 126
139 -1 140 140 -1 -1 -1 -1 141 -1 -1 142 -1 -1 134 134 134 134 134 -1 -1 -1 -1 -1 -1 -1 -1 -1 -1 126 126 126 126 126 -1
-1 140 140 -1 -1 141 141 141 141 141 -1 143 -1 -1 -1 134 134 134 -1 144 -1 145 -1 145 -1 -1 126 126 126 126 126 -1 126 126 126
140 140 -1 141 141 141 141 -1 -1 141 -1 143 143 143 143 -1 146 -1 144 144 -1 145 145 145 -1 147 -1 126 126 126 -1 -1 -1 126 126
-1 -1 148 -1 -1 149 -1 150 150 150 -1 -1 143 -1 -1 -1 146 146 -1 145 145 145 145 145 145 145 -1 151 -1 152 -1 -1 -1 -1 -1
-1 -1 1 -1 2 -1 -1 3 -1 4 -1 5 -1 -1 6 -1 7 -1 -1 8 -1 -1 -1 9 9 -1 10 -1 11 11 -1 -1 -1 -1 -1
12 12 12 12 12 -1 3 3 -1 -1 -1 -1 -1 -1 -1 13 13 -1 -1 8 -1 -1 -1 9 -1 14 14 -1 -1 -1 15 -1 -1 -1 16
12 -1 -1 17 -1 3 3 3 -1 -1 -1 18 18 -1 -1 -1 13 13 13 13 -1 19 19 -1 -1 20 -1 -1 15 15 15 15 -1 -1 16
-1 21 -1 -1 3 3 -1 3 3 -1 22 -1 22 -1 22 22 -1 13 13 -1 23 -1 24 -1 20 20 20 -1 25 -1 15 15 -1 -1 -1
26 26 -1 -1 3 -1 -1 -1 -1 -1 22 22 22 22 22 -1 27 -1 -1 -1 -1 -1 24 -1 20 -1 -1 28 -1 15 15 15 15 15 15
-1 -1 -1 29 29 -1 -1 30 -1 31 31 -1 -1 -1 -1 32 32 32 32 32 32 32 -1 -1 -1 -1 -1 28 28 -1 33 -1 15 15 15
-1 -1 -1 34 -1 35 -1 36 -1 37 -1 38 -1 39 39 -1 32 -1 32 32 -1 40 -1 40 -1 -1 -1 41 -1 -1 33 -1 15 -1 15
-1 42 -1 -1 -1 -1 -1 36 -1 37 -1 38 -1 -1 -1 -1 43 -1 -1 -1 40 40 40 40 -1 -1 44 -1 45 45 -1 46 46 46 -1
-1 47 -1 -1 -1 -1 48 48 -1 49 -1 -1 -1 43 43 43 43 43 -1 -1 40 40 40 40 40 40 -1 -1 45 -1 -1 46 46 46 -1
47 47 47 -1 47 -1 -1 -1 49 49 49 -1 -1 43 43 -1 -1 43 -1 50 -1 40 40 40 40 -1 51 -1 52 -1 53 -1 53 -1 -1
-1 47 47 47 47 47 -1 49 49 49 49 -1 43 43 43 43 43 43 43 -1 54 54 -1 -1 40 -1 -1 53 -1 53 53 53 53 53 -1
-1 -1 47 47 -1 47 -1 -1 55 -1 -1 56 56 -1 -1 -1 -1 43 43 43 -1 -1 -1 57 -1 -1 -1 53 53 53 53 53 -1 53 -1
47 47 47 -1 58 58 58 58 -1 59 59 59 -1 60 -1 -1 -1 43 43 -1 61 -1 62 62 -1 63 -1 -1 53 53 53 53 53 53 53
47 47 -1 -1 64 -1 -1 -1 59 59 -1 59 -1 60 -1 -1 -1 43 43 -1 -1 -1 62 62 62 -1 65 -1 -1 -1 53 53 53 -1 66
47 47 -1 67 -1 67 -1 68 -1 68 68 -1 -1 -1 69 69 69 -1 -1 -1 -1 70 -1 -1 62 -1 -1 -1 -1 -1 53 -1 -1 66 66
47 47 -1 67 67 67 -1 68 68 68 68 68 -1 71 -1 -1 72 72 72 -1 -1 70 70 70 -1 -1 73 73 -1 74 -1 -1 66 66 66
-1 75 75 -1 67 -1 -1 -1 68 -1 -1 76 -1 -1 77 -1 72 72 72 72 72 -1 70 70 70 70 -1 -1 78 -1 -1 79 -1 66 66
80 -1 -1 -1 81 81 81 81 -1 -1 -1 76 76 76 -1 82 -1 -1 83 -1 -1 84 -1 70 -1 70 70 70 70 -1 85 -1 -1 66 -1
-1 81 81 81 81 -1 81 -1 86 86 86 -1 -1 -1 87 87 -1 83 83 -1 -1 -1 -1 -1 70 70 70 70 -1 85 85 85 85 85 85
-1 81 -1 -1 88 -1 89 -1 -1 86 -1 90 -1 -1 -1 87 87 -1 91 91 -1 92 -1 93 -1 -1 94 -1 -1 85 -1 -1 -1 85 -1
95 95 95 -1 88 -1 -1 96 96 -1 -1 97 97 97 -1 87 87 -1 91 -1 98 -1 99 -1 -1 94 94 94 94 -1 -1 100 -1 -1 -1
101 -1 101 101 -1 -1 -1 -1 -1 -1 -1 -1 97 97 -1 -1 -1 102 -1 103 -1 104 104 104 104 -1 94 94 94 -1 105 -1 -1 106 106
101 101 101 101 101 -1 107 107 107 -1 108 -1 97 -1 109 109 -1 -1 -1 -1 -1 104 104 -1 104 -1 -1 -1 -1 -1 105 105 105 105 -1
101 101 -1 -1 -1 110 110 -1 -1 -1 111 -1 112 112 -1 109 -1 -1 104 104 104 104 104 104 -1 113 113 113 -1 105 105 105 -1 105 -1
-1 -1 -1 114 -1 -1 -1 115 -1 -1 111 -1 -1 104 104 104 104 104 104 104 104 104 -1 -1 104 104 -1 -1 116 -1 -1 -1 -1 -1 -1
-1 114 114 114 -1 117 -1 -1 -1 -1 -1 -1 118 -1 -1 -1 -1 -1 104 104 104 104 104 104 104 104 104 -1 119 119 119 119 119 119 119
-1 114 114 114 -1 -1 -1 118 118 118 118 118 118 118 118 -1 -1 -1 104 -1 104 104 104 104 -1 104 104 -1 119 -1 119 119 -1 119 119
114 114 114 -1 118 118 118 -1 118 118 118 118 -1 118 118 -1 120 120 120 -1 -1 -1 104 104 104 -1 121 -1 -1 122 122 -1 -1 119 119
114 114 114 -1 -1 -1 118 118 118 -1 118 118 118 -1 -1 123 -1 120 120 -1 104 104 104 104 -1 124 -1 -1 125 -1 -1 -1 126 -1 -1
-1 114 114 114 -1 -1 118 118 118 -1 118 118 118 -1 123 123 -1 120 120 -1 104 104 104 104 104 -1 127 127 -1 128 128 -1 129 129 129
130 -1 -1 131 -1 -1 -1 118 118 -1 -1 -1 118 118 -1 132 -1 -1 120 -1 104 -1 -1 133 -1 134 -1 135 135 135 -1 129 129 129 129
131 131 131 131 131 131 -1 118 -1 136 136 136 -1 -1 132 132 -1 -1 -1 137 137 137 137 -1 134 134 134 -1 -1 -1 138 -1 129 129 129
131 131 131 131 -1 -1 -1 139 -1 -1 -1 140 -1 -1 -1 -1 -1 141 -1 137 137 137 -1 142 -1 143 -1 -1 -1 138 138 138 -1 129 129
144 -1 131 131 131 131 131 -1 -1 -1 -1 -1 145 145 145 -1 -1 141 -1 137 -1 137 137 -1 -1 143 -1 -1 138 138 -1 -1 -1 -1 -1
-1 146 -1 131 131 131 131 -1 147 -1 148 -1 145 145 145 145 145 145 -1 149 149 -1 137 137 137 137 -1 150 -1 -1 151 151 -1 152 152
