35 20
1 -1 2 -1 -1 3 3 3 -1 4 4 -1 -1 5 5 -1 6 -1 -1 -1 7 7 7 7 -1 -1 -1 -1 8 8 -1 9 9 9 -1
1 1 -1 3 3 3 -1 -1 3 -1 4 -1 7 -1 -1 -1 6 -1 7 7 7 -1 -1 7 -1 10 -1 11 -1 -1 12 -1 9 -1 -1
1 1 -1 -1 -1 3 3 3 3 3 -1 -1 7 7 7 7 -1 7 7 -1 -1 -1 -1 7 -1 10 -1 11 11 -1 -1 -1 9 9 -1
1 1 -1 1 -1 -1 -1 3 3 -1 -1 3 -1 7 7 7 -1 7 7 7 -1 7 7 -1 -1 -1 11 11 -1 9 9 9 9 9 -1
1 -1 1 1 -1 3 3 3 3 3 -1 3 3 -1 7 -1 -1 7 -1 7 7 7 7 7 7 -1 11 -1 -1 -1 9 -1 9 9 -1
1 1 1 -1 -1 3 3 3 -1 3 3 3 -1 -1 7 7 7 7 -1 7 -1 7 7 7 7 -1 -1 -1 -1 -1 -1 13 -1 9 -1
-1 -1 1 1 -1 -1 3 -1 3 -1 3 3 -1 -1 -1 7 -1 -1 -1 -1 7 7 7 7 -1 -1 14 14 14 -1 -1 -1 9 9 9
-1 1 1 1 -1 -1 3 3 3 -1 -1 3 -1 -1 -1 -1 15 -1 7 7 7 7 -1 -1 -1 16 -1 14 -1 17 17 17 -1 -1 9
1 1 1 1 -1 18 -1 3 -1 19 -1 3 3 -1 -1 -1 -1 3 -1 7 7 -1 20 20 20 -1 14 14 -1 17 -1 -1 21 21 -1
1 1 1 1 -1 -1 22 -1 -1 -1 3 3 3 -1 -1 3 3 3 -1 -1 -1 -1 20 -1 -1 -1 -1 -1 23 -1 24 24 -1 -1 25
-1 -1 1 1 1 -1 -1 -1 26 26 -1 3 3 -1 3 -1 3 3 3 -1 -1 20 20 20 20 20 20 -1 -1 -1 -1 24 24 -1 -1
1 1 1 1 1 1 -1 26 26 -1 27 -1 3 3 3 3 3 3 -1 3 3 -1 20 -1 -1 20 20 20 20 20 20 -1 -1 -1 28
1 -1 -1 -1 -1 1 -1 26 26 26 -1 -1 -1 3 -1 -1 3 3 3 3 3 3 -1 -1 20 20 -1 -1 -1 20 20 -1 28 28 28
1 -1 -1 -1 1 1 1 -1 -1 -1 -1 -1 -1 3 3 3 -1 3 3 3 3 -1 -1 3 -1 20 -1 -1 -1 20 20 -1 -1 28 28
1 -1 29 -1 1 1 -1 30 30 -1 3 3 3 3 3 -1 3 -1 3 -1 3 3 3 3 -1 -1 -1 20 20 20 -1 -1 31 -1 -1
-1 32 -1 30 -1 -1 30 30 30 30 -1 3 3 3 3 3 3 -1 3 -1 3 -1 3 3 3 -1 -1 20 20 -1 20 -1 -1 -1 33
34 -1 30 30 30 30 -1 -1 -1 30 30 -1 -1 3 3 3 -1 35 -1 -1 3 -1 3 -1 -1 -1 20 20 20 20 20 20 20 20 -1
-1 -1 30 30 -1 30 30 30 30 30 30 30 -1 3 -1 3 -1 35 -1 -1 -1 3 3 -1 -1 20 20 20 20 -1 -1 -1 -1 20 -1
-1 30 30 -1 -1 -1 -1 -1 30 30 -1 30 30 -1 30 -1 -1 35 -1 -1 -1 -1 -1 -1 20 20 20 20 -1 20 20 20 20 20 -1
-1 30 30 30 30 -1 -1 36 -1 30 30 -1 -1 -1 30 -1 37 -1 -1 20 20 20 20 20 20 -1 -1 20 20 20 -1 20 -1 20 -1
38 -1 30 -1 -1 39 39 -1 30 30 30 30 30 30 30 30 -1 40 40 -1 20 -1 20 20 20 -1 20 20 -1 20 20 20 20 20 20
-1 30 30 30 30 -1 39 -1 30 -1 30 -1 -1 -1 -1 -1 -1 -1 40 -1 -1 -1 -1 20 20 -1 20 20 -1 20 -1 -1 20 -1 -1
30 30 30 30 30 -1 -1 41 -1 -1 30 -1 -1 -1 42 -1 40 40 40 40 -1 20 20 20 -1 20 -1 20 20 20 -1 -1 20 20 20
-1 30 -1 -1 30 30 -1 -1 -1 30 30 -1 43 -1 42 -1 40 -1 40 -1 -1 -1 -1 -1 20 20 20 20 -1 -1 20 20 20 -1 -1
-1 -1 30 -1 30 -1 -1 -1 -1 30 -1 -1 -1 -1 42 42 -1 44 -1 -1 45 -1 -1 20 20 -1 -1 20 20 20 -1 20 -1 46 -1
47 -1 30 -1 30 30 -1 30 30 30 30 -1 -1 45 -1 -1 -1 -1 -1 45 45 45 -1 20 20 20 20 20 -1 -1 48 -1 -1 46 46
-1 30 30 30 -1 -1 30 30 30 -1 -1 49 -1 45 45 45 -1 45 45 45 -1 -1 -1 -1 -1 20 20 -1 50 50 -1 50 -1 -1 -1
51 -1 -1 30 -1 -1 30 30 -1 45 45 -1 45 45 -1 45 -1 -1 45 45 -1 -1 52 -1 -1 -1 20 20 -1 50 -1 50 -1 -1 53
51 -1 -1 30 30 30 30 -1 45 45 45 -1 45 45 -1 45 45 45 45 -1 -1 54 -1 50 50 50 -1 -1 -1 50 50 50 -1 53 53
-1 30 -1 -1 30 -1 -1 -1 -1 -1 45 45 45 45 -1 -1 -1 45 45 -1 -1 54 -1 -1 50 -1 -1 50 50 50 -1 -1 53 53 -1
30 30 30 30 30 30 30 30 30 -1 -1 45 -1 45 -1 55 -1 -1 -1 -1 54 54 54 -1 50 50 50 -1 50 50 -1 56 -1 -1 -1
30 -1 30 30 -1 30 -1 30 30 -1 -1 45 -1 45 -1 55 -1 54 54 54 54 -1 -1 50 50 -1 50 50 50 50 -1 -1 57 -1 -1
-1 -1 -1 -1 30 30 30 30 -1 -1 45 45 45 45 -1 55 -1 -1 54 54 54 -1 -1 -1 -1 -1 50 50 -1 50 -1 57 57 -1 58
-1 59 -1 -1 30 30 -1 -1 45 45 45 -1 45 45 -1 55 55 -1 -1 -1 -1 60 -1 60 60 -1 -1 -1 50 50 50 -1 57 -1 58
-1 -1 61 61 -1 -1 62 -1 45 -1 -1 -1 -1 -1 -1 -1 -1 -1 -1 -1 -1 60 60 60 60 -1 -1 -1 50 -1 50 50 -1 -1 -1
1 1 -1 2 -1 3 -1 4 -1 5 5 -1 -1 6 6 6 -1 6 6 6 6 -1 -1 7 7 7 7 -1 8 -1 9 -1 10 10 10
-1 -1 11 -1 11 -1 -1 -1 5 5 5 -1 6 -1 -1 6 6 6 6 6 -1 12 -1 7 7 7 7 -1 -1 13 -1 -1 -1 -1 10
11 11 11 -1 11 11 -1 -1 -1 -1 -1 -1 6 6 -1 6 -1 -1 6 -1 -1 12 -1 -1 -1 -1 7 -1 14 -1 -1 14 14 14 -1
11 11 11 11 -1 11 11 11 -1 6 -1 6 6 -1 -1 6 6 6 6 -1 15 -1 16 -1 17 17 -1 14 14 14 14 14 14 14 14
-1 11 11 11 11 11 11 -1 6 6 6 6 -1 6 6 -1 -1 6 6 -1 15 15 -1 -1 -1 17 17 -1 14 -1 14 14 -1 14 14
18 -1 -1 -1 11 11 -1 -1 -1 -1 6 -1 -1 -1 6 6 6 6 -1 -1 -1 15 -1 -1 17 17 -1 -1 -1 19 -1 -1 14 14 -1
-1 11 11 11 11 -1 -1 20 20 -1 6 -1 -1 6 6 6 -1 -1 21 -1 -1 15 -1 22 -1 17 17 17 -1 -1 23 -1 -1 -1 -1
-1 -1 -1 11 11 -1 -1 20 -1 6 6 -1 -1 6 6 6 6 -1 21 -1 -1 15 -1 -1 -1 -1 17 17 -1 17 -1 -1 -1 24 24
25 25 -1 -1 11 11 11 -1 6 6 6 6 6 6 6 6 6 6 -1 -1 -1 -1 -1 26 26 -1 17 17 17 17 17 -1 -1 -1 24
25 -1 27 27 -1 -1 11 -1 6 -1 -1 -1 6 6 6 6 -1 -1 28 -1 29 -1 -1 -1 26 -1 -1 17 -1 17 -1 30 -1 -1 -1
-1 -1 -1 27 27 -1 11 -1 -1 29 29 29 -1 -1 -1 -1 31 31 -1 29 29 -1 32 -1 -1 -1 30 -1 -1 -1 30 30 -1 33 -1
-1 34 -1 27 27 27 -1 29 29 29 29 -1 -1 -1 29 29 -1 -1 29 29 -1 -1 32 32 -1 30 30 30 30 30 30 -1 -1 -1 30
34 34 -1 27 -1 -1 -1 29 29 -1 -1 -1 29 29 -1 29 -1 -1 29 29 -1 35 -1 32 32 -1 30 -1 30 30 30 30 30 30 30
-1 34 -1 -1 36 -1 29 29 29 -1 29 -1 29 29 29 29 -1 29 29 -1 37 -1 -1 -1 -1 -1 -1 -1 30 30 30 30 30 30 30
-1 -1 -1 38 -1 -1 -1 -1 29 -1 29 29 29 29 29 -1 -1 29 29 -1 37 -1 -1 37 -1 39 -1 -1 -1 -1 -1 -1 -1 -1 30
40 40 -1 -1 29 29 29 29 29 29 29 -1 29 -1 29 -1 29 29 -1 37 37 37 37 37 -1 -1 -1 -1 41 -1 30 30 30 30 30
40 40 40 40 -1 29 29 -1 29 29 29 -1 -1 29 29 29 29 -1 -1 -1 -1 37 37 37 -1 42 -1 -1 41 41 -1 30 -1 30 -1
40 40 40 40 -1 29 -1 -1 -1 29 29 -1 -1 -1 -1 29 -1 -1 43 -1 -1 -1 37 37 -1 -1 41 41 41 41 41 -1 -1 -1 41
40 40 40 40 40 -1 44 -1 29 29 -1 29 -1 45 -1 -1 43 43 43 -1 37 37 37 -1 -1 -1 41 41 41 41 41 41 41 41 41
-1 -1 40 -1 -1 -1 -1 46 -1 29 29 29 29 -1 47 47 -1 -1 -1 -1 -1 37 -1 48 48 -1 41 -1 -1 41 41 41 -1 41 41
49 -1 -1 41 41 41 41 -1 -1 29 29 29 -1 47 47 -1 50 50 50 50 -1 37 -1 -1 -1 -1 -1 41 41 -1 41 41 41 41 -1
-1 -1 41 41 41 41 41 41 -1 29 -1 -1 51 -1 -1 52 -1 50 50 -1 -1 37 37 -1 -1 41 -1 41 -1 41 41 -1 -1 41 -1
-1 41 41 -1 41 -1 41 -1 29 29 29 -1 51 -1 41 -1 50 50 -1 -1 37 37 -1 -1 -1 41 41 41 41 41 41 41 -1 41 41
41 41 -1 41 41 41 41 -1 -1 -1 29 -1 -1 -1 41 41 -1 -1 53 -1 37 -1 41 41 41 41 41 -1 41 -1 -1 41 -1 41 -1
-1 41 -1 41 41 41 41 41 41 -1 29 -1 41 41 41 41 -1 54 -1 -1 -1 41 -1 -1 41 41 41 41 -1 -1 55 -1 41 41 -1
56 -1 -1 41 41 -1 41 41 41 -1 -1 57 -1 -1 41 41 -1 -1 -1 -1 41 41 41 41 41 41 -1 -1 41 41 -1 58 -1 -1 59
-1 41 -1 41 -1 41 41 41 -1 -1 -1 57 -1 41 41 41 41 -1 41 41 41 -1 41 -1 41 41 -1 41 41 -1 60 -1 -1 -1 -1
41 41 41 41 -1 41 -1 -1 61 61 -1 -1 41 41 41 41 41 41 41 -1 41 41 41 41 41 41 41 41 41 -1 -1 62 62 62 -1
-1 41 -1 41 -1 41 -1 -1 61 -1 -1 -1 -1 41 -1 41 41 41 -1 41 41 41 -1 41 41 41 -1 41 -1 -1 62 62 62 -1 63
41 41 41 -1 -1 -1 41 -1 -1 41 41 41 41 -1 41 41 41 41 -1 -1 -1 41 41 -1 41 41 41 41 -1 -1 -1 62 -1 63 63
-1 41 41 41 41 41 41 -1 41 -1 -1 41 -1 64 -1 -1 -1 41 41 41 -1 41 41 41 -1 -1 -1 41 41 41 41 -1 41 -1 63
41 41 41 -1 41 -1 41 41 41 41 41 41 -1 -1 -1 -1 41 41 -1 -1 41 41 41 41 41 -1 -1 41 -1 -1 41 41 41 -1 63
41 -1 41 -1 41 -1 41 -1 41 41 41 41 -1 41 41 41 41 -1 -1 -1 -1 41 -1 -1 -1 -1 41 41 -1 41 -1 -1 -1 -1 63
-1 -1 41 -1 -1 41 -1 -1 41 41 -1 41 41 41 -1 41 41 41 41 -1 -1 41 41 41 -1 41 -1 41 41 41 -1 -1 63 63 63
-1 41 41 41 41 41 -1 65 -1 41 41 -1 41 41 -1 41 41 41 -1 -1 66 -1 41 41 41 41 -1 -1 41 41 -1 67 -1 63 63
1 1 1 1 -1 2 -1 3 -1 4 4 -1 5 5 -1 6 -1 7 7 7 -1 -1 8 8 -1 8 -1 -1 8 -1 9 9 9 9 -1
-1 1 1 1 1 -1 -1 -1 4 4 4 -1 5 5 -1 -1 7 7 -1 -1 8 8 8 -1 -1 8 -1 8 8 -1 9 9 -1 9 9
10 -1 1 -1 1 1 1 -1 4 4 -1 11 -1 5 5 -1 7 7 -1 -1 8 8 8 -1 8 8 8 8 -1 -1 9 9 9 9 9
-1 -1 1 -1 1 -1 1 -1 -1 4 -1 -1 5 5 -1 7 7 -1 8 8 8 -1 8 8 8 8 8 8 8 8 -1 -1 -1 9 -1
1 -1 1 -1 1 -1 -1 1 -1 4 -1 -1 -1 -1 12 -1 -1 -1 -1 8 -1 8 -1 8 8 -1 -1 -1 -1 -1 13 -1 -1 -1 14
1 1 1 1 1 -1 -1 1 -1 -1 -1 15 -1 15 -1 16 16 -1 -1 -1 8 8 8 -1 8 8 8 -1 -1 13 13 -1 17 17 -1
-1 -1 1 -1 1 1 -1 1 1 1 -1 15 15 15 -1 16 16 16 16 -1 -1 -1 8 8 -1 8 -1 8 8 -1 -1 17 17 17 17
-1 18 -1 1 1 1 1 1 1 1 1 -1 15 15 -1 -1 16 16 -1 -1 19 19 -1 8 -1 8 8 8 -1 -1 17 17 -1 -1 17
20 -1 21 -1 1 -1 -1 -1 -1 1 1 -1 -1 -1 -1 -1 -1 -1 -1 22 -1 -1 8 8 -1 8 8 -1 17 17 17 17 17 17 -1
-1 21 21 21 -1 -1 23 -1 -1 -1 1 1 -1 -1 24 24 24 -1 -1 -1 8 -1 -1 8 8 8 8 -1 -1 17 17 17 -1 -1 17
-1 -1 -1 21 -1 25 -1 -1 26 -1 -1 1 1 -1 24 24 24 24 -1 8 8 8 -1 8 8 -1 -1 27 -1 17 17 -1 17 17 17
-1 -1 28 -1 29 -1 -1 -1 -1 24 -1 1 -1 24 24 24 -1 -1 -1 -1 8 8 8 8 8 -1 -1 -1 30 -1 17 -1 17 17 -1
-1 31 -1 -1 -1 24 24 24 24 24 24 -1 -1 -1 -1 24 -1 -1 -1 24 -1 -1 -1 8 -1 32 -1 30 30 -1 17 17 17 -1 33
-1 31 31 -1 -1 24 -1 -1 24 -1 24 24 24 24 24 24 24 24 24 24 24 -1 -1 -1 -1 32 32 -1 -1 17 17 17 17 -1 33
34 -1 31 31 31 -1 -1 24 -1 -1 24 -1 24 24 -1 24 -1 24 -1 -1 -1 32 32 32 -1 32 -1 35 -1 -1 -1 17 17 17 -1
-1 31 31 -1 -1 -1 24 24 24 24 24 -1 24 24 24 -1 -1 -1 36 36 -1 -1 32 32 32 32 32 -1 37 -1 17 17 -1 -1 -1
-1 31 -1 -1 38 38 -1 24 -1 -1 24 24 24 24 24 -1 36 36 -1 36 36 -1 -1 -1 -1 -1 -1 -1 37 37 -1 17 17 17 -1
-1 31 31 -1 -1 -1 -1 24 24 24 24 -1 -1 -1 24 24 -1 36 36 -1 36 -1 -1 39 -1 -1 -1 -1 37 -1 17 17 17 17 17
40 -1 -1 41 41 41 41 -1 24 -1 -1 -1 42 -1 24 24 24 -1 36 36 36 -1 39 39 39 39 39 -1 37 -1 17 -1 17 -1 -1
-1 -1 -1 41 -1 -1 41 41 -1 39 39 -1 42 42 -1 -1 -1 39 -1 -1 -1 39 39 -1 39 39 -1 43 -1 44 -1 45 -1 46 -1
-1 -1 -1 -1 -1 41 41 -1 47 -1 39 39 -1 -1 39 39 39 39 39 -1 48 -1 39 39 39 -1 -1 -1 -1 -1 49 -1 -1 46 -1
-1 -1 -1 -1 41 41 -1 -1 -1 39 39 39 39 39 39 39 39 39 39 39 -1 39 39 39 -1 -1 50 50 -1 49 49 49 49 -1 49
51 -1 52 52 -1 41 41 -1 53 -1 -1 -1 -1 39 -1 -1 39 39 39 39 -1 39 -1 -1 50 50 50 -1 -1 -1 49 -1 49 49 49
-1 52 52 52 52 -1 41 -1 -1 -1 -1 54 54 -1 54 54 -1 -1 39 39 39 39 -1 50 50 -1 -1 -1 -1 49 49 -1 49 49 -1
-1 52 52 52 -1 41 41 41 41 -1 54 -1 54 54 54 54 -1 -1 -1 -1 -1 39 -1 -1 -1 -1 39 -1 49 49 -1 -1 49 49 49
-1 -1 -1 -1 54 -1 41 -1 -1 54 54 54 54 54 -1 -1 55 -1 -1 56 -1 39 -1 39 -1 39 39 39 -1 -1 -1 49 49 49 -1
-1 -1 -1 54 54 54 -1 -1 54 54 54 54 54 -1 57 -1 55 -1 58 -1 -1 39 39 39 39 39 39 39 39 39 -1 49 49 -1 -1
-1 59 -1 54 54 54 -1 -1 -1 54 54 -1 -1 60 -1 54 -1 61 -1 -1 -1 39 39 -1 39 39 39 39 -1 -1 -1 -1 -1 62 -1
63 -1 -1 -1 54 54 54 54 54 54 -1 -1 54 -1 -1 54 -1 61 -1 64 -1 -1 39 -1 -1 -1 -1 39 -1 -1 65 -1 -1 62 -1
-1 66 -1 -1 -1 -1 54 54 54 54 54 54 54 54 54 54 54 -1 -1 -1 39 39 39 39 39 -1 39 39 39 39 -1 -1 62 62 62
-1 -1 67 -1 68 -1 -1 -1 -1 -1 -1 54 54 54 54 54 -1 54 -1 39 39 39 39 -1 39 -1 -1 -1 39 -1 -1 69 -1 -1 62
70 70 -1 -1 -1 71 71 -1 -1 -1 -1 54 54 54 54 54 54 54 54 -1 39 39 -1 72 -1 -1 73 73 -1 74 74 -1 -1 75 -1
70 -1 -1 71 71 71 -1 -1 -1 54 54 54 54 54 54 -1 -1 54 -1 -1 39 -1 -1 -1 76 76 -1 -1 74 74 74 74 74 -1 -1
-1 -1 -1 71 -1 71 -1 -1 -1 -1 -1 54 54 -1 54 54 -1 54 54 54 -1 -1 77 -1 -1 -1 74 74 74 74 74 74 74 -1 -1
-1 -1 -1 -1 71 71 71 -1 -1 78 -1 -1 54 -1 -1 54 54 54 -1 54 54 54 -1 79 79 79 -1 -1 74 -1 74 -1 74 -1 -1
1 -1 2 -1 3 -1 -1 4 -1 5 5 -1 6 -1 -1 -1 7 -1 -1 8 8 8 8 -1 8 -1 8 -1 8 8 8 -1 -1 -1 9
1 -1 2 -1 -1 10 10 -1 -1 -1 5 5 -1 -1 -1 8 -1 -1 -1 8 -1 8 8 8 8 8 8 8 8 8 -1 -1 11 11 -1
1 1 -1 -1 10 -1 10 -1 12 -1 -1 5 -1 8 -1 8 -1 -1 8 8 8 -1 -1 -1 8 8 -1 -1 8 8 8 -1 11 -1 13
-1 1 -1 -1 10 10 10 -1 -1 10 -1 -1 -1 8 8 8 8 -1 8 -1 -1 -1 14 14 -1 -1 -1 15 -1 8 -1 15 -1 13 13
-1 1 1 -1 -1 10 10 10 10 10 -1 -1 8 8 8 -1 8 8 8 -1 -1 -1 14 -1 15 15 15 15 15 -1 15 15 15 -1 -1
16 -1 -1 17 -1 -1 10 -1 -1 -1 18 -1 -1 8 8 8 8 8 -1 8 8 -1 -1 -1 -1 -1 15 -1 15 15 15 15 15 15 -1
16 16 16 -1 10 10 10 10 10 -1 18 -1 8 -1 8 8 8 8 8 8 -1 -1 19 19 -1 -1 -1 -1 -1 15 15 -1 15 -1 -1
-1 16 -1 20 -1 10 -1 -1 -1 -1 -1 8 8 8 8 -1 8 8 -1 -1 21 -1 -1 -1 -1 -1 21 -1 -1 -1 15 15 -1 -1 -1
22 -1 -1 20 20 -1 23 -1 24 24 -1 -1 8 8 -1 25 -1 8 -1 21 21 -1 -1 21 21 21 21 -1 26 26 -1 15 -1 -1 27
-1 -1 20 20 -1 -1 -1 -1 24 -1 -1 20 -1 8 -1 -1 -1 -1 21 21 21 21 21 21 -1 21 -1 26 26 26 -1 15 15 -1 -1
-1 -1 -1 20 20 20 20 20 -1 20 20 20 20 -1 -1 28 -1 -1 -1 -1 -1 -1 -1 -1 -1 21 -1 26 -1 -1 -1 15 15 -1 -1
20 20 20 20 -1 -1 20 -1 -1 20 -1 20 20 -1 29 -1 15 -1 30 -1 -1 31 -1 15 15 -1 32 -1 -1 -1 15 -1 15 15 -1
20 -1 20 20 -1 20 20 20 -1 20 -1 -1 20 -1 -1 15 15 -1 -1 -1 31 31 31 -1 15 -1 32 32 -1 15 15 -1 -1 15 15
20 -1 20 -1 33 -1 20 20 -1 20 -1 -1 20 20 -1 -1 15 -1 34 -1 31 31 -1 15 15 15 -1 -1 -1 15 -1 -1 15 15 15
-1 -1 -1 -1 33 -1 -1 20 20 -1 -1 -1 20 20 -1 -1 15 -1 34 34 -1 -1 -1 15 -1 15 -1 15 15 15 15 15 15 15 15
35 -1 33 33 33 -1 20 20 20 20 20 20 20 -1 15 15 15 15 -1 34 -1 36 -1 15 -1 15 15 15 15 -1 15 -1 15 15 15
-1 33 33 -1 -1 20 20 20 20 -1 20 20 -1 15 -1 15 -1 -1 15 -1 -1 36 -1 15 15 15 -1 15 15 15 15 15 -1 -1 -1
33 33 33 -1 -1 20 -1 20 20 -1 20 -1 15 15 15 15 -1 -1 15 -1 37 -1 38 -1 -1 15 -1 15 -1 -1 15 15 15 -1 -1
-1 33 -1 -1 -1 -1 -1 -1 -1 39 -1 15 -1 -1 15 15 15 15 15 15 -1 15 -1 40 -1 -1 15 15 -1 15 15 -1 15 15 15
33 33 -1 -1 33 33 33 -1 -1 -1 -1 15 15 15 15 15 15 15 -1 15 15 15 -1 -1 -1 15 15 15 15 15 15 15 -1 -1 15
33 -1 33 33 33 33 33 33 -1 -1 15 -1 15 15 15 15 15 15 -1 15 -1 15 15 -1 -1 -1 15 15 15 15 15 -1 -1 15 15
33 33 -1 33 -1 -1 -1 33 -1 -1 15 15 -1 15 15 -1 15 15 15 15 -1 -1 15 -1 15 15 15 15 -1 15 -1 15 15 15 15
-1 33 33 33 -1 41 -1 33 -1 15 -1 15 15 -1 -1 -1 -1 15 15 15 15 15 -1 15 15 -1 -1 -1 15 -1 -1 15 -1 15 15
42 -1 33 33 33 -1 -1 33 -1 15 15 15 -1 -1 -1 43 -1 15 15 -1 -1 15 15 15 15 -1 -1 15 15 15 -1 15 15 -1 15
42 -1 -1 -1 -1 -1 44 -1 -1 15 15 -1 -1 -1 -1 -1 -1 -1 15 -1 15 -1 15 15 15 -1 45 -1 -1 15 15 15 15 -1 15
42 -1 46 46 46 46 -1 -1 -1 -1 15 15 15 15 15 15 15 15 -1 15 15 15 15 15 -1 47 -1 15 15 15 15 -1 15 15 15
-1 -1 -1 46 -1 -1 -1 -1 -1 -1 15 15 -1 -1 15 15 15 15 15 15 15 15 15 -1 -1 -1 -1 15 15 -1 15 -1 -1 -1 -1
48 -1 46 46 46 46 -1 49 49 49 -1 -1 -1 49 -1 -1 -1 -1 15 -1 15 -1 -1 -1 50 -1 -1 15 15 -1 -1 51 51 51 51
-1 -1 46 -1 -1 46 -1 49 49 49 49 49 49 49 49 -1 52 -1 15 -1 15 -1 50 -1 50 50 50 -1 -1 51 51 51 51 -1 -1
46 46 46 -1 -1 -1 53 -1 49 -1 49 -1 49 49 49 -1 -1 -1 15 -1 15 -1 50 50 50 50 -1 -1 50 -1 -1 -1 -1 50 50
46 -1 46 -1 54 -1 53 -1 -1 49 49 -1 49 -1 49 -1 55 -1 15 -1 -1 50 50 50 50 -1 50 50 50 50 -1 50 50 -1 50
46 46 -1 -1 54 -1 53 53 -1 49 49 49 49 49 49 -1 -1 -1 -1 56 56 -1 -1 50 50 50 -1 50 50 -1 50 50 50 50 50
-1 -1 54 54 54 -1 -1 -1 -1 -1 49 49 49 49 -1 57 57 57 -1 56 56 56 -1 -1 50 -1 50 50 50 50 50 -1 -1 50 -1
-1 54 54 54 54 54 -1 -1 54 54 -1 -1 -1 -1 58 -1 -1 -1 -1 56 -1 -1 50 50 50 50 50 -1 50 -1 50 50 -1 50 50
54 54 54 -1 -1 54 54 54 54 -1 59 59 59 59 -1 -1 -1 -1 56 56 -1 -1 -1 50 50 50 50 -1 50 50 -1 50 50 50 50
1 1 -1 2 2 -1 -1 3 -1 4 4 -1 -1 -1 5 5 5 5 5 -1 -1 6 -1 -1 -1 6 -1 -1 7 7 7 7 7 -1 7
-1 1 -1 -1 2 2 2 -1 -1 -1 -1 8 -1 -1 5 -1 5 -1 -1 6 -1 6 6 6 6 6 6 -1 -1 -1 7 -1 7 7 7
-1 1 1 -1 -1 -1 2 2 -1 8 8 8 8 -1 -1 6 -1 6 6 6 6 6 6 -1 -1 -1 -1 9 -1 7 7 -1 7 -1 7
-1 -1 1 -1 1 -1 2 -1 8 8 -1 8 -1 -1 6 6 6 6 6 6 6 -1 6 -1 10 -1 11 -1 7 7 -1 7 7 7 7
12 -1 1 1 1 -1 -1 -1 -1 -1 1 -1 1 1 -1 -1 6 -1 -1 -1 6 -1 6 6 -1 11 11 11 -1 -1 7 7 7 7 7
-1 1 1 1 1 -1 -1 1 -1 -1 1 1 1 -1 6 6 6 6 6 6 6 -1 6 6 -1 11 11 -1 7 7 7 7 7 7 -1
13 -1 1 1 -1 1 1 1 1 1 -1 1 -1 -1 -1 6 6 6 6 6 6 6 -1 6 -1 11 -1 -1 7 7 7 -1 -1 7 7
13 -1 -1 1 1 1 1 -1 1 1 1 1 -1 -1 -1 6 6 6 6 -1 -1 -1 6 6 -1 11 11 -1 -1 7 -1 -1 -1 7 -1
-1 -1 1 1 -1 -1 1 -1 1 -1 -1 1 1 -1 6 6 6 6 -1 -1 -1 -1 6 6 -1 11 11 -1 14 -1 7 7 7 7 -1
15 -1 1 1 -1 1 -1 1 -1 -1 16 -1 1 -1 6 -1 6 6 6 6 6 6 6 6 -1 11 -1 -1 14 -1 7 -1 7 7 7
15 -1 1 1 1 1 1 1 1 1 -1 -1 -1 -1 6 6 -1 -1 6 6 6 6 -1 6 -1 11 11 11 -1 -1 7 7 -1 7 7
-1 -1 -1 1 -1 1 1 1 1 -1 -1 17 -1 6 6 -1 -1 -1 6 6 6 -1 -1 6 -1 11 -1 -1 -1 -1 7 -1 -1 -1 7
1 1 1 1 1 -1 1 1 -1 -1 -1 17 -1 -1 -1 18 18 -1 6 -1 6 6 6 6 6 -1 19 19 19 -1 7 7 -1 -1 7
-1 -1 -1 -1 -1 1 1 1 -1 17 17 17 -1 20 -1 -1 -1 -1 6 6 -1 6 -1 6 6 -1 19 -1 19 -1 -1 7 7 -1 7
21 21 21 21 -1 1 -1 -1 22 -1 -1 17 17 -1 -1 17 17 17 -1 6 -1 6 6 -1 -1 -1 -1 -1 19 -1 19 -1 -1 -1 7
-1 -1 21 21 -1 1 1 1 -1 17 17 17 17 17 17 17 -1 17 17 -1 6 6 6 -1 19 19 19 19 19 -1 19 -1 7 7 7
23 -1 21 -1 1 1 1 1 -1 -1 17 17 17 17 -1 17 17 17 17 -1 6 -1 6 -1 19 -1 -1 -1 19 19 19 -1 7 -1 -1
23 -1 21 21 -1 1 -1 -1 -1 -1 -1 -1 17 17 17 -1 -1 -1 17 -1 -1 24 -1 -1 -1 17 17 17 -1 19 -1 7 7 7 7
23 23 -1 -1 -1 -1 25 25 -1 -1 -1 -1 17 17 -1 26 26 -1 17 -1 17 -1 17 17 17 17 17 -1 -1 -1 -1 7 -1 -1 7
23 -1 25 25 25 25 -1 25 -1 -1 -1 -1 17 17 -1 -1 -1 17 17 17 17 17 17 -1 -1 17 -1 -1 -1 7 7 7 7 -1 -1
-1 -1 25 25 25 25 25 25 25 25 25 -1 17 17 17 -1 27 -1 -1 17 17 17 -1 17 17 -1 28 -1 7 7 7 -1 7 7 7
29 -1 -1 -1 25 -1 25 -1 25 25 -1 -1 17 -1 17 17 -1 17 17 17 -1 17 17 17 17 -1 -1 -1 -1 -1 7 -1 -1 -1 7
-1 25 25 25 25 25 25 25 25 -1 17 17 17 17 17 -1 -1 17 -1 -1 17 17 17 17 17 -1 30 30 -1 7 7 7 7 -1 7
25 -1 25 25 25 -1 25 25 -1 -1 -1 17 17 -1 -1 -1 -1 17 -1 -1 17 -1 -1 17 17 -1 30 -1 31 -1 7 7 -1 7 7
25 25 25 -1 -1 25 -1 25 25 25 25 -1 17 17 -1 -1 -1 17 17 -1 -1 -1 17 17 17 17 -1 31 31 -1 -1 7 -1 -1 -1
25 -1 25 25 25 25 25 25 -1 25 -1 25 -1 -1 -1 -1 17 17 -1 -1 -1 32 -1 17 -1 -1 33 -1 -1 34 -1 7 -1 35 -1
25 -1 -1 25 25 25 25 25 25 25 25 25 25 25 25 25 -1 17 17 17 -1 32 -1 -1 33 33 33 -1 34 34 -1 7 -1 -1 -1
25 25 25 -1 25 -1 -1 25 -1 25 -1 -1 25 25 25 -1 17 17 17 17 17 -1 -1 33 33 -1 -1 -1 -1 34 34 -1 36 -1 34
-1 25 25 25 25 -1 25 25 25 -1 25 25 -1 -1 25 -1 -1 -1 17 17 17 17 -1 -1 -1 34 34 34 -1 -1 34 34 -1 34 34
-1 25 -1 25 -1 -1 -1 -1 -1 -1 25 -1 37 37 -1 17 17 -1 17 17 -1 -1 -1 38 38 -1 34 -1 -1 34 34 34 34 34 34
25 -1 25 25 25 25 -1 39 -1 25 25 -1 37 -1 17 17 17 17 17 -1 40 -1 17 -1 -1 34 34 34 34 -1 34 -1 -1 -1 -1
25 25 25 25 -1 -1 -1 -1 25 -1 25 25 -1 -1 17 -1 17 17 17 17 -1 17 17 17 -1 34 34 34 -1 34 34 34 34 -1 41
25 -1 25 25 25 25 25 -1 25 25 25 25 -1 17 17 -1 17 17 17 17 17 -1 17 -1 34 34 34 34 34 34 34 34 34 34 -1
-1 42 -1 -1 25 25 25 25 25 25 -1 -1 -1 -1 17 -1 -1 17 17 17 -1 17 17 -1 -1 -1 34 34 34 -1 -1 34 -1 -1 -1
43 -1 -1 25 25 -1 -1 -1 25 25 -1 44 -1 17 17 17 17 -1 17 17 17 17 -1 45 -1 34 34 -1 34 -1 34 34 -1 -1 -1
1 1 1 1 1 1 -1 -1 -1 -1 2 -1 -1 -1 3 3 3 -1 -1 -1 4 -1 5 -1 6 6 6 -1 4 4 4 -1 4 -1 -1
1 1 -1 1 1 -1 7 -1 8 8 -1 9 -1 3 3 3 -1 4 4 -1 4 4 -1 -1 -1 6 -1 10 -1 4 4 4 4 4 4
-1 1 -1 -1 -1 11 -1 8 8 -1 9 9 9 -1 3 -1 4 4 -1 4 4 -1 4 -1 -1 6 6 -1 4 4 4 4 -1 -1 4
1 1 1 -1 11 11 11 -1 8 8 -1 9 9 9 -1 4 4 4 4 4 4 4 4 4 -1 6 -1 -1 4 4 -1 -1 4 4 -1
-1 1 -1 1 -1 -1 -1 8 8 -1 -1 -1 -1 -1 -1 -1 4 4 4 4 -1 4 4 4 4 -1 -1 4 4 -1 -1 -1 4 4 -1
-1 1 1 1 1 1 1 -1 -1 -1 -1 -1 12 -1 -1 -1 4 4 4 -1 -1 4 4 4 4 -1 4 4 4 4 -1 -1 4 4 4
1 1 1 1 -1 1 -1 13 -1 -1 -1 -1 -1 4 4 4 4 4 -1 4 4 4 4 4 -1 -1 4 -1 4 4 -1 4 4 4 4
1 1 -1 1 1 1 -1 -1 -1 14 -1 15 -1 -1 4 4 4 4 4 -1 4 -1 4 4 -1 -1 4 -1 -1 4 4 4 -1 -1 4
-1 -1 16 -1 -1 -1 -1 17 -1 -1 -1 15 -1 18 -1 -1 -1 4 -1 -1 4 -1 -1 4 4 -1 4 4 -1 -1 4 4 4 -1 4
17 17 -1 17 -1 19 -1 17 17 -1 20 -1 18 18 18 -1 -1 4 -1 4 4 4 4 4 4 -1 4 4 -1 -1 4 -1 4 4 -1
17 17 17 17 -1 -1 -1 17 -1 -1 20 -1 18 18 -1 -1 -1 -1 21 -1 4 -1 -1 -1 4 4 4 -1 -1 4 4 -1 4 -1 22
-1 17 17 17 17 17 17 17 17 -1 -1 -1 18 18 18 18 -1 -1 -1 18 -1 -1 -1 -1 4 4 4 4 -1 4 4 -1 -1 22 22
-1 17 17 -1 17 -1 -1 17 -1 18 18 18 18 -1 -1 18 18 18 18 18 18 -1 4 4 -1 4 -1 4 4 4 4 -1 22 22 22
-1 17 -1 -1 -1 23 -1 -1 18 18 -1 18 18 18 -1 -1 18 18 18 -1 -1 24 -1 4 4 4 4 -1 -1 -1 4 -1 -1 -1 22
-1 17 -1 23 23 23 -1 25 -1 -1 -1 18 18 18 18 -1 -1 -1 -1 26 -1 -1 27 -1 -1 -1 -1 28 -1 -1 4 4 -1 -1 -1
29 -1 30 -1 23 -1 25 25 -1 31 -1 18 18 18 18 -1 32 -1 -1 -1 33 -1 27 -1 27 27 27 -1 34 -1 -1 4 -1 -1 -1
29 -1 -1 -1 -1 -1 -1 25 -1 -1 18 18 18 18 18 -1 32 32 32 32 -1 27 27 27 27 27 -1 34 34 34 -1 -1 -1 -1 -1
-1 -1 35 35 -1 -1 25 25 -1 36 -1 -1 18 18 18 -1 -1 32 32 -1 -1 27 27 27 -1 27 27 -1 -1 -1 -1 37 -1 -1 -1
-1 -1 -1 35 35 35 -1 25 -1 36 36 -1 -1 -1 18 -1 32 32 -1 -1 27 27 27 27 -1 27 27 27 27 27 -1 37 -1 -1 -1
35 35 35 35 -1 35 -1 -1 -1 36 36 36 36 -1 18 18 -1 -1 38 -1 -1 27 -1 -1 -1 -1 27 -1 -1 27 -1 37 37 -1 39
35 35 35 -1 -1 35 -1 35 -1 36 36 -1 -1 -1 18 18 18 -1 38 -1 40 -1 38 -1 41 -1 -1 42 -1 27 27 -1 -1 43 -1
35 -1 35 -1 35 35 35 35 35 -1 36 -1 44 44 -1 -1 18 -1 38 -1 -1 38 38 -1 -1 45 45 -1 -1 -1 27 -1 43 43 43
35 -1 35 35 35 35 -1 -1 -1 36 36 -1 -1 -1 46 -1 -1 38 38 38 -1 38 38 -1 -1 45 45 45 45 45 -1 -1 -1 -1 43
-1 -1 35 35 35 -1 -1 47 -1 36 36 36 36 36 -1 -1 -1 38 -1 38 38 38 38 38 -1 -1 45 45 -1 45 45 -1 48 -1 43
-1 -1 35 35 -1 36 -1 -1 -1 36 -1 -1 -1 36 36 -1 -1 38 38 -1 38 38 38 -1 -1 -1 -1 45 -1 -1 45 -1 -1 -1 -1
-1 -1 35 -1 36 36 -1 36 -1 -1 36 36 36 36 36 36 -1 38 -1 38 38 38 38 38 38 -1 -1 45 45 -1 -1 49 49 -1 50
51 51 -1 36 36 36 36 36 36 36 36 36 -1 36 36 -1 -1 38 -1 -1 -1 38 -1 38 -1 52 52 -1 -1 53 53 -1 49 -1 -1
-1 -1 -1 36 -1 -1 36 -1 36 36 36 -1 36 36 -1 -1 -1 38 -1 54 -1 38 38 -1 52 52 -1 -1 53 53 53 -1 -1 -1 55
36 36 36 36 -1 -1 -1 36 36 36 -1 36 36 36 36 -1 56 -1 -1 54 -1 38 -1 -1 -1 -1 57 57 -1 53 53 -1 58 -1 55
36 36 36 36 36 36 -1 36 -1 36 36 36 36 36 -1 59 -1 -1 -1 54 -1 -1 -1 60 -1 60 -1 57 -1 -1 53 -1 -1 55 55
-1 -1 36 36 36 36 -1 36 -1 36 36 -1 36 36 -1 -1 60 60 -1 54 54 -1 60 60 60 60 60 -1 61 -1 -1 62 62 -1 -1
63 -1 36 36 36 36 -1 36 36 36 -1 64 -1 36 -1 60 60 -1 60 -1 -1 60 60 60 60 -1 60 60 -1 65 65 -1 -1 -1 -1
63 -1 -1 36 36 36 36 -1 -1 -1 64 64 64 -1 60 60 -1 60 60 -1 -1 60 60 60 60 -1 -1 -1 65 65 65 -1 -1 65 -1
63 -1 66 -1 36 36 36 36 -1 -1 -1 64 64 -1 60 -1 60 -1 60 60 60 60 60 60 60 -1 67 -1 -1 -1 65 65 65 65 -1
63 63 -1 36 36 -1 36 36 -1 64 64 64 -1 -1 60 60 60 60 60 -1 60 -1 60 60 -1 67 67 -1 68 68 -1 -1 -1 -1 69
1 -1 -1 -1 -1 2 -1 -1 3 -1 4 -1 5 -1 5 -1 -1 -1 6 -1 -1 7 -1 -1 -1 -1 -1 -1 8 -1 9 9 9 9 9
-1 -1 10 -1 10 -1 -1 -1 3 3 -1 5 5 5 5 -1 6 6 6 6 -1 7 -1 11 11 11 11 -1 8 -1 -1 -1 -1 -1 -1
-1 -1 10 10 10 10 10 10 -1 -1 5 5 -1 -1 -1 12 -1 -1 6 6 6 -1 -1 -1 11 11 11 11 -1 13 13 13 -1 14 -1
15 15 -1 10 10 -1 10 10 10 -1 5 5 5 -1 -1 12 12 12 -1 -1 -1 11 11 11 11 11 11 -1 -1 13 13 13 -1 -1 16
15 -1 -1 10 10 10 10 -1 10 -1 -1 -1 5 5 -1 -1 12 -1 -1 -1 -1 11 -1 -1 11 11 -1 11 -1 -1 -1 13 -1 -1 16
-1 -1 -1 10 -1 10 -1 17 -1 -1 5 5 5 5 5 -1 12 -1 18 -1 -1 11 -1 11 11 11 11 11 11 11 -1 -1 -1 16 16
10 -1 10 10 -1 10 -1 -1 -1 5 5 5 5 5 -1 12 12 12 -1 19 19 -1 -1 11 -1 11 11 -1 -1 -1 20 20 20 -1 -1
10 10 10 10 -1 -1 21 21 21 -1 5 -1 -1 5 -1 -1 12 -1 -1 -1 -1 22 22 -1 -1 11 11 -1 -1 -1 20 20 -1 -1 23
-1 10 -1 -1 -1 -1 21 21 21 -1 5 -1 5 5 5 5 -1 -1 -1 24 24 -1 22 22 22 -1 -1 25 -1 -1 -1 20 -1 -1 -1
-1 -1 -1 26 -1 27 -1 21 21 21 -1 28 -1 -1 -1 -1 -1 29 29 -1 -1 29 -1 22 22 -1 -1 25 -1 -1 -1 -1 30 30 30
31 31 31 -1 32 -1 21 21 21 21 -1 28 -1 33 33 -1 -1 29 29 29 -1 29 -1 22 -1 -1 -1 -1 34 -1 -1 -1 30 30 -1
31 -1 -1 -1 32 -1 21 -1 -1 21 21 -1 -1 -1 33 33 33 -1 29 29 29 29 29 -1 35 35 35 35 -1 30 30 30 30 30 -1
-1 -1 32 32 32 32 -1 21 21 21 21 21 -1 -1 -1 -1 -1 29 29 29 -1 29 29 -1 -1 -1 35 -1 -1 30 30 30 30 30 30
32 32 32 32 32 -1 21 21 21 -1 21 -1 36 36 -1 -1 29 29 29 29 -1 29 -1 -1 37 -1 -1 -1 38 -1 30 -1 -1 30 30
32 32 32 -1 32 -1 21 21 21 -1 -1 -1 36 -1 39 39 -1 29 29 29 29 29 -1 -1 -1 40 40 -1 -1 41 -1 30 30 30 30
-1 -1 -1 42 -1 -1 21 21 -1 43 -1 -1 36 -1 39 39 -1 29 29 29 29 29 29 -1 -1 40 -1 -1 -1 -1 -1 30 30 30 30
21 21 -1 -1 44 -1 21 21 21 -1 45 -1 -1 -1 39 39 -1 -1 29 -1 29 29 -1 -1 40 40 -1 -1 46 46 -1 -1 30 30 -1
21 21 21 -1 -1 -1 21 21 21 21 -1 -1 21 -1 39 -1 -1 -1 29 -1 -1 29 -1 47 -1 -1 -1 -1 46 46 46 46 -1 30 30
21 21 21 -1 21 21 21 21 21 21 21 21 21 21 -1 -1 48 -1 -1 49 -1 -1 -1 47 47 -1 50 -1 46 -1 -1 -1 -1 30 30
21 21 -1 -1 21 21 21 21 -1 21 21 -1 21 -1 -1 -1 48 -1 48 -1 48 48 48 -1 -1 -1 -1 46 46 46 46 46 46 -1 -1
21 21 -1 21 21 21 -1 21 21 -1 21 -1 -1 48 48 48 48 -1 48 48 -1 48 48 48 -1 51 -1 46 46 -1 46 -1 -1 52 52
21 21 21 21 21 21 -1 -1 -1 21 21 21 -1 48 -1 48 48 -1 48 48 48 48 48 48 48 -1 53 -1 -1 -1 -1 52 52 52 52
-1 21 21 21 -1 -1 54 -1 -1 -1 -1 -1 55 -1 -1 48 48 48 48 -1 48 48 48 -1 -1 56 -1 -1 -1 52 -1 52 52 -1 52
21 21 21 -1 21 -1 54 -1 -1 57 57 57 -1 58 58 -1 48 48 -1 -1 -1 48 48 48 -1 -1 -1 52 52 52 -1 52 -1 52 52
-1 21 -1 21 21 -1 54 54 54 -1 -1 -1 59 -1 58 58 -1 48 -1 -1 48 48 -1 48 48 -1 60 -1 52 52 52 52 52 -1 52
21 21 -1 21 21 -1 54 54 54 54 -1 -1 59 59 -1 -1 -1 48 -1 48 48 48 48 48 48 -1 -1 -1 -1 52 52 -1 52 -1 52
21 21 21 21 -1 -1 -1 54 -1 -1 -1 59 59 59 59 -1 61 -1 -1 -1 48 48 48 48 48 -1 -1 -1 -1 -1 -1 62 -1 -1 -1
21 21 21 -1 -1 63 63 -1 64 64 -1 -1 -1 59 59 -1 61 -1 -1 48 48 48 48 -1 48 48 -1 -1 62 62 62 62 62 62 -1
-1 -1 21 -1 65 -1 -1 65 -1 -1 66 -1 65 -1 59 59 -1 -1 -1 -1 48 48 48 -1 48 48 -1 -1 -1 62 62 -1 -1 62 62
-1 65 -1 65 65 65 65 65 65 65 -1 65 65 -1 59 -1 -1 48 48 48 48 -1 48 48 -1 48 -1 62 62 62 62 -1 62 62 -1
-1 65 65 -1 65 65 65 65 -1 65 -1 -1 65 65 -1 67 67 -1 48 48 -1 -1 48 -1 -1 48 -1 62 62 62 -1 62 62 -1 -1
65 65 65 65 65 -1 -1 -1 65 65 65 65 65 65 -1 -1 -1 65 -1 -1 -1 -1 -1 -1 -1 -1 62 62 62 -1 62 62 62 62 62
-1 -1 65 65 65 -1 65 -1 65 65 65 65 65 -1 -1 65 65 65 65 65 65 -1 62 62 62 -1 62 62 62 62 62 62 62 62 -1
68 68 -1 65 -1 -1 65 65 65 65 -1 65 65 -1 65 65 65 -1 -1 65 65 -1 62 -1 62 62 62 62 -1 62 62 62 62 -1 69
-1 -1 65 65 -1 70 -1 65 -1 -1 65 65 65 65 65 -1 -1 71 -1 -1 -1 62 62 -1 -1 62 62 -1 72 -1 62 62 62 62 -1
1 -1 1 1 -1 1 -1 -1 1 -1 -1 -1 2 -1 -1 -1 -1 3 -1 3 3 3 3 3 3 3 3 -1 4 -1 -1 5 -1 6 -1
1 1 1 1 -1 1 -1 1 1 -1 2 2 2 -1 3 3 -1 3 3 3 3 -1 3 3 3 3 -1 4 4 4 4 -1 -1 -1 7
-1 -1 -1 1 1 1 1 1 -1 2 2 -1 2 -1 -1 3 -1 3 3 -1 3 3 3 3 3 -1 -1 -1 -1 -1 4 4 -1 8 -1
9 -1 -1 1 -1 1 -1 1 1 -1 2 -1 -1 3 3 3 3 -1 -1 3 3 3 3 -1 -1 10 -1 -1 10 -1 4 4 -1 -1 11
-1 12 -1 -1 13 -1 -1 -1 -1 -1 2 -1 3 -1 -1 -1 3 3 3 3 3 3 -1 14 -1 10 10 10 10 10 -1 -1 -1 -1 -1
-1 12 12 12 -1 12 12 -1 15 -1 -1 3 3 3 3 -1 3 3 3 3 -1 3 3 -1 10 10 10 10 10 -1 16 16 -1 17 17
12 12 12 -1 12 12 12 -1 -1 18 -1 -1 3 3 3 3 3 3 -1 -1 19 -1 -1 -1 -1 10 10 -1 10 -1 -1 -1 -1 17 17
12 -1 12 12 12 -1 -1 3 -1 18 -1 -1 3 3 3 3 3 -1 -1 -1 19 19 19 19 19 -1 -1 -1 -1 -1 -1 -1 -1 17 -1
-1 12 12 12 12 -1 3 3 -1 -1 3 -1 3 3 3 -1 3 3 -1 20 -1 -1 -1 -1 -1 21 -1 22 22 -1 17 17 17 17 17
-1 -1 -1 12 -1 23 -1 3 -1 3 3 3 -1 3 -1 3 3 -1 -1 -1 -1 24 -1 -1 -1 21 -1 -1 -1 17 17 -1 17 17 -1
25 25 -1 -1 23 23 -1 3 3 3 3 3 3 3 3 3 -1 26 -1 -1 -1 -1 -1 -1 27 -1 -1 -1 17 17 17 17 -1 17 17
-1 -1 23 23 23 -1 28 -1 -1 3 3 3 3 3 3 3 -1 -1 -1 -1 29 29 29 -1 -1 -1 -1 30 -1 17 17 17 17 -1 -1
31 -1 -1 -1 23 23 -1 32 32 -1 -1 3 3 3 -1 -1 -1 29 -1 -1 -1 29 29 29 29 29 -1 -1 -1 -1 -1 17 17 -1 33
-1 -1 34 34 -1 23 -1 -1 -1 -1 -1 3 -1 3 3 -1 -1 29 29 29 29 29 -1 -1 29 29 29 -1 29 -1 17 17 -1 -1 -1
35 35 -1 34 -1 -1 34 -1 -1 -1 -1 3 3 3 3 3 3 -1 -1 29 29 -1 36 -1 29 29 29 29 29 -1 -1 -1 37 -1 -1
35 -1 -1 34 34 34 34 34 -1 38 -1 -1 3 3 3 3 3 -1 -1 29 -1 -1 -1 -1 29 29 -1 29 -1 -1 -1 -1 -1 39 39
-1 40 40 -1 -1 -1 -1 34 -1 38 38 -1 3 -1 3 -1 3 3 3 -1 -1 -1 29 29 29 -1 -1 29 29 29 29 -1 39 39 -1
-1 40 40 -1 41 41 41 -1 -1 38 -1 -1 -1 -1 3 3 -1 3 -1 -1 29 29 29 -1 -1 29 -1 29 29 -1 29 -1 -1 -1 -1
40 40 40 -1 -1 -1 -1 42 42 -1 3 -1 -1 3 3 3 3 3 -1 29 29 -1 -1 -1 -1 29 29 29 -1 -1 -1 -1 43 -1 43
40 -1 -1 44 44 44 44 -1 -1 3 3 3 3 -1 3 3 3 -1 29 29 29 29 -1 -1 -1 -1 29 29 29 29 -1 43 43 43 43
-1 45 -1 44 -1 44 -1 46 46 -1 3 3 3 3 3 -1 3 -1 29 29 29 -1 -1 -1 29 29 29 -1 -1 -1 47 -1 43 43 43
45 45 45 -1 -1 -1 -1 46 -1 46 -1 3 3 -1 3 -1 -1 -1 29 29 29 -1 -1 -1 29 29 -1 -1 -1 -1 47 47 -1 -1 43
45 45 45 45 -1 -1 -1 46 46 46 46 -1 -1 48 -1 48 48 48 -1 -1 -1 49 -1 48 -1 -1 50 -1 51 -1 47 -1 -1 -1 43
-1 45 45 -1 52 -1 -1 -1 -1 -1 -1 48 48 48 48 48 48 48 -1 -1 53 -1 -1 48 -1 -1 -1 -1 -1 -1 47 47 -1 -1 43
48 -1 45 -1 52 52 52 52 -1 -1 54 -1 -1 -1 48 48 -1 -1 -1 -1 -1 -1 -1 48 48 48 48 -1 55 -1 47 47 47 -1 43
48 48 -1 -1 -1 -1 52 -1 48 -1 -1 -1 -1 -1 48 48 -1 56 -1 -1 -1 48 48 48 48 -1 48 -1 55 -1 -1 -1 -1 57 -1
48 48 48 48 48 48 -1 -1 48 48 -1 58 -1 -1 48 48 48 -1 -1 48 -1 48 48 -1 48 -1 48 -1 -1 59 59 -1 -1 -1 -1
48 -1 48 48 -1 48 48 48 -1 48 48 -1 -1 48 -1 48 48 48 48 48 -1 -1 48 48 -1 -1 -1 60 -1 -1 59 -1 -1 61 -1
48 48 -1 -1 48 48 48 48 48 48 48 -1 -1 48 48 48 48 48 48 -1 -1 -1 48 -1 -1 62 -1 -1 -1 -1 59 59 59 -1 -1
48 48 48 48 48 48 48 -1 48 -1 -1 48 48 48 48 -1 48 48 48 48 48 -1 48 48 -1 -1 48 -1 -1 -1 59 59 59 59 -1
48 48 48 -1 -1 -1 -1 -1 -1 -1 -1 -1 48 -1 48 -1 48 48 -1 -1 48 48 48 48 48 48 48 -1 -1 -1 59 -1 -1 -1 63
48 -1 -1 48 -1 48 48 48 48 -1 -1 48 48 -1 -1 48 48 -1 48 48 48 48 48 -1 48 48 48 48 -1 64 -1 65 65 65 -1
48 48 -1 48 48 48 -1 -1 48 48 48 48 -1 -1 48 -1 -1 48 48 48 48 48 48 48 -1 48 48 48 48 -1 66 -1 65 -1 67
48 48 48 48 -1 -1 48 48 48 -1 48 -1 48 -1 48 48 48 48 48 48 48 -1 48 48 -1 -1 48 48 -1 68 -1 69 -1 70 -1
-1 48 -1 -1 48 48 48 48 48 48 -1 48 48 48 48 48 48 48 -1 48 48 -1 48 -1 -1 48 48 -1 68 68 -1 -1 71 -1 72
1 1 -1 2 -1 -1 -1 -1 3 3 -1 -1 -1 -1 -1 4 -1 -1 5 5 -1 -1 -1 6 -1 -1 -1 -1 -1 7 -1 -1 7 7 7
1 1 1 -1 -1 8 -1 9 -1 -1 10 -1 11 11 -1 -1 12 -1 5 -1 13 -1 14 -1 -1 15 -1 -1 7 7 7 7 7 7 7
-1 1 1 1 1 -1 -1 -1 16 -1 10 -1 11 -1 12 -1 12 -1 -1 -1 -1 -1 -1 17 -1 -1 -1 7 7 -1 -1 -1 7 7 -1
-1 1 1 1 -1 -1 -1 16 16 -1 10 -1 -1 -1 12 12 12 -1 -1 -1 -1 18 18 -1 19 -1 20 -1 7 -1 21 -1 7 -1 -1
22 -1 -1 -1 -1 16 16 16 16 -1 10 -1 -1 -1 -1 -1 -1 23 -1 23 23 -1 18 -1 19 -1 20 -1 -1 24 -1 7 7 7 7
22 -1 -1 16 16 -1 16 16 16 16 -1 -1 25 25 -1 -1 -1 23 23 23 23 -1 -1 -1 19 -1 -1 26 -1 -1 7 7 -1 7 7
-1 -1 16 -1 16 16 16 -1 -1 -1 27 27 -1 -1 -1 23 23 23 23 -1 -1 28 28 -1 -1 -1 -1 -1 -1 7 7 -1 29 -1 -1
30 -1 16 16 16 -1 16 16 16 -1 27 27 27 -1 -1 23 23 -1 23 -1 -1 28 -1 31 31 31 -1 -1 -1 7 7 7 -1 -1 -1
-1 16 -1 16 16 -1 -1 16 16 -1 -1 27 -1 32 -1 23 -1 33 -1 -1 28 28 28 -1 31 31 -1 -1 31 -1 7 -1 34 -1 35
16 16 -1 16 -1 16 -1 -1 16 16 -1 -1 36 -1 23 23 -1 -1 37 -1 -1 28 28 -1 -1 31 31 31 31 31 -1 -1 -1 35 35
16 16 -1 -1 -1 16 16 16 16 -1 -1 16 -1 38 -1 23 -1 -1 -1 28 28 28 -1 31 31 -1 31 31 31 31 31 31 31 -1 35
-1 16 -1 16 16 16 -1 16 16 16 16 16 16 -1 39 -1 -1 -1 28 28 -1 -1 31 31 31 -1 31 -1 -1 -1 -1 31 -1 -1 35
16 16 -1 16 16 -1 16 16 16 16 16 -1 -1 39 39 -1 -1 40 -1 -1 41 -1 31 31 -1 -1 31 -1 42 42 -1 -1 -1 35 35
-1 16 -1 16 16 -1 -1 16 -1 -1 16 16 -1 39 39 -1 -1 -1 41 41 41 41 -1 31 -1 31 31 -1 -1 -1 -1 -1 -1 35 -1
16 16 16 16 16 -1 16 16 -1 -1 16 16 16 -1 -1 -1 41 41 41 -1 41 41 -1 31 31 31 31 31 31 -1 -1 43 -1 -1 -1
-1 16 -1 -1 -1 -1 16 16 -1 16 16 16 16 -1 44 -1 -1 41 41 -1 -1 41 -1 -1 -1 31 -1 31 -1 -1 -1 -1 45 -1 -1
-1 -1 -1 -1 16 -1 16 -1 16 16 -1 -1 16 -1 -1 -1 46 -1 -1 41 41 41 41 -1 31 31 -1 -1 31 31 31 31 -1 31 -1
-1 16 16 16 16 16 16 16 -1 -1 16 -1 -1 -1 47 47 -1 -1 -1 -1 41 -1 41 -1 -1 31 31 31 31 -1 31 -1 31 31 31
-1 -1 16 16 16 -1 -1 16 16 16 16 -1 48 -1 -1 47 47 -1 49 -1 41 41 41 -1 50 -1 31 -1 31 31 31 31 31 31 -1
-1 16 16 -1 -1 51 -1 16 16 -1 -1 41 -1 52 -1 -1 -1 49 49 49 -1 41 41 -1 -1 31 31 -1 -1 31 31 31 31 31 31
16 16 16 -1 51 51 -1 16 -1 41 41 41 41 -1 41 -1 41 -1 -1 -1 41 41 41 41 -1 31 31 31 31 31 31 -1 31 31 -1
16 -1 -1 51 51 -1 53 -1 -1 -1 41 41 41 -1 41 41 41 41 41 41 41 41 -1 41 -1 -1 31 -1 -1 31 -1 -1 31 31 31
-1 -1 54 -1 51 -1 53 53 -1 -1 41 41 -1 -1 41 41 41 41 41 41 41 -1 -1 41 41 -1 -1 55 55 -1 -1 31 31 -1 -1
56 56 -1 -1 -1 -1 53 53 -1 41 41 41 -1 41 41 41 41 41 -1 41 -1 57 57 -1 -1 -1 55 55 55 -1 -1 -1 31 31 31
56 56 -1 -1 58 -1 -1 -1 41 41 41 -1 -1 41 -1 41 -1 -1 -1 -1 57 57 -1 -1 -1 59 -1 55 -1 -1 60 60 -1 -1 -1
-1 56 -1 41 -1 41 -1 -1 41 41 41 -1 41 41 41 -1 61 61 -1 57 57 57 57 57 -1 59 -1 55 55 55 -1 60 -1 60 60
62 -1 41 41 41 41 41 -1 41 41 -1 41 41 -1 41 -1 -1 61 61 -1 57 -1 57 -1 -1 59 -1 55 -1 -1 60 60 60 -1 60
-1 41 -1 -1 41 41 41 41 41 41 41 -1 41 41 41 41 -1 -1 61 -1 57 57 -1 63 -1 -1 -1 55 55 -1 60 -1 60 60 60
-1 41 -1 41 -1 41 -1 41 -1 -1 -1 -1 41 41 41 41 41 41 -1 64 -1 -1 65 -1 66 -1 55 55 -1 60 60 60 -1 60 -1
-1 41 -1 41 41 41 41 41 -1 -1 -1 -1 41 -1 -1 41 -1 41 -1 -1 -1 67 -1 -1 -1 68 -1 -1 -1 60 60 -1 -1 60 -1
41 41 41 41 -1 -1 41 -1 -1 -1 -1 -1 41 -1 41 -1 41 41 41 -1 -1 67 67 -1 -1 -1 69 69 -1 -1 -1 70 70 -1 71
41 41 -1 -1 41 41 41 41 -1 41 41 41 41 41 41 41 41 41 -1 67 67 67 67 -1 -1 69 69 69 69 -1 -1 -1 -1 -1 71
-1 41 41 -1 41 -1 -1 -1 -1 -1 41 41 -1 -1 41 41 41 41 -1 -1 -1 -1 67 67 -1 -1 -1 -1 -1 -1 72 72 72 -1 71
73 -1 -1 41 41 -1 41 41 -1 -1 41 -1 -1 41 41 41 -1 -1 -1 74 74 74 -1 -1 75 75 75 -1 -1 76 -1 72 -1 -1 71
-1 -1 77 -1 41 41 41 41 41 41 41 -1 78 -1 -1 41 41 -1 74 74 74 74 -1 -1 -1 75 -1 -1 79 -1 72 72 72 72 -1
1 -1 -1 -1 2 2 -1 -1 -1 -1 -1 -1 3 3 3 3 -1 4 -1 3 -1 5 -1 -1 3 3 3 3 -1 3 -1 3 -1 -1 6
-1 -1 -1 7 -1 -1 -1 8 8 8 -1 -1 3 3 -1 -1 -1 -1 -1 3 -1 -1 3 3 -1 3 -1 3 -1 3 3 3 -1 -1 -1
9 -1 -1 7 7 -1 10 -1 -1 -1 11 -1 3 3 3 3 -1 3 3 3 -1 3 -1 3 3 3 -1 3 -1 3 3 3 -1 3 3
9 -1 -1 -1 -1 10 10 10 10 -1 -1 3 3 3 -1 3 3 -1 3 3 3 3 3 3 3 3 -1 -1 3 3 3 -1 -1 3 3
-1 12 -1 -1 -1 10 10 10 10 10 -1 -1 -1 -1 3 3 3 -1 3 -1 3 3 3 3 -1 -1 3 3 3 -1 -1 13 -1 3 3
-1 -1 14 -1 15 -1 10 10 10 10 -1 -1 -1 16 -1 -1 3 3 3 -1 3 -1 3 3 3 3 3 3 -1 -1 17 -1 -1 3 -1
18 18 -1 15 15 -1 10 10 -1 10 10 10 10 -1 3 3 3 -1 -1 -1 -1 3 -1 -1 3 3 -1 -1 3 -1 -1 -1 3 3 3
18 18 -1 -1 15 -1 -1 -1 19 -1 10 -1 -1 -1 -1 -1 3 3 3 3 3 3 3 3 -1 3 -1 3 3 -1 20 -1 -1 3 -1
-1 -1 -1 15 15 15 -1 -1 19 -1 10 10 10 10 -1 -1 3 3 -1 -1 3 3 3 -1 21 -1 3 3 -1 3 -1 -1 3 3 3
-1 -1 22 -1 15 -1 23 -1 19 -1 -1 10 -1 10 10 10 -1 3 -1 24 -1 3 -1 -1 -1 3 -1 3 -1 3 3 3 3 3 -1
22 22 22 -1 15 -1 -1 -1 19 19 19 -1 -1 -1 -1 10 10 -1 -1 -1 3 3 -1 3 -1 3 3 3 -1 3 3 -1 3 -1 25
22 22 22 -1 15 -1 19 19 19 19 -1 -1 -1 -1 10 10 10 10 -1 3 3 3 -1 3 3 3 3 3 3 3 -1 -1 3 -1 25
22 -1 -1 26 -1 27 -1 -1 19 19 -1 -1 -1 -1 -1 10 -1 -1 -1 3 3 3 3 3 -1 3 3 -1 3 -1 3 -1 3 -1 25
-1 -1 -1 26 -1 -1 -1 19 19 -1 -1 3 3 3 3 -1 28 -1 -1 3 3 3 3 -1 -1 3 3 3 3 3 3 -1 -1 -1 -1
-1 26 26 26 -1 26 26 -1 -1 3 3 3 -1 3 3 3 -1 -1 -1 -1 3 -1 3 -1 -1 3 -1 3 3 3 -1 29 -1 30 30
-1 26 26 26 26 26 -1 -1 31 -1 -1 -1 -1 -1 3 3 3 3 3 3 3 -1 3 -1 32 -1 -1 -1 3 -1 -1 29 -1 30 -1
-1 26 -1 -1 26 -1 -1 -1 -1 -1 3 3 3 3 3 -1 -1 -1 3 -1 3 3 3 -1 -1 33 33 -1 -1 34 -1 29 -1 30 -1
26 26 -1 35 -1 -1 36 -1 -1 -1 3 3 3 3 -1 -1 3 3 3 -1 -1 3 3 3 -1 33 -1 -1 34 34 34 -1 37 -1 -1
-1 26 -1 35 -1 38 -1 -1 35 -1 3 3 -1 -1 -1 3 -1 3 3 -1 39 -1 -1 -1 -1 33 -1 34 34 -1 34 -1 37 -1 40
41 -1 -1 35 -1 -1 35 35 35 35 -1 -1 -1 3 3 3 -1 -1 3 3 -1 -1 42 42 42 -1 34 34 34 34 -1 37 37 37 -1
41 -1 35 35 35 35 35 -1 -1 35 35 35 -1 -1 3 3 3 3 3 3 3 3 -1 42 -1 -1 -1 34 -1 34 -1 37 37 -1 43
41 41 -1 -1 35 -1 35 -1 44 -1 -1 35 -1 45 -1 3 3 -1 3 -1 3 -1 46 -1 -1 -1 34 -1 34 34 -1 -1 -1 -1 -1
41 41 41 41 -1 -1 35 -1 44 -1 47 -1 48 -1 -1 -1 3 3 3 -1 3 -1 -1 49 49 -1 34 34 34 34 34 -1 50 50 50
-1 41 -1 -1 51 51 -1 44 44 -1 -1 -1 -1 44 44 -1 3 -1 -1 -1 -1 49 49 49 -1 34 34 34 34 34 -1 -1 50 50 -1
-1 -1 52 52 -1 51 -1 -1 44 44 -1 -1 44 44 -1 3 3 3 3 -1 53 -1 -1 49 -1 34 34 -1 -1 -1 -1 -1 -1 -1 54
52 52 52 -1 -1 -1 55 -1 -1 44 44 44 44 -1 -1 3 -1 -1 3 -1 53 -1 -1 -1 -1 34 -1 54 54 -1 54 54 54 -1 54
52 -1 -1 56 56 -1 -1 -1 57 -1 -1 -1 44 -1 3 3 3 3 -1 -1 -1 3 -1 -1 58 -1 -1 54 54 54 54 54 54 54 54
-1 59 -1 56 -1 -1 60 -1 -1 61 -1 44 44 -1 3 3 -1 3 -1 3 -1 3 3 3 -1 62 62 -1 54 -1 -1 54 -1 54 -1
44 -1 -1 -1 44 -1 -1 63 -1 -1 -1 44 -1 -1 -1 -1 -1 3 3 3 3 3 3 -1 -1 62 62 -1 54 54 -1 -1 54 -1 54
44 44 44 44 44 44 44 -1 -1 44 44 44 44 44 44 -1 -1 -1 3 -1 -1 -1 -1 -1 -1 -1 62 62 -1 54 54 54 54 -1 54
44 -1 44 44 44 -1 -1 -1 44 44 44 -1 44 -1 -1 64 -1 65 -1 -1 -1 66 -1 67 67 -1 62 62 62 -1 54 -1 54 54 54
-1 -1 44 -1 44 44 44 44 44 44 -1 68 -1 -1 64 64 64 -1 69 69 -1 66 66 -1 -1 70 -1 62 -1 -1 -1 -1 54 54 54
71 -1 -1 -1 44 -1 44 44 -1 -1 -1 68 -1 64 -1 64 -1 -1 -1 -1 -1 66 -1 72 -1 70 70 -1 73 73 73 73 -1 -1 54
-1 -1 -1 44 44 -1 -1 -1 74 74 -1 -1 64 64 64 64 64 64 64 64 64 -1 70 -1 -1 70 70 70 -1 73 73 73 -1 -1 54
75 -1 -1 44 -1 -1 -1 -1 74 -1 -1 64 64 -1 -1 64 64 -1 -1 64 -1 70 70 70 70 70 -1 -1 73 73 73 73 73 -1 54
1 1 1 -1 1 1 -1 2 -1 3 -1 -1 4 4 -1 4 4 -1 5 5 5 -1 -1 -1 -1 -1 -1 6 -1 7 -1 8 -1 -1 8
1 1 1 1 1 -1 -1 2 -1 -1 -1 -1 4 4 4 4 4 -1 5 5 5 5 -1 -1 -1 9 9 -1 -1 -1 -1 8 8 -1 8
1 -1 1 1 -1 -1 -1 -1 10 10 10 -1 4 4 4 -1 -1 -1 -1 5 -1 -1 11 11 -1 -1 9 -1 12 12 12 -1 8 -1 8
1 1 1 1 1 1 1 1 -1 -1 -1 4 4 -1 4 4 4 4 4 -1 13 -1 11 -1 -1 -1 9 -1 -1 12 -1 8 8 8 8
1 1 -1 -1 1 -1 -1 -1 14 14 14 -1 -1 4 4 4 4 4 -1 4 -1 11 11 -1 15 -1 9 9 -1 -1 -1 -1 -1 8 -1
-1 1 1 -1 1 1 -1 -1 14 14 -1 16 -1 4 4 -1 4 4 4 4 -1 -1 11 11 -1 9 9 9 -1 -1 -1 -1 -1 8 -1
17 -1 -1 1 1 -1 -1 14 14 14 14 -1 4 4 -1 4 4 -1 4 -1 11 11 11 -1 9 9 -1 -1 -1 -1 9 9 -1 -1 -1
-1 -1 -1 -1 -1 -1 18 -1 14 14 -1 19 -1 4 4 -1 4 4 -1 4 -1 11 -1 -1 -1 9 -1 9 9 9 9 9 -1 -1 20
-1 -1 18 18 18 18 18 -1 -1 -1 19 19 -1 -1 4 4 4 -1 -1 4 -1 11 -1 21 -1 9 9 9 9 9 9 -1 -1 22 -1
-1 18 18 -1 18 -1 18 -1 -1 -1 19 -1 -1 -1 -1 -1 4 4 4 4 -1 11 -1 -1 9 -1 9 -1 9 9 -1 23 -1 -1 9
18 18 -1 -1 18 18 18 -1 24 24 -1 -1 4 -1 4 4 4 -1 -1 4 -1 -1 -1 -1 9 9 9 9 -1 -1 -1 23 -1 9 9
18 -1 -1 25 -1 18 -1 -1 24 -1 -1 -1 4 4 4 -1 4 4 4 4 -1 26 -1 27 -1 9 -1 9 9 9 -1 -1 9 -1 9
18 -1 25 25 -1 -1 -1 -1 24 24 24 -1 4 4 -1 28 -1 -1 -1 4 4 -1 4 -1 29 -1 -1 -1 -1 9 9 9 9 9 9
18 18 -1 25 -1 30 30 -1 24 24 24 -1 4 4 4 -1 -1 31 -1 4 4 4 4 4 -1 32 32 -1 9 9 9 9 9 9 9
18 18 -1 -1 30 30 30 -1 24 24 24 24 -1 4 4 -1 31 31 -1 -1 -1 4 -1 4 -1 32 -1 -1 9 -1 9 -1 -1 -1 -1
18 18 18 18 -1 -1 -1 24 24 -1 -1 -1 -1 4 4 -1 -1 -1 -1 33 -1 4 -1 4 -1 -1 -1 9 9 -1 -1 -1 34 -1 -1
-1 18 -1 -1 35 -1 36 -1 24 -1 4 4 -1 4 -1 -1 37 37 37 -1 38 -1 -1 4 -1 -1 9 9 -1 -1 -1 34 34 34 -1
18 18 -1 -1 -1 36 36 -1 -1 -1 4 4 4 4 -1 -1 37 37 37 -1 -1 39 -1 -1 -1 -1 9 -1 34 -1 34 -1 -1 34 34
18 18 -1 -1 40 -1 -1 -1 4 4 4 -1 4 4 4 4 -1 -1 37 -1 39 39 39 39 39 -1 -1 -1 34 34 34 34 34 34 -1
18 -1 41 -1 40 -1 4 -1 4 -1 -1 4 -1 -1 -1 -1 42 -1 37 -1 -1 -1 -1 39 39 39 39 -1 34 34 34 34 34 -1 43
-1 -1 -1 -1 -1 -1 4 -1 4 -1 4 4 4 -1 4 -1 42 42 -1 39 -1 39 39 -1 39 -1 -1 -1 34 34 -1 34 34 -1 43
44 44 44 44 44 -1 4 4 4 4 4 4 4 4 4 -1 -1 -1 39 39 39 39 39 39 39 39 39 -1 34 34 34 -1 34 34 -1
-1 -1 44 44 -1 -1 -1 4 4 4 -1 4 -1 4 -1 -1 39 39 39 39 -1 -1 -1 -1 39 -1 39 39 -1 34 -1 -1 -1 34 34
45 45 -1 -1 46 46 46 -1 4 -1 39 -1 4 4 -1 -1 39 39 -1 -1 47 47 -1 48 -1 49 -1 -1 34 34 34 -1 -1 -1 -1
-1 45 -1 -1 -1 -1 46 46 -1 39 39 -1 -1 -1 39 39 39 39 39 -1 -1 -1 -1 48 48 -1 50 -1 34 -1 34 34 34 -1 -1
45 45 45 45 -1 -1 46 -1 -1 -1 39 39 39 39 39 -1 -1 -1 39 -1 51 -1 51 -1 -1 50 50 -1 -1 34 34 -1 -1 52 -1
45 -1 -1 45 -1 -1 -1 39 39 39 -1 -1 -1 39 39 39 39 39 -1 51 51 51 51 -1 -1 -1 50 50 50 -1 -1 -1 52 52 52
45 -1 -1 -1 53 -1 39 39 39 39 39 39 39 39 -1 39 39 -1 -1 51 51 51 51 51 -1 50 50 -1 50 -1 -1 -1 -1 -1 -1
-1 54 -1 39 -1 39 39 39 39 39 39 39 -1 -1 -1 39 39 39 -1 -1 -1 51 51 -1 50 -1 50 50 50 50 -1 -1 -1 55 -1
-1 54 -1 39 39 39 39 39 39 39 39 -1 39 -1 39 39 -1 -1 -1 -1 39 -1 51 -1 50 50 -1 -1 50 -1 56 56 -1 -1 57
-1 -1 39 39 39 -1 39 -1 39 39 39 -1 39 39 39 39 -1 39 39 -1 39 39 -1 -1 -1 50 50 -1 50 50 -1 56 -1 57 57
-1 39 39 -1 -1 -1 39 39 39 -1 39 39 -1 39 39 39 39 39 -1 39 39 -1 58 -1 59 -1 50 50 50 -1 56 56 -1 -1 -1
-1 -1 39 -1 60 -1 -1 39 39 39 -1 39 -1 39 -1 39 39 -1 -1 39 -1 -1 -1 39 -1 -1 -1 50 50 -1 56 -1 61 61 61
-1 39 39 -1 -1 -1 -1 -1 -1 -1 -1 -1 39 39 -1 -1 39 39 39 39 39 39 39 39 -1 -1 62 -1 -1 63 -1 61 61 61 -1
39 39 39 39 -1 -1 39 39 39 39 39 39 39 39 -1 -1 39 39 -1 39 39 -1 39 -1 62 62 62 -1 64 -1 61 61 -1 61 -1
1 1 -1 2 -1 3 -1 4 -1 4 -1 -1 -1 5 -1 -1 4 4 4 -1 -1 -1 6 -1 7 7 7 7 7 7 -1 -1 4 4 -1
-1 -1 8 -1 3 3 -1 4 -1 4 4 -1 9 -1 10 -1 -1 4 4 -1 -1 11 -1 -1 7 7 7 7 7 7 7 -1 4 -1 12
13 13 -1 -1 -1 3 -1 4 -1 4 -1 -1 -1 4 -1 4 4 4 4 -1 11 11 11 11 -1 7 7 7 -1 7 7 -1 4 -1 -1
-1 13 13 13 13 -1 4 4 -1 4 -1 -1 -1 4 4 4 4 4 4 4 -1 -1 11 -1 14 -1 7 -1 -1 7 -1 4 4 4 -1
-1 -1 -1 13 -1 -1 4 4 -1 4 -1 -1 15 -1 4 4 4 4 4 4 4 4 -1 4 -1 16 -1 17 17 -1 -1 4 4 -1 18
19 19 -1 -1 -1 4 4 4 4 4 4 -1 -1 -1 -1 -1 4 4 4 4 -1 4 4 4 -1 -1 17 17 -1 -1 -1 4 -1 4 -1
19 19 -1 -1 20 -1 -1 4 4 -1 -1 4 -1 4 4 4 4 4 4 4 4 -1 4 -1 4 -1 -1 -1 4 -1 -1 4 4 4 -1
-1 -1 -1 -1 20 -1 -1 4 4 4 4 4 4 4 -1 4 4 -1 -1 4 4 4 -1 4 4 4 -1 4 4 4 -1 4 -1 4 4
-1 -1 -1 -1 -1 21 21 -1 4 -1 -1 -1 4 4 4 -1 -1 -1 -1 -1 4 4 4 4 -1 4 4 4 4 4 4 4 -1 -1 4
22 -1 23 -1 24 -1 21 -1 4 -1 -1 4 4 4 -1 -1 25 25 -1 4 4 -1 4 -1 26 -1 -1 4 4 -1 4 4 -1 -1 -1
-1 27 -1 -1 -1 28 -1 -1 4 -1 4 4 4 -1 -1 -1 25 25 25 -1 -1 29 -1 26 26 -1 -1 4 4 4 -1 4 -1 30 -1
-1 27 27 27 -1 28 -1 -1 4 -1 4 4 -1 -1 31 -1 -1 25 25 -1 -1 -1 -1 26 26 -1 32 -1 4 -1 -1 -1 -1 30 -1
-1 27 27 -1 -1 -1 -1 -1 -1 -1 4 -1 -1 33 -1 34 -1 -1 25 25 -1 26 26 26 26 -1 32 32 -1 -1 35 35 -1 -1 36
27 27 27 27 27 27 27 27 -1 37 -1 -1 -1 33 33 -1 38 38 -1 -1 26 26 26 26 -1 -1 -1 -1 -1 35 35 -1 35 -1 36
-1 27 27 27 -1 -1 27 27 -1 37 -1 -1 -1 -1 -1 38 38 -1 38 -1 -1 26 26 26 26 -1 -1 39 39 -1 35 35 35 -1 -1
-1 27 -1 -1 40 40 -1 27 -1 -1 41 -1 -1 -1 38 38 38 38 38 38 -1 -1 -1 26 26 -1 -1 39 39 -1 35 -1 -1 42 42
43 -1 44 -1 40 -1 -1 -1 41 41 41 41 41 41 -1 38 -1 38 38 38 38 38 -1 -1 -1 45 45 -1 -1 -1 35 35 -1 -1 -1
-1 46 -1 -1 -1 41 41 41 41 41 41 41 41 -1 -1 -1 47 -1 38 -1 38 38 38 -1 -1 -1 45 45 45 45 -1 -1 -1 48 -1
-1 -1 -1 41 41 41 41 -1 41 -1 -1 -1 -1 -1 38 -1 -1 38 38 38 -1 -1 38 38 -1 49 -1 45 -1 -1 38 38 38 -1 50
-1 41 41 41 41 -1 -1 41 41 -1 38 -1 -1 -1 38 38 -1 38 38 -1 38 -1 38 -1 49 49 -1 -1 -1 51 -1 38 38 -1 -1
41 41 -1 41 41 41 41 -1 -1 38 38 38 38 38 38 -1 38 -1 -1 -1 38 -1 38 38 -1 -1 38 38 38 -1 -1 38 -1 -1 -1
41 -1 52 -1 -1 41 41 -1 -1 -1 38 -1 38 -1 38 38 38 -1 38 38 38 38 38 -1 -1 -1 -1 -1 38 38 38 38 38 -1 -1
41 -1 52 -1 41 -1 41 41 -1 41 -1 38 38 -1 38 -1 38 38 -1 38 38 38 38 -1 38 38 -1 -1 38 -1 38 38 38 38 38
-1 53 -1 -1 41 41 41 -1 41 41 41 -1 -1 54 -1 -1 38 38 38 38 38 -1 38 38 38 38 38 -1 -1 -1 38 38 38 38 -1
55 -1 41 -1 -1 -1 41 41 41 41 41 -1 56 -1 57 -1 38 -1 -1 38 38 38 -1 -1 38 38 38 38 -1 38 -1 38 38 -1 -1
-1 41 41 -1 -1 -1 -1 41 -1 41 -1 58 -1 -1 -1 59 -1 -1 38 38 -1 -1 -1 38 38 38 -1 38 -1 38 -1 38 38 38 38
-1 41 -1 41 41 41 41 41 -1 41 -1 -1 41 41 41 -1 38 38 -1 38 -1 38 38 38 38 38 -1 38 38 38 38 38 -1 38 38
41 41 41 41 41 41 41 41 41 41 41 41 -1 41 41 41 -1 38 38 38 -1 -1 38 -1 38 38 38 -1 -1 38 -1 -1 60 -1 -1
41 41 -1 41 41 41 -1 41 -1 -1 41 41 41 41 -1 41 -1 38 -1 -1 38 38 38 -1 -1 38 -1 -1 60 -1 -1 60 60 -1 -1
41 41 41 41 41 41 41 41 41 -1 41 -1 41 41 -1 -1 38 38 -1 -1 38 -1 38 -1 61 -1 62 -1 60 60 60 -1 60 -1 -1
-1 -1 41 -1 41 41 -1 -1 41 41 41 -1 41 41 41 -1 38 -1 -1 63 -1 64 -1 61 61 61 -1 60 60 -1 60 -1 60 -1 65
-1 -1 -1 41 41 41 -1 -1 41 41 -1 41 -1 41 -1 -1 -1 -1 64 -1 64 64 -1 -1 61 -1 -1 60 60 60 60 60 60 -1 65
66 -1 67 -1 41 41 -1 68 -1 41 41 41 41 41 41 -1 69 -1 64 64 64 64 -1 70 -1 60 60 60 60 -1 60 60 -1 65 65
-1 -1 -1 -1 -1 -1 -1 -1 -1 41 41 41 -1 -1 -1 -1 69 -1 -1 64 64 64 64 -1 60 60 60 60 -1 -1 60 60 60 -1 65
71 -1 72 72 72 72 -1 -1 -1 41 -1 41 41 41 -1 -1 -1 73 73 -1 64 64 -1 -1 60 60 60 -1 74 74 -1 -1 -1 -1 65
1 -1 2 -1 -1 -1 3 3 -1 3 -1 -1 -1 4 4 -1 4 -1 -1 -1 5 5 -1 5 -1 5 -1 6 6 -1 -1 6 6 6 6
1 -1 2 2 -1 3 3 3 3 3 3 -1 -1 -1 4 4 4 4 4 4 -1 5 5 5 -1 5 -1 -1 6 -1 6 6 6 6 -1
-1 2 2 -1 3 3 3 3 -1 -1 -1 -1 -1 4 4 4 -1 -1 4 -1 5 5 -1 5 5 5 -1 -1 6 6 6 6 6 -1 -1
-1 -1 -1 3 3 3 3 -1 -1 3 3 -1 -1 -1 4 4 4 -1 4 -1 5 -1 5 5 -1 5 -1 -1 6 6 -1 -1 -1 7 7
8 8 -1 3 3 3 3 3 3 3 -1 -1 4 4 4 4 -1 -1 -1 -1 5 -1 -1 -1 -1 -1 -1 -1 -1 -1 -1 -1 7 7 -1
8 -1 3 3 3 3 -1 3 3 3 -1 9 -1 -1 -1 -1 10 -1 10 -1 -1 10 -1 -1 -1 11 11 11 -1 -1 -1 7 7 7 -1
-1 -1 -1 -1 -1 -1 12 -1 3 3 3 -1 -1 13 -1 10 10 10 10 10 10 10 -1 -1 11 11 11 -1 14 14 14 -1 7 -1 15
-1 16 -1 -1 12 12 12 12 -1 -1 -1 17 17 -1 10 10 -1 -1 10 10 10 -1 -1 -1 11 -1 -1 14 14 -1 -1 -1 -1 14 -1
-1 16 16 -1 -1 12 -1 -1 18 18 -1 -1 17 -1 -1 10 10 10 -1 -1 10 10 -1 11 11 -1 19 -1 14 14 -1 14 14 14 14
20 -1 16 -1 18 -1 18 18 18 -1 17 17 17 -1 21 -1 -1 -1 10 -1 10 -1 22 -1 -1 23 -1 -1 14 -1 14 14 -1 -1 14
-1 24 -1 -1 18 18 18 18 -1 17 -1 17 -1 -1 21 -1 10 10 10 10 10 10 -1 -1 -1 -1 -1 14 14 14 14 -1 25 -1 14
26 -1 -1 27 -1 -1 -1 18 -1 17 17 17 17 17 -1 -1 10 10 -1 10 10 10 10 -1 28 -1 29 -1 14 -1 -1 -1 -1 30 -1
-1 27 27 27 -1 31 31 -1 -1 17 -1 -1 17 17 -1 10 10 10 10 -1 -1 10 10 10 -1 32 -1 14 14 14 14 -1 -1 30 -1
-1 -1 27 27 -1 -1 -1 17 17 17 17 17 -1 17 17 -1 10 10 -1 33 -1 -1 10 10 -1 32 32 -1 14 14 -1 14 14 -1 14
34 34 -1 27 -1 -1 35 -1 17 17 -1 17 -1 17 -1 17 -1 10 -1 -1 -1 -1 10 10 10 -1 -1 -1 -1 14 14 14 14 14 14
34 34 -1 -1 -1 -1 -1 36 -1 -1 17 17 -1 17 17 17 -1 -1 -1 -1 10 10 10 10 -1 -1 37 -1 38 -1 14 14 14 14 -1
34 -1 39 -1 -1 -1 36 36 -1 17 17 17 17 17 17 -1 -1 -1 40 -1 10 -1 10 10 -1 -1 -1 10 -1 -1 14 -1 14 -1 -1
34 -1 -1 41 41 -1 -1 -1 -1 17 -1 17 -1 -1 -1 -1 40 40 40 -1 10 -1 -1 10 -1 10 10 10 -1 10 -1 -1 -1 -1 42
34 34 -1 41 -1 43 -1 -1 -1 17 -1 17 17 -1 -1 -1 -1 -1 -1 10 10 10 -1 10 10 10 -1 10 -1 10 -1 -1 44 -1 -1
-1 -1 -1 41 -1 -1 -1 -1 17 17 17 17 -1 -1 10 10 -1 10 10 10 10 -1 -1 -1 -1 10 10 10 10 10 -1 44 44 -1 45
-1 41 41 41 41 -1 46 -1 17 17 17 -1 -1 -1 10 10 10 -1 10 10 -1 47 -1 -1 48 -1 10 10 -1 -1 -1 44 44 -1 45
-1 -1 41 41 41 41 -1 49 -1 17 -1 -1 -1 10 10 -1 10 10 10 10 10 -1 10 10 -1 10 10 10 10 10 -1 44 -1 45 45
-1 41 41 41 41 41 -1 -1 17 17 17 17 17 -1 10 -1 -1 10 10 -1 -1 10 10 10 -1 10 10 -1 -1 -1 -1 -1 -1 45 45
41 41 41 -1 41 41 -1 17 17 -1 -1 -1 17 -1 -1 10 10 10 10 -1 -1 -1 10 10 10 10 10 10 10 -1 -1 -1 10 -1 -1
41 41 -1 41 41 41 41 -1 -1 -1 50 -1 -1 50 50 -1 10 -1 -1 51 51 -1 10 10 -1 10 -1 10 10 10 10 -1 10 -1 52
41 41 -1 41 41 41 41 41 41 -1 50 50 50 -1 50 -1 10 -1 51 -1 51 -1 10 10 10 10 10 -1 10 -1 10 10 10 -1 -1
-1 41 -1 41 41 -1 41 41 41 -1 50 -1 50 50 50 -1 -1 -1 51 -1 51 -1 10 10 10 10 10 -1 10 10 -1 -1 10 10 10
-1 41 -1 -1 41 41 41 -1 -1 41 -1 41 -1 50 -1 51 -1 51 51 -1 51 51 -1 10 10 -1 10 10 10 10 -1 53 -1 10 10
-1 -1 -1 -1 41 41 41 41 41 41 -1 41 -1 -1 -1 51 51 51 51 51 51 -1 -1 -1 10 10 -1 -1 10 10 -1 53 -1 10 10
-1 -1 41 41 41 41 -1 -1 41 41 41 41 41 -1 -1 -1 -1 51 51 -1 -1 -1 51 -1 10 -1 53 53 -1 -1 53 53 53 -1 -1
54 -1 41 -1 41 41 -1 41 41 41 41 -1 41 -1 51 51 51 51 -1 51 51 51 51 -1 -1 53 -1 53 53 53 53 53 -1 -1 -1
-1 55 -1 56 -1 41 -1 41 41 41 41 41 41 -1 -1 51 51 51 -1 -1 51 51 51 -1 53 53 53 53 -1 -1 53 -1 53 53 -1
57 -1 -1 -1 58 -1 41 41 41 -1 41 41 41 -1 51 51 -1 51 51 51 51 -1 -1 59 -1 53 53 -1 60 -1 53 -1 53 53 53
-1 -1 58 58 58 -1 -1 41 41 41 41 41 -1 -1 -1 -1 -1 51 51 51 51 -1 59 59 -1 53 53 -1 -1 -1 53 53 -1 53 53
61 61 -1 -1 -1 62 -1 41 -1 -1 41 41 -1 -1 -1 51 51 51 51 -1 -1 -1 -1 -1 53 53 53 -1 63 -1 53 53 53 53 -1
1 -1 -1 -1 -1 -1 2 2 -1 2 -1 -1 3 -1 2 2 -1 2 2 -1 -1 2 2 2 2 -1 2 2 2 -1 -1 -1 -1 2 -1
1 1 -1 -1 -1 -1 2 2 2 2 2 2 -1 2 2 -1 2 2 2 2 2 2 2 2 2 2 2 2 -1 4 -1 2 -1 2 2
-1 -1 5 -1 2 2 2 2 2 2 -1 -1 2 2 2 -1 -1 2 -1 -1 2 -1 2 2 2 -1 -1 2 -1 -1 2 2 2 2 2
6 6 -1 2 2 -1 -1 -1 2 2 2 2 2 2 -1 2 2 -1 -1 2 -1 2 2 2 2 2 2 -1 2 2 2 2 -1 2 -1
-1 -1 2 2 2 -1 -1 -1 2 2 2 2 -1 2 2 2 -1 2 2 2 -1 -1 2 2 2 -1 2 -1 2 2 -1 2 2 2 2
7 7 -1 2 2 -1 2 2 2 2 2 -1 -1 2 2 2 -1 2 -1 -1 2 2 2 -1 2 -1 2 2 2 -1 2 2 2 2 -1
-1 7 -1 2 -1 2 2 -1 2 -1 -1 8 8 -1 2 2 2 2 2 2 2 2 2 -1 2 -1 2 2 -1 9 -1 -1 -1 2 -1
-1 7 -1 -1 -1 2 -1 2 2 2 2 -1 8 -1 2 -1 -1 -1 2 2 -1 -1 -1 -1 2 2 2 2 2 -1 2 2 -1 -1 -1
7 7 -1 2 2 2 2 2 -1 2 2 2 -1 2 2 2 2 2 -1 2 -1 2 2 2 -1 -1 2 -1 2 2 2 2 -1 -1 -1
-1 7 7 -1 2 2 2 2 -1 -1 -1 -1 -1 2 -1 -1 2 -1 2 -1 10 -1 2 2 2 2 2 2 -1 -1 -1 2 -1 2 2
-1 7 7 -1 2 -1 -1 2 2 2 2 2 2 -1 -1 2 2 2 2 -1 10 -1 -1 2 2 2 2 -1 11 -1 -1 2 2 2 2
7 7 7 -1 2 -1 -1 2 -1 2 2 2 2 2 -1 2 2 2 2 2 -1 12 12 -1 -1 2 -1 2 -1 -1 -1 -1 2 -1 2
7 -1 7 -1 2 2 2 -1 -1 2 -1 2 -1 2 -1 2 2 2 2 -1 13 -1 12 -1 14 -1 2 2 2 2 2 2 2 2 -1
7 7 -1 2 2 2 2 -1 15 -1 -1 -1 2 2 -1 -1 -1 -1 -1 -1 -1 -1 12 -1 -1 -1 2 -1 -1 2 -1 2 2 2 2
-1 -1 16 -1 2 2 2 -1 15 15 -1 2 -1 -1 -1 -1 2 -1 2 2 -1 17 -1 17 17 17 -1 18 -1 -1 -1 -1 -1 2 -1
-1 -1 -1 2 2 -1 -1 2 -1 -1 2 2 -1 19 19 -1 2 2 2 -1 17 17 17 17 17 -1 20 -1 21 -1 2 2 2 -1 -1
22 22 -1 2 2 -1 -1 2 2 2 2 -1 -1 -1 19 -1 2 2 2 -1 -1 17 17 -1 17 17 -1 23 -1 -1 2 -1 -1 -1 -1
-1 -1 -1 2 2 2 -1 2 -1 2 -1 24 -1 -1 -1 2 2 -1 2 -1 2 -1 17 17 -1 17 -1 -1 -1 -1 2 2 2 2 2
-1 25 25 -1 2 -1 2 2 -1 2 -1 -1 2 2 2 2 -1 2 -1 2 2 -1 -1 17 -1 -1 -1 -1 2 -1 -1 -1 -1 2 -1
-1 -1 -1 -1 2 2 2 2 2 2 2 2 2 2 -1 2 2 2 2 2 -1 -1 2 -1 -1 -1 -1 -1 2 2 2 2 2 2 -1
2 2 2 -1 -1 2 2 -1 2 -1 2 -1 -1 -1 2 2 2 -1 2 2 -1 -1 2 2 -1 -1 -1 -1 2 2 -1 2 2 -1 2
-1 2 -1 26 26 -1 2 -1 -1 2 2 2 2 2 -1 2 -1 2 2 -1 2 -1 2 -1 27 -1 2 2 2 -1 28 -1 2 2 2
2 2 2 -1 -1 2 2 -1 2 2 2 -1 -1 2 2 -1 -1 -1 2 2 2 2 2 2 -1 2 2 2 2 -1 -1 2 2 2 -1
-1 -1 2 2 2 2 2 2 2 -1 2 2 -1 -1 2 2 2 2 2 -1 2 2 -1 2 2 2 2 -1 -1 29 29 -1 -1 2 -1
-1 -1 2 2 2 -1 -1 2 2 -1 -1 -1 2 2 -1 -1 2 -1 2 2 -1 -1 2 2 2 -1 -1 -1 -1 -1 29 -1 -1 -1 29
30 30 -1 -1 2 2 -1 2 2 2 -1 2 2 2 2 2 2 2 2 -1 -1 -1 2 2 2 -1 -1 -1 -1 29 29 -1 -1 -1 29
-1 30 -1 -1 -1 -1 -1 -1 -1 2 2 -1 -1 -1 -1 2 -1 2 2 -1 31 -1 -1 -1 -1 -1 -1 -1 32 -1 29 29 29 29 29
2 -1 2 2 2 2 -1 -1 2 2 2 2 2 2 2 -1 33 -1 -1 -1 31 31 -1 34 34 -1 35 35 -1 34 -1 -1 29 29 29
2 2 2 -1 -1 2 -1 36 -1 -1 2 -1 -1 2 -1 -1 -1 -1 -1 2 -1 -1 -1 -1 34 -1 35 35 -1 34 -1 -1 29 -1 29
2 -1 -1 -1 2 2 -1 -1 -1 2 2 2 2 2 2 2 2 2 2 2 -1 -1 -1 -1 34 34 -1 35 -1 34 -1 34 -1 -1 -1
2 2 2 2 2 2 2 2 2 -1 -1 -1 2 -1 -1 -1 2 2 2 2 2 -1 34 34 34 34 34 -1 34 34 -1 34 34 -1 -1
-1 -1 2 2 2 -1 -1 -1 -1 -1 -1 2 2 2 2 -1 2 -1 -1 2 2 -1 34 -1 34 34 -1 34 34 34 34 34 -1 37 37
-1 -1 2 2 2 2 2 2 2 2 2 2 -1 -1 -1 -1 2 2 2 -1 -1 38 -1 34 34 -1 -1 34 -1 -1 34 34 -1 37 37
-1 39 -1 2 2 -1 -1 2 -1 -1 2 -1 -1 -1 -1 40 -1 -1 -1 41 41 -1 -1 -1 34 -1 34 34 -1 42 -1 34 -1 -1 -1
-1 -1 43 -1 2 2 2 -1 44 44 -1 -1 -1 45 45 -1 46 -1 41 41 -1 47 47 -1 34 34 34 -1 42 42 -1 -1 48 -1 49
1 1 1 1 1 1 1 1 -1 -1 -1 -1 2 -1 -1 3 -1 4 -1 5 5 -1 -1 6 -1 3 -1 7 7 7 7 7 -1 3 3
-1 -1 -1 1 1 -1 1 1 1 -1 8 8 -1 -1 3 3 -1 -1 -1 -1 -1 3 -1 -1 3 3 -1 7 -1 -1 7 -1 -1 3 3
-1 -1 -1 -1 -1 -1 -1 1 -1 -1 -1 8 8 8 -1 3 3 -1 9 -1 3 3 -1 -1 -1 3 3 -1 10 -1 -1 -1 -1 3 3
8 -1 8 8 8 8 -1 -1 8 8 8 8 8 -1 -1 3 3 -1 -1 3 3 3 3 -1 -1 3 -1 -1 -1 3 3 3 3 3 -1
8 8 8 -1 -1 8 8 8 -1 8 -1 8 8 -1 -1 3 -1 -1 -1 -1 3 3 3 3 -1 3 3 -1 -1 3 3 3 -1 3 -1
8 -1 8 8 -1 -1 -1 8 8 8 8 8 -1 3 -1 3 -1 3 -1 3 3 3 -1 3 3 3 -1 -1 3 3 3 -1 3 3 -1
-1 -1 -1 8 -1 8 -1 -1 8 8 -1 -1 3 3 -1 3 3 3 3 3 -1 3 -1 -1 -1 3 3 3 3 -1 3 3 3 3 3
-1 -1 8 -1 8 8 8 -1 -1 8 -1 -1 -1 3 3 3 -1 3 -1 3 3 -1 3 3 3 -1 3 3 3 3 -1 3 -1 3 3
8 8 8 8 8 8 8 8 8 8 8 8 8 -1 3 -1 -1 -1 -1 3 3 3 -1 3 3 3 3 -1 -1 3 3 3 3 3 3
-1 -1 8 -1 8 8 -1 8 8 -1 8 -1 -1 -1 -1 11 -1 -1 -1 3 3 -1 -1 3 3 -1 -1 12 -1 3 3 3 3 3 3
-1 8 8 8 -1 -1 -1 8 -1 -1 -1 13 -1 -1 11 11 11 -1 -1 3 -1 3 -1 -1 3 3 3 -1 3 3 3 3 -1 -1 -1
-1 -1 -1 8 8 8 8 -1 14 14 14 -1 -1 -1 -1 11 -1 15 -1 3 3 3 3 -1 3 3 3 3 -1 3 -1 3 3 -1 16
17 -1 -1 8 8 -1 8 -1 14 -1 14 14 14 14 14 -1 15 15 -1 3 3 3 3 3 3 3 3 3 -1 -1 18 -1 3 -1 -1
17 17 -1 8 8 -1 8 8 -1 -1 -1 -1 14 -1 -1 -1 -1 -1 -1 3 -1 -1 3 -1 3 3 -1 -1 3 -1 18 -1 3 -1 19
17 -1 8 8 -1 8 8 8 -1 20 -1 -1 -1 3 3 3 3 3 3 3 3 -1 3 3 3 3 3 3 3 -1 -1 21 -1 -1 19
17 -1 8 8 8 8 -1 8 -1 -1 -1 -1 -1 -1 3 -1 -1 -1 -1 3 3 -1 -1 3 -1 -1 3 3 3 -1 22 -1 -1 19 19
-1 8 8 8 -1 -1 8 8 -1 23 23 -1 24 -1 3 3 -1 -1 -1 3 3 -1 -1 3 3 -1 -1 -1 -1 -1 -1 -1 19 19 -1
-1 8 -1 -1 25 25 -1 8 8 -1 -1 26 -1 27 -1 3 3 3 3 -1 -1 -1 28 -1 -1 -1 -1 19 -1 19 19 19 19 -1 -1
-1 -1 25 -1 25 -1 -1 8 -1 -1 -1 26 -1 -1 -1 3 -1 -1 -1 -1 -1 28 28 28 28 28 -1 19 19 19 -1 19 -1 -1 19
-1 25 25 25 25 25 25 -1 29 29 -1 -1 3 3 3 3 3 -1 3 -1 -1 -1 -1 -1 -1 -1 30 -1 -1 19 -1 19 19 19 19
25 25 -1 25 25 -1 25 -1 -1 -1 31 -1 3 3 3 -1 3 -1 3 -1 32 32 32 -1 33 -1 -1 19 -1 19 19 19 -1 -1 -1
-1 -1 -1 -1 25 -1 25 25 25 -1 -1 3 3 -1 -1 -1 3 3 3 -1 32 32 32 32 -1 34 -1 19 19 -1 19 -1 35 -1 36
37 -1 38 38 -1 38 -1 25 -1 25 -1 -1 3 -1 -1 -1 -1 -1 -1 -1 -1 32 -1 -1 19 -1 -1 19 19 19 19 -1 -1 19 -1
37 -1 38 38 38 38 -1 25 25 25 -1 3 3 -1 19 19 -1 19 19 19 -1 -1 19 19 19 19 -1 19 19 19 -1 19 19 19 -1
-1 38 -1 -1 38 38 -1 -1 -1 25 -1 3 3 -1 -1 19 19 19 19 19 19 19 19 -1 19 -1 19 -1 19 19 19 19 -1 19 -1
-1 38 38 38 38 -1 39 -1 40 -1 -1 -1 -1 -1 -1 -1 19 19 19 19 19 19 19 19 19 -1 19 19 19 -1 -1 -1 -1 19 19
-1 -1 -1 -1 38 38 -1 -1 -1 41 41 -1 41 -1 -1 19 19 19 19 19 -1 -1 -1 19 19 -1 19 -1 19 19 -1 19 -1 19 19
42 42 42 -1 -1 -1 -1 41 -1 41 -1 41 41 41 41 -1 -1 19 -1 -1 -1 -1 43 -1 19 19 19 19 19 -1 -1 19 19 19 -1
42 42 42 42 42 -1 41 41 41 41 41 -1 41 -1 -1 -1 44 -1 -1 -1 43 43 43 -1 -1 19 19 19 -1 -1 -1 19 -1 19 19
42 -1 42 -1 -1 41 41 41 41 -1 41 41 41 -1 44 44 44 44 -1 43 43 43 43 43 43 -1 19 -1 45 -1 -1 -1 46 -1 -1
-1 42 42 42 -1 -1 -1 41 41 -1 -1 41 41 41 -1 44 44 -1 -1 -1 -1 -1 43 -1 -1 -1 19 19 -1 -1 46 -1 46 -1 46
-1 42 42 -1 41 41 41 41 -1 41 41 -1 -1 41 41 -1 -1 47 47 47 47 -1 -1 -1 -1 19 19 -1 48 -1 46 46 46 -1 46
49 -1 -1 41 41 -1 41 41 -1 41 41 41 41 -1 41 41 -1 47 47 47 47 -1 -1 19 19 19 19 19 -1 -1 46 -1 46 -1 46
-1 41 41 41 -1 50 -1 41 -1 41 41 -1 41 -1 -1 41 -1 47 -1 47 -1 51 -1 19 19 19 19 19 -1 52 -1 46 46 46 46
-1 41 -1 41 41 -1 -1 41 41 41 41 -1 -1 53 53 -1 -1 -1 -1 47 47 -1 54 -1 -1 19 19 -1 55 -1 46 46 46 -1 -1
1 1 1 -1 1 1 1 -1 -1 -1 -1 -1 -1 -1 -1 -1 1 -1 1 1 -1 1 1 1 1 -1 2 2 2 2 2 -1 2 -1 -1
1 1 1 1 1 1 -1 3 -1 1 -1 1 1 -1 -1 1 1 -1 -1 1 1 1 -1 1 -1 2 2 -1 2 2 2 2 2 -1 -1
-1 1 1 -1 -1 -1 -1 -1 1 1 1 1 -1 -1 1 1 -1 1 1 1 1 -1 -1 -1 -1 2 2 2 2 -1 -1 -1 -1 4 4
1 1 1 -1 -1 -1 -1 -1 1 -1 1 1 -1 -1 1 1 1 1 -1 -1 1 1 1 1 1 -1 2 2 2 2 2 -1 4 4 4
-1 -1 1 -1 1 1 1 1 1 1 -1 1 1 1 -1 1 1 1 1 1 1 1 1 -1 1 -1 -1 2 2 2 2 -1 -1 -1 4
1 1 1 1 -1 -1 -1 1 1 1 -1 -1 -1 -1 -1 1 -1 1 -1 1 1 -1 1 1 1 1 -1 -1 2 2 2 -1 2 2 -1
-1 1 -1 1 1 1 -1 -1 1 1 1 1 -1 1 1 1 -1 1 -1 -1 -1 -1 -1 -1 -1 1 -1 5 -1 -1 2 2 2 -1 6
-1 1 1 -1 1 1 1 -1 1 -1 1 1 -1 1 1 1 -1 1 -1 7 -1 8 8 -1 1 1 1 -1 9 9 -1 -1 -1 -1 6
1 1 1 -1 1 1 -1 1 -1 1 -1 1 1 1 -1 1 1 -1 -1 -1 -1 8 8 8 -1 1 -1 10 -1 9 -1 9 9 -1 -1
1 1 -1 -1 1 1 -1 1 -1 1 1 1 1 1 1 1 1 1 1 1 1 -1 -1 8 -1 -1 -1 -1 9 9 -1 9 9 9 9
-1 -1 1 1 1 1 1 1 1 1 1 -1 1 -1 -1 1 1 -1 -1 -1 1 -1 -1 8 -1 8 -1 9 9 9 9 -1 9 9 9
11 -1 1 1 1 1 1 -1 1 -1 -1 -1 1 1 -1 1 1 -1 12 -1 -1 -1 -1 8 8 8 -1 9 -1 9 -1 9 -1 9 -1
-1 13 -1 -1 1 -1 -1 -1 1 1 -1 14 -1 1 1 -1 -1 15 -1 8 8 8 8 8 -1 -1 -1 -1 -1 9 9 9 9 9 -1
-1 -1 16 16 -1 16 -1 -1 -1 -1 14 14 -1 -1 -1 -1 15 15 -1 -1 -1 -1 8 8 8 8 8 -1 8 -1 9 9 -1 9 9
-1 -1 -1 16 16 16 16 -1 17 -1 14 -1 -1 -1 15 -1 15 15 -1 15 15 15 -1 -1 8 8 8 -1 8 8 -1 9 9 -1 9
-1 -1 16 -1 16 -1 -1 18 -1 -1 -1 -1 -1 15 15 15 15 15 15 15 -1 15 -1 8 8 -1 8 8 8 -1 19 -1 9 9 -1
-1 16 16 16 16 -1 -1 18 18 18 18 -1 -1 -1 -1 -1 -1 15 -1 -1 -1 15 15 -1 8 8 -1 8 -1 -1 -1 -1 -1 9 -1
16 16 -1 -1 16 -1 20 -1 18 -1 -1 21 21 21 -1 15 15 15 -1 -1 -1 15 -1 -1 -1 -1 8 8 -1 -1 9 9 9 9 9
16 16 16 16 -1 20 20 20 -1 22 -1 21 21 -1 15 15 15 15 15 15 -1 15 15 -1 -1 -1 -1 -1 -1 9 -1 9 -1 9 -1
16 -1 16 -1 -1 20 -1 20 20 -1 -1 21 21 21 -1 -1 -1 -1 15 15 15 -1 15 -1 -1 23 -1 9 9 9 9 9 9 9 -1
-1 24 -1 25 -1 20 20 20 20 20 20 -1 21 21 -1 15 15 15 -1 15 -1 26 -1 27 -1 23 23 -1 9 -1 9 -1 -1 -1 -1
-1 -1 -1 25 -1 20 20 20 20 20 -1 -1 -1 -1 15 15 15 15 15 15 -1 26 26 -1 -1 -1 -1 9 9 -1 -1 28 -1 29 29
-1 20 20 -1 20 20 20 20 20 20 20 20 -1 30 -1 -1 15 -1 15 -1 -1 26 -1 -1 31 -1 31 -1 -1 32 -1 -1 29 29 -1
20 20 20 20 20 20 20 -1 20 -1 20 20 -1 -1 15 15 -1 15 15 -1 -1 -1 -1 31 31 31 31 31 31 -1 29 29 29 -1 33
20 -1 20 -1 20 20 20 20 -1 20 -1 20 -1 -1 15 15 15 15 15 15 -1 15 -1 -1 -1 31 31 31 -1 29 29 29 29 29 -1
20 20 20 20 20 -1 20 -1 20 20 20 -1 -1 -1 15 15 -1 15 15 -1 15 15 15 15 -1 -1 31 -1 -1 29 29 29 29 29 -1
-1 -1 20 -1 -1 -1 20 20 20 -1 -1 -1 -1 34 -1 -1 15 15 15 15 15 -1 15 15 -1 15 -1 15 15 -1 29 -1 29 29 29
-1 -1 -1 35 -1 -1 -1 20 20 20 20 20 -1 34 -1 -1 15 15 15 15 15 -1 15 15 15 15 15 15 15 -1 -1 36 -1 -1 -1
-1 -1 35 35 -1 -1 20 20 -1 -1 -1 -1 -1 34 -1 -1 15 -1 15 15 -1 15 15 -1 15 15 15 -1 -1 36 -1 36 36 -1 -1
37 -1 -1 -1 -1 -1 20 -1 38 -1 34 -1 34 34 -1 -1 -1 -1 15 15 15 15 15 15 -1 15 15 -1 36 36 -1 36 -1 -1 -1
-1 20 20 -1 -1 -1 20 -1 -1 -1 34 34 34 34 -1 -1 15 15 15 -1 15 -1 15 15 15 -1 -1 -1 -1 36 36 36 -1 -1 39
-1 -1 20 -1 -1 20 20 -1 40 -1 -1 -1 -1 -1 15 15 15 -1 -1 -1 -1 15 15 -1 15 -1 -1 -1 -1 36 36 -1 41 -1 -1
-1 -1 20 20 20 20 -1 40 40 -1 42 42 42 -1 15 15 15 15 -1 15 15 15 -1 15 15 -1 43 -1 -1 -1 36 36 -1 -1 -1
44 -1 20 -1 -1 20 -1 40 40 -1 42 42 42 -1 -1 15 15 15 15 15 -1 15 -1 15 -1 -1 43 -1 36 36 36 -1 45 -1 -1
-1 -1 -1 46 -1 -1 47 -1 -1 -1 42 -1 42 -1 15 15 15 15 -1 15 -1 15 15 -1 -1 48 -1 -1 36 36 -1 49 -1 50 50
1 -1 -1 -1 2 2 2 -1 -1 -1 -1 -1 -1 -1 3 3 3 3 -1 4 4 4 4 -1 -1 -1 -1 4 4 -1 5 5 5 -1 -1
-1 3 3 -1 -1 2 -1 6 -1 7 -1 7 7 7 -1 -1 -1 3 -1 4 4 -1 4 4 4 4 4 4 4 -1 -1 5 5 -1 5
-1 3 -1 -1 2 2 2 -1 7 7 7 7 -1 -1 3 -1 -1 3 -1 4 4 4 4 -1 4 -1 -1 -1 -1 -1 -1 5 -1 5 5
-1 3 -1 -1 -1 2 -1 7 7 -1 7 -1 -1 3 3 3 3 3 -1 4 -1 4 4 4 4 -1 -1 5 5 5 5 5 -1 5 -1
3 3 3 3 -1 -1 -1 -1 -1 7 7 7 -1 -1 -1 3 3 -1 -1 4 -1 4 -1 4 4 -1 5 5 -1 5 5 5 5 5 -1
-1 3 -1 3 3 3 3 3 3 -1 7 7 -1 -1 3 3 -1 -1 -1 -1 -1 -1 -1 4 -1 -1 -1 -1 5 5 -1 5 5 5 5
8 -1 -1 -1 3 3 -1 3 3 -1 -1 -1 -1 3 3 3 -1 4 -1 -1 -1 4 4 4 -1 -1 -1 5 5 -1 -1 -1 -1 5 -1
8 8 8 -1 -1 3 -1 -1 -1 3 3 3 3 3 -1 -1 -1 4 4 4 4 4 4 4 4 -1 9 -1 5 -1 4 4 -1 -1 10
8 8 -1 -1 3 3 3 3 3 3 -1 -1 -1 -1 11 -1 -1 4 -1 4 -1 4 -1 4 4 4 -1 4 -1 4 4 4 -1 10 10
8 8 -1 -1 3 3 -1 -1 3 3 -1 12 12 12 -1 13 -1 4 -1 4 -1 4 4 4 -1 4 4 4 4 4 4 -1 10 10 -1
8 -1 -1 3 3 3 -1 14 -1 3 -1 -1 -1 -1 15 -1 4 4 -1 -1 4 4 -1 -1 16 -1 -1 4 4 -1 -1 -1 10 10 10
8 8 -1 3 -1 -1 14 14 -1 -1 -1 17 -1 -1 -1 -1 4 -1 18 -1 4 -1 -1 19 -1 -1 -1 4 -1 20 -1 21 -1 10 -1
-1 8 -1 3 3 3 -1 14 14 14 -1 17 17 -1 22 -1 -1 18 18 -1 -1 -1 23 -1 23 23 23 -1 24 -1 21 21 -1 -1 -1
25 -1 3 3 3 -1 14 14 14 14 -1 -1 17 -1 -1 -1 18 18 -1 26 26 -1 23 23 23 -1 23 -1 -1 -1 21 -1 -1 27 27
25 -1 3 -1 3 -1 14 -1 14 -1 28 28 -1 29 29 29 -1 -1 26 26 26 -1 23 -1 23 -1 23 23 23 -1 21 -1 27 27 -1
25 -1 3 3 3 -1 -1 30 -1 -1 -1 -1 -1 -1 29 29 -1 -1 26 26 -1 -1 23 -1 -1 23 23 -1 23 -1 -1 31 -1 -1 -1
-1 -1 -1 3 -1 -1 30 30 -1 32 32 32 -1 -1 -1 -1 33 -1 -1 -1 23 -1 23 23 23 -1 -1 -1 -1 -1 31 31 31 31 -1
-1 30 -1 3 3 -1 30 30 -1 32 32 -1 34 34 -1 33 33 -1 -1 23 23 23 23 23 -1 32 32 -1 32 32 -1 31 -1 -1 -1
-1 30 30 -1 -1 30 30 30 30 -1 32 -1 -1 34 -1 -1 33 -1 23 23 23 -1 -1 -1 32 32 -1 32 32 -1 35 -1 36 -1 37
30 30 30 30 30 30 -1 -1 30 -1 32 -1 38 -1 33 33 33 33 -1 23 23 -1 -1 -1 -1 32 32 32 32 32 -1 39 -1 37 37
30 30 30 -1 30 -1 40 40 -1 32 32 32 -1 -1 -1 33 33 33 -1 -1 23 -1 32 32 32 32 32 32 -1 -1 32 -1 32 -1 37
30 30 30 -1 30 30 -1 -1 -1 -1 32 -1 41 41 41 -1 -1 -1 32 32 -1 -1 -1 32 32 32 32 32 32 32 32 32 32 -1 37
30 30 30 30 30 30 -1 -1 -1 -1 32 32 -1 -1 41 -1 42 -1 32 32 32 32 32 32 32 32 -1 -1 32 -1 32 32 32 32 -1
-1 30 30 30 30 30 -1 -1 32 -1 32 32 32 32 -1 -1 -1 32 -1 -1 32 32 32 32 -1 32 32 -1 -1 43 -1 -1 -1 32 32
30 30 30 30 30 -1 32 32 32 32 32 32 32 32 32 32 32 32 32 32 32 -1 -1 32 32 -1 -1 32 32 -1 -1 -1 32 32 32
30 -1 30 -1 30 -1 -1 -1 -1 32 -1 -1 32 32 -1 -1 -1 32 32 32 -1 32 32 32 -1 -1 -1 32 32 32 32 32 -1 -1 32
-1 30 30 -1 -1 -1 44 44 -1 32 -1 32 32 32 -1 45 -1 -1 -1 -1 -1 -1 32 -1 32 32 32 32 32 32 32 32 32 32 32
30 30 30 -1 46 46 -1 -1 -1 32 32 32 -1 32 32 -1 47 -1 32 32 -1 48 -1 32 32 -1 32 -1 -1 -1 -1 -1 32 -1 32
30 -1 30 -1 46 46 -1 32 32 32 -1 32 32 32 -1 32 -1 32 32 32 32 -1 -1 32 -1 -1 32 32 -1 -1 -1 -1 -1 49 -1
30 -1 30 -1 -1 -1 50 -1 32 32 32 -1 32 -1 -1 32 32 -1 32 32 -1 32 32 32 -1 -1 -1 32 -1 -1 -1 51 51 -1 52
30 30 30 -1 -1 -1 50 -1 -1 -1 32 32 32 32 32 32 32 32 32 32 -1 -1 32 -1 -1 -1 -1 32 -1 53 -1 51 51 -1 52
-1 30 -1 -1 30 -1 -1 30 30 30 -1 -1 32 32 32 -1 32 32 32 -1 -1 -1 32 -1 -1 -1 54 -1 53 53 -1 51 -1 52 52
-1 30 30 30 30 -1 -1 30 30 30 30 30 -1 -1 -1 -1 32 32 -1 -1 55 -1 32 32 32 32 -1 -1 -1 -1 56 -1 57 -1 -1
30 -1 -1 -1 30 30 30 30 -1 -1 30 30 30 30 -1 -1 32 -1 -1 -1 -1 -1 -1 -1 32 32 32 32 32 -1 -1 -1 57 57 -1
30 30 30 30 30 30 -1 30 30 30 -1 -1 30 30 30 -1 32 32 32 -1 -1 58 -1 -1 -1 -1 -1 -1 -1 -1 59 -1 -1 -1 -1
1 -1 2 2 2 -1 3 -1 -1 -1 4 -1 5 -1 5 5 5 5 5 -1 -1 -1 -1 -1 6 6 6 6 6 -1 5 -1 -1 -1 7
1 -1 2 2 -1 -1 -1 8 8 8 -1 5 5 5 -1 5 5 5 -1 -1 -1 -1 9 -1 6 6 -1 -1 -1 5 5 -1 -1 -1 -1
-1 -1 2 -1 10 10 10 -1 -1 -1 5 5 5 -1 -1 5 5 -1 -1 11 -1 12 -1 -1 6 -1 -1 5 5 5 -1 5 -1 -1 -1
-1 -1 2 -1 -1 -1 -1 2 2 -1 5 -1 5 -1 -1 5 5 -1 5 -1 12 12 12 -1 -1 5 5 5 -1 5 5 5 -1 -1 13
-1 -1 2 2 2 2 2 2 -1 -1 5 5 5 5 -1 5 5 5 5 -1 -1 -1 -1 -1 -1 5 5 5 5 5 5 -1 14 14 -1
-1 -1 2 2 2 2 -1 -1 15 -1 5 -1 5 5 -1 5 -1 5 -1 -1 -1 5 5 -1 -1 5 -1 -1 5 5 -1 5 -1 -1 16
17 17 -1 -1 2 2 2 2 -1 5 5 5 5 -1 5 5 -1 5 -1 -1 5 5 -1 5 -1 5 -1 18 -1 5 5 5 5 -1 16
17 -1 19 -1 2 -1 2 2 2 -1 -1 5 5 -1 5 5 -1 5 5 5 -1 5 5 5 5 5 5 -1 5 -1 5 -1 -1 20 -1
17 -1 19 19 -1 5 -1 2 -1 5 5 -1 5 5 5 5 -1 5 -1 5 5 5 5 -1 5 -1 -1 5 5 5 5 -1 20 20 -1
17 -1 -1 -1 5 5 -1 -1 -1 5 5 -1 -1 -1 -1 5 -1 5 5 5 -1 5 5 5 5 5 -1 -1 5 -1 -1 -1 20 20 20
17 -1 -1 21 -1 5 5 5 5 -1 5 5 5 -1 -1 -1 5 5 5 5 -1 -1 -1 5 -1 -1 5 5 5 5 5 5 -1 -1 -1
-1 -1 22 -1 -1 5 5 5 -1 23 -1 5 5 5 -1 -1 -1 -1 -1 5 -1 5 -1 5 -1 -1 5 -1 -1 5 5 5 5 -1 24
25 -1 -1 -1 5 5 5 5 5 -1 5 5 -1 -1 26 -1 -1 -1 27 -1 -1 5 5 5 5 -1 -1 -1 28 -1 5 -1 -1 -1 -1
25 25 -1 -1 5 -1 -1 -1 5 5 5 5 5 -1 26 -1 -1 5 -1 -1 5 -1 5 5 5 5 -1 -1 28 -1 -1 -1 -1 -1 29
-1 25 -1 5 -1 -1 5 5 -1 -1 5 5 -1 -1 -1 -1 5 5 -1 5 5 5 5 -1 5 -1 30 -1 -1 -1 31 -1 -1 -1 29
5 -1 5 5 -1 5 5 5 -1 -1 5 5 5 5 5 -1 5 5 -1 -1 5 5 5 -1 5 5 -1 -1 32 -1 -1 29 29 29 29
5 -1 -1 5 5 -1 -1 5 5 -1 5 5 5 -1 5 5 5 5 -1 5 -1 5 -1 -1 5 5 -1 33 -1 -1 29 29 29 -1 29
5 5 -1 5 5 5 5 5 5 5 5 -1 5 -1 -1 -1 5 5 -1 5 5 5 -1 34 -1 5 -1 -1 5 5 -1 29 -1 29 29
5 -1 -1 -1 5 -1 -1 5 5 5 5 5 5 -1 35 -1 5 5 5 5 -1 5 5 -1 36 -1 5 -1 5 5 5 -1 37 -1 29
5 5 -1 -1 5 5 5 5 5 5 5 5 5 -1 -1 -1 5 5 -1 -1 -1 -1 5 5 -1 5 5 -1 -1 5 -1 -1 -1 -1 -1
-1 5 5 5 -1 5 5 5 5 -1 5 5 5 5 -1 -1 -1 5 5 -1 5 5 5 5 5 5 5 5 5 5 5 -1 5 -1 5
38 -1 5 5 5 -1 -1 5 -1 -1 -1 -1 5 5 -1 -1 -1 -1 5 -1 -1 5 -1 -1 -1 -1 -1 5 5 5 5 5 5 5 5
-1 -1 5 -1 -1 -1 5 5 -1 5 -1 5 5 5 5 5 5 -1 -1 -1 -1 5 5 5 -1 39 -1 5 -1 -1 5 -1 -1 5 -1
5 5 5 5 5 5 5 5 5 5 -1 5 -1 5 -1 -1 -1 40 -1 5 -1 5 5 -1 -1 39 -1 5 5 5 5 5 5 -1 41
5 5 -1 5 -1 5 -1 -1 -1 -1 5 5 -1 5 5 -1 42 -1 -1 5 5 -1 -1 5 5 -1 -1 5 -1 5 5 5 -1 41 41
-1 -1 -1 5 5 5 5 5 -1 -1 5 5 -1 -1 5 5 -1 5 5 5 5 5 5 5 5 5 5 5 -1 -1 -1 -1 -1 -1 -1
5 5 5 -1 5 5 -1 5 5 5 -1 5 -1 5 -1 5 -1 -1 -1 5 5 5 5 -1 -1 -1 -1 5 5 5 -1 -1 -1 43 43
5 -1 5 5 5 5 5 5 5 5 -1 5 5 5 -1 5 -1 5 -1 5 5 5 -1 -1 44 -1 45 -1 5 5 -1 46 -1 43 43
-1 47 -1 -1 -1 5 5 5 -1 5 5 5 5 -1 -1 5 5 5 -1 -1 5 -1 -1 5 -1 5 -1 5 -1 -1 -1 -1 48 -1 43
-1 -1 -1 -1 -1 -1 -1 5 -1 5 -1 5 5 5 5 5 5 -1 -1 -1 5 5 -1 5 -1 5 5 5 5 5 -1 -1 -1 -1 43
49 49 49 49 -1 50 -1 -1 -1 5 5 5 5 -1 5 -1 5 -1 -1 5 5 5 5 5 5 5 5 5 -1 -1 51 -1 -1 -1 43
49 -1 -1 49 -1 50 -1 52 52 -1 5 -1 5 5 -1 5 -1 -1 -1 5 -1 -1 -1 -1 5 5 -1 -1 5 -1 -1 -1 -1 53 -1
49 49 -1 49 49 -1 49 -1 -1 -1 5 5 5 5 5 5 -1 54 -1 -1 -1 5 5 5 5 5 5 5 5 -1 53 53 53 53 -1
49 49 49 49 49 49 49 49 -1 5 5 -1 -1 5 5 -1 54 54 54 -1 -1 5 -1 5 5 -1 5 -1 5 -1 -1 -1 -1 -1 55
49 -1 -1 -1 49 49 -1 -1 5 5 5 5 5 5 5 -1 -1 -1 54 -1 56 -1 -1 -1 -1 -1 -1 -1 -1 57 -1 55 55 55 55
1 1 -1 -1 -1 -1 2 -1 2 2 2 -1 2 -1 -1 -1 -1 -1 3 -1 3 -1 4 -1 -1 -1 -1 -1 5 5 5 5 -1 6 -1
1 1 -1 -1 2 2 2 2 2 -1 2 -1 2 -1 -1 -1 -1 -1 3 3 3 -1 4 4 -1 7 7 7 -1 -1 -1 5 -1 6 -1
1 -1 -1 -1 2 2 -1 2 2 2 2 2 2 -1 2 2 -1 3 3 3 -1 -1 4 -1 -1 7 7 -1 -1 8 8 -1 9 -1 -1
-1 10 10 -1 -1 2 2 2 -1 -1 2 2 2 2 -1 2 2 -1 3 3 3 -1 -1 -1 7 7 -1 11 11 -1 -1 -1 9 -1 12
10 10 10 -1 2 2 -1 2 2 -1 -1 2 2 2 2 2 2 -1 -1 3 3 -1 -1 7 7 -1 11 11 11 11 11 11 -1 12 12
-1 10 -1 13 -1 2 2 2 2 -1 -1 2 2 2 -1 2 -1 3 -1 3 -1 14 -1 -1 -1 -1 11 -1 -1 11 11 -1 -1 -1 12
15 -1 -1 13 -1 2 2 2 -1 -1 2 -1 2 -1 2 2 -1 3 3 3 3 -1 16 16 -1 -1 11 11 11 11 -1 17 -1 18 -1
15 15 15 -1 19 -1 -1 2 -1 -1 2 -1 2 -1 -1 2 -1 -1 -1 3 3 -1 -1 -1 20 -1 11 -1 11 11 -1 -1 21 -1 22
-1 -1 -1 23 -1 24 -1 -1 2 2 2 2 2 2 -1 2 2 -1 -1 -1 -1 -1 -1 -1 -1 -1 -1 -1 11 -1 -1 -1 -1 -1 22
-1 25 -1 -1 24 24 -1 -1 2 2 -1 -1 2 2 2 2 2 -1 2 -1 -1 2 2 -1 26 -1 -1 27 -1 -1 28 -1 -1 -1 -1
24 -1 -1 24 24 -1 -1 -1 -1 2 -1 2 -1 -1 2 2 2 2 2 -1 2 2 -1 -1 -1 -1 27 27 27 -1 28 28 28 28 28
24 24 24 24 -1 24 24 -1 2 2 2 2 -1 29 -1 2 2 -1 2 2 2 2 2 2 2 2 -1 -1 -1 -1 28 28 28 28 28
24 24 24 24 -1 -1 24 24 -1 2 2 -1 30 -1 2 2 2 -1 2 2 2 2 -1 2 -1 2 2 2 -1 28 28 28 28 28 -1
-1 24 -1 -1 -1 24 -1 24 -1 2 -1 30 30 -1 2 -1 2 -1 -1 2 2 2 2 -1 2 -1 2 -1 -1 -1 -1 28 -1 28 28
24 24 24 24 24 24 24 24 24 -1 24 -1 -1 31 -1 2 2 -1 32 -1 -1 -1 -1 -1 2 2 2 2 -1 28 28 28 28 -1 -1
24 24 -1 -1 24 -1 24 24 -1 -1 24 24 24 -1 2 2 -1 -1 32 -1 33 33 33 -1 2 2 -1 2 2 -1 -1 -1 -1 -1 -1
24 24 24 24 -1 24 24 -1 -1 -1 24 24 -1 -1 2 -1 -1 -1 32 -1 33 33 -1 2 2 -1 -1 -1 -1 -1 -1 34 -1 -1 35
24 -1 24 -1 24 24 24 -1 24 24 24 -1 36 -1 -1 -1 37 -1 -1 33 33 33 33 -1 -1 -1 -1 38 38 -1 -1 -1 -1 -1 -1
-1 39 -1 24 24 24 24 24 24 24 24 24 -1 40 -1 37 37 37 37 -1 -1 -1 33 -1 -1 38 38 38 -1 -1 41 41 41 41 -1
24 -1 -1 24 -1 24 24 24 24 24 -1 -1 24 -1 37 37 -1 37 -1 -1 -1 -1 -1 42 -1 -1 -1 38 -1 41 41 -1 -1 -1 43
24 -1 -1 24 24 -1 24 24 -1 24 24 24 24 24 -1 37 -1 37 37 37 -1 -1 -1 42 -1 41 -1 -1 41 41 41 -1 -1 -1 -1
24 -1 24 24 24 -1 24 -1 -1 24 24 24 -1 -1 -1 37 37 -1 37 -1 -1 37 -1 42 -1 41 -1 -1 41 41 -1 -1 -1 -1 44
24 24 24 24 24 -1 24 24 24 -1 -1 -1 -1 45 -1 37 -1 -1 37 37 37 37 37 -1 -1 41 41 41 41 41 -1 41 41 41 -1
-1 24 -1 -1 -1 46 -1 24 24 -1 45 45 45 45 -1 37 37 37 -1 -1 -1 -1 -1 -1 -1 41 -1 41 -1 -1 -1 41 41 41 41
-1 -1 47 -1 -1 -1 -1 24 24 -1 45 45 45 -1 -1 -1 37 -1 -1 48 -1 49 49 -1 -1 41 41 -1 41 41 -1 41 -1 41 -1
50 -1 -1 -1 51 51 -1 24 -1 52 -1 45 -1 -1 -1 -1 37 37 37 -1 -1 49 -1 41 41 41 -1 -1 41 41 41 -1 41 41 -1
50 50 50 -1 -1 -1 -1 -1 53 -1 45 45 45 -1 -1 -1 -1 37 -1 49 49 49 -1 41 -1 41 41 41 41 -1 41 41 41 41 -1
-1 50 -1 54 54 54 54 54 -1 45 45 45 45 45 45 45 45 -1 -1 49 -1 -1 -1 41 -1 41 41 -1 -1 41 41 41 41 41 41
50 50 -1 54 54 54 -1 54 54 -1 45 45 -1 45 -1 45 -1 49 49 49 -1 41 41 41 41 41 -1 -1 -1 41 -1 41 -1 41 41
50 -1 54 54 54 -1 -1 54 -1 -1 -1 45 45 -1 55 -1 -1 -1 -1 -1 41 41 -1 41 -1 41 -1 56 56 -1 -1 41 41 -1 41
-1 -1 54 54 -1 54 54 54 -1 45 45 45 45 -1 55 55 55 55 55 -1 -1 41 41 -1 41 41 41 -1 -1 41 41 41 41 -1 -1
54 54 54 54 54 -1 -1 -1 -1 45 -1 -1 45 -1 -1 55 55 55 55 55 -1 41 41 -1 -1 41 41 -1 -1 41 -1 -1 41 -1 57
-1 54 54 54 54 54 54 -1 54 -1 45 45 45 45 45 -1 55 55 55 55 55 -1 41 41 -1 -1 41 -1 41 41 41 -1 41 41 -1
54 54 -1 54 54 54 54 54 54 -1 45 -1 -1 45 45 45 -1 55 55 -1 -1 58 -1 -1 -1 -1 41 -1 41 -1 41 -1 -1 41 -1
54 54 54 -1 -1 54 54 54 -1 -1 -1 59 -1 -1 -1 45 45 -1 55 -1 58 58 -1 -1 -1 -1 -1 -1 -1 -1 41 41 41 -1 -1
1 1 1 1 -1 1 1 1 1 1 1 -1 -1 -1 -1 -1 -1 2 -1 3 -1 4 -1 5 5 5 5 -1 6 6 6 6 6 6 6
-1 1 -1 1 1 1 1 -1 1 1 1 -1 -1 7 7 7 7 -1 3 3 3 -1 -1 5 5 5 -1 -1 6 6 6 6 6 6 6
1 1 1 -1 -1 -1 1 1 1 -1 1 -1 -1 -1 -1 -1 -1 -1 -1 -1 -1 8 8 -1 -1 -1 6 6 6 6 6 -1 6 6 -1
1 -1 -1 1 1 1 1 1 -1 1 1 1 -1 -1 9 -1 9 -1 10 10 -1 -1 -1 11 -1 -1 6 6 6 -1 -1 6 6 -1 -1
-1 -1 12 -1 -1 -1 1 -1 -1 -1 1 1 -1 -1 9 9 9 -1 10 -1 13 13 13 -1 13 -1 -1 6 6 6 6 6 -1 -1 -1
-1 -1 12 12 12 -1 -1 -1 14 -1 1 -1 9 9 9 -1 -1 15 -1 13 13 13 13 -1 13 13 13 -1 -1 -1 6 -1 -1 -1 6
9 9 -1 12 -1 16 -1 9 -1 9 -1 9 9 9 -1 17 -1 -1 13 13 13 -1 13 13 -1 13 13 13 -1 6 6 -1 -1 6 6
9 9 9 -1 -1 -1 9 9 9 9 -1 -1 -1 9 9 -1 -1 -1 -1 13 13 -1 -1 13 13 13 -1 -1 6 6 6 6 6 6 6
-1 -1 9 -1 9 9 9 -1 9 9 9 9 -1 9 9 -1 -1 -1 -1 -1 13 -1 18 -1 13 13 13 -1 6 -1 6 -1 -1 6 -1
-1 9 9 -1 9 9 -1 9 9 9 9 9 9 -1 9 -1 -1 -1 -1 -1 -1 19 -1 -1 -1 -1 13 -1 -1 -1 -1 -1 -1 -1 20
21 -1 9 9 9 -1 22 -1 9 9 9 9 9 9 9 9 9 -1 23 23 23 -1 -1 23 23 23 -1 -1 24 -1 -1 -1 25 -1 -1
21 -1 -1 9 9 9 -1 -1 9 9 9 -1 9 -1 -1 9 9 -1 -1 -1 23 -1 26 -1 -1 23 23 23 -1 -1 27 27 -1 28 -1
-1 9 9 9 -1 -1 29 29 -1 9 -1 -1 -1 -1 9 9 9 -1 -1 23 23 -1 -1 -1 -1 23 -1 23 23 -1 27 -1 23 -1 -1
30 -1 9 -1 29 -1 29 -1 -1 -1 9 -1 -1 -1 9 9 9 -1 -1 -1 23 23 23 -1 -1 23 -1 23 -1 27 27 -1 23 23 23
30 30 -1 -1 29 29 29 -1 -1 -1 9 -1 -1 -1 9 9 9 9 9 -1 -1 23 23 23 23 23 23 23 23 -1 -1 -1 23 23 -1
30 30 -1 -1 -1 -1 29 29 -1 -1 9 9 9 9 9 9 9 9 -1 9 -1 -1 -1 -1 -1 23 -1 23 23 -1 23 23 23 -1 31
-1 30 30 30 30 30 -1 -1 32 -1 9 9 -1 -1 9 -1 9 9 9 9 -1 -1 33 -1 23 23 -1 23 -1 -1 -1 23 23 -1 31
-1 -1 30 30 30 -1 34 34 -1 -1 9 -1 -1 9 -1 -1 9 9 -1 9 -1 -1 -1 -1 -1 -1 23 23 23 23 23 -1 23 23 -1
-1 30 -1 30 -1 9 -1 34 -1 -1 9 -1 9 9 9 9 9 -1 -1 -1 35 35 -1 35 35 -1 23 -1 -1 23 23 23 23 -1 36
30 30 30 30 -1 9 -1 -1 9 9 -1 9 9 9 -1 -1 -1 -1 -1 35 35 -1 35 35 35 -1 23 23 23 23 -1 -1 -1 -1 36
30 -1 -1 -1 9 9 9 9 9 9 9 9 9 -1 -1 37 -1 35 -1 -1 35 35 35 -1 35 35 -1 23 -1 -1 35 -1 38 -1 36
30 30 -1 -1 -1 9 9 9 9 -1 9 9 9 9 9 -1 35 35 35 35 -1 35 -1 -1 35 35 35 -1 35 35 35 -1 -1 39 -1
30 30 30 -1 40 -1 -1 -1 -1 9 9 -1 9 -1 -1 35 -1 -1 35 35 -1 35 -1 -1 35 -1 -1 -1 -1 35 35 35 -1 39 39
30 -1 -1 -1 -1 9 9 9 9 9 -1 35 -1 35 35 35 35 35 -1 35 35 35 35 -1 -1 -1 35 -1 35 -1 35 -1 -1 -1 39
-1 41 -1 -1 -1 -1 9 -1 -1 -1 -1 35 -1 -1 -1 -1 35 35 35 35 35 35 35 35 35 35 35 -1 35 -1 35 -1 35 35 -1
42 -1 -1 9 9 9 9 9 -1 -1 -1 35 35 35 35 35 35 -1 35 35 -1 35 35 35 35 35 35 35 35 -1 35 35 35 35 35
42 -1 9 -1 9 -1 9 -1 -1 35 35 35 35 -1 -1 -1 35 35 -1 -1 -1 35 -1 35 35 35 35 -1 35 35 -1 -1 35 35 -1
42 -1 9 9 9 -1 9 -1 43 -1 -1 35 35 35 35 35 35 35 35 -1 35 -1 35 35 -1 35 35 35 35 -1 44 -1 35 35 -1
42 -1 -1 9 9 9 9 -1 -1 45 -1 -1 35 -1 -1 -1 35 35 35 35 35 35 35 35 -1 -1 35 35 -1 -1 -1 35 35 -1 46
-1 -1 -1 9 9 9 9 -1 47 -1 -1 35 35 35 35 35 35 35 35 -1 -1 35 35 35 -1 -1 -1 -1 -1 48 -1 35 35 -1 46
-1 -1 49 -1 -1 9 9 9 -1 50 -1 35 35 35 -1 35 35 35 -1 -1 35 35 35 35 -1 35 -1 51 -1 48 -1 35 35 -1 -1
52 -1 49 49 -1 -1 9 9 -1 -1 35 -1 -1 35 35 -1 35 -1 -1 -1 35 -1 35 -1 35 35 -1 -1 35 -1 -1 35 -1 35 35
52 52 -1 -1 53 -1 -1 -1 -1 35 35 35 -1 35 -1 35 -1 35 35 35 35 35 35 35 -1 35 -1 -1 35 35 35 35 35 35 -1
52 -1 54 -1 -1 55 55 55 -1 -1 -1 35 35 35 35 35 -1 -1 -1 -1 35 -1 35 35 35 35 35 35 35 35 35 -1 35 -1 56
-1 54 54 -1 57 -1 -1 55 -1 35 35 35 -1 35 -1 -1 58 58 58 58 -1 -1 35 -1 -1 -1 -1 -1 -1 35 -1 -1 -1 -1 56