35 20
1 1 -1 1 -1 1 1 -1 1 -1 -1 1 1 1 1 1 1 1 -1 -1 1 1 -1 1 1 1 1 1 -1 2 2 -1 3 -1 4
-1 1 -1 1 1 1 -1 -1 1 1 1 -1 1 1 1 1 1 1 1 -1 -1 1 1 1 -1 1 1 -1 5 -1 2 2 -1 6 -1
1 1 -1 1 1 1 1 -1 1 1 1 1 1 -1 1 -1 1 -1 1 1 -1 1 1 1 1 1 1 -1 -1 -1 -1 -1 -1 6 6
-1 1 1 -1 -1 1 1 1 1 -1 -1 1 -1 -1 -1 -1 1 -1 1 1 1 -1 1 1 1 -1 1 1 -1 -1 1 -1 -1 6 6
1 1 -1 1 1 1 1 1 1 1 1 1 1 1 -1 -1 1 -1 -1 1 1 -1 1 1 -1 -1 1 1 1 1 1 1 -1 -1 -1
-1 1 1 1 -1 1 1 1 1 -1 1 1 -1 1 -1 -1 -1 1 -1 1 1 1 -1 1 1 -1 -1 1 -1 1 1 -1 -1 1 1
-1 1 -1 -1 -1 1 1 -1 1 -1 1 1 1 1 1 1 -1 1 1 1 1 1 1 -1 -1 7 -1 1 1 1 -1 -1 8 -1 1
1 1 1 1 -1 1 -1 -1 1 -1 1 -1 1 1 1 1 1 -1 -1 1 1 1 1 1 1 -1 -1 1 1 -1 -1 9 -1 1 1
-1 1 -1 1 -1 -1 1 1 1 -1 1 -1 1 -1 -1 1 -1 1 1 1 -1 1 1 1 -1 1 1 1 1 1 1 -1 1 1 1
1 1 1 -1 -1 -1 1 -1 -1 1 1 -1 -1 -1 1 1 1 1 1 -1 -1 1 -1 1 -1 -1 -1 1 -1 1 -1 -1 1 -1 -1
1 1 1 -1 1 1 1 1 1 1 -1 1 1 1 1 -1 1 -1 -1 1 -1 1 1 1 1 -1 10 -1 -1 1 1 1 1 1 -1
1 -1 1 1 1 1 1 1 1 1 1 1 1 1 1 1 1 -1 -1 1 1 -1 1 1 -1 -1 -1 1 1 1 1 -1 1 -1 -1
-1 11 -1 1 1 -1 1 -1 -1 1 -1 -1 -1 1 1 -1 1 -1 1 1 -1 1 1 -1 1 1 1 1 1 -1 1 1 1 1 1
1 -1 1 1 -1 1 1 1 1 1 1 1 1 1 1 1 -1 1 1 -1 1 1 1 1 1 1 1 -1 1 1 1 -1 -1 -1 1
1 1 -1 -1 1 1 -1 1 1 1 1 1 1 1 1 1 1 1 1 -1 1 1 1 1 1 -1 1 -1 1 -1 1 -1 12 12 -1
1 -1 1 1 -1 1 1 1 1 1 -1 1 1 1 -1 1 1 1 1 1 1 1 -1 1 1 -1 1 1 -1 -1 1 1 -1 -1 13
1 1 1 1 1 1 1 1 1 1 1 1 1 -1 14 -1 1 1 1 1 -1 1 1 1 1 1 -1 -1 1 1 -1 -1 13 13 13
-1 -1 -1 -1 -1 1 1 -1 1 1 -1 1 1 -1 -1 1 1 1 1 1 -1 -1 -1 1 -1 1 -1 1 1 1 -1 -1 13 13 -1
1 1 1 -1 -1 -1 1 -1 -1 1 1 -1 1 1 -1 1 -1 1 -1 -1 -1 1 1 1 1 1 -1 1 1 -1 -1 15 -1 -1 -1
-1 -1 1 1 1 1 1 1 1 -1 1 1 1 -1 1 1 -1 1 -1 1 1 1 1 -1 1 1 -1 -1 1 1 -1 15 15 -1 15
-1 -1 -1 -1 -1 1 1 -1 1 1 1 -1 1 -1 1 1 1 -1 -1 1 -1 1 1 1 -1 1 -1 -1 1 -1 15 15 15 15 15
-1 1 1 1 1 1 1 1 1 -1 1 1 -1 -1 1 1 1 -1 16 -1 1 1 -1 1 1 -1 1 1 1 1 -1 15 15 15 15
-1 -1 1 -1 1 1 1 1 -1 1 1 -1 17 -1 -1 1 -1 1 -1 1 1 -1 -1 -1 1 1 -1 -1 1 1 -1 -1 -1 15 15
-1 18 -1 19 -1 -1 1 1 1 1 -1 17 17 -1 1 1 -1 1 1 1 -1 -1 1 1 -1 1 -1 1 1 1 -1 15 15 15 15
20 -1 20 -1 -1 21 -1 1 1 1 1 -1 -1 1 1 1 1 1 1 1 1 1 -1 1 1 1 1 1 -1 1 -1 15 -1 -1 -1
20 20 20 20 20 -1 1 1 1 -1 -1 -1 1 -1 -1 1 1 1 1 -1 1 1 -1 1 -1 1 1 1 1 -1 22 -1 23 -1 24
-1 -1 20 20 -1 1 -1 1 1 1 1 1 1 1 -1 -1 1 1 1 -1 1 -1 1 1 -1 1 1 1 1 1 -1 1 -1 24 24
25 25 -1 -1 -1 1 1 1 -1 1 1 1 -1 1 -1 1 1 -1 -1 -1 -1 1 -1 1 1 1 1 -1 1 1 1 1 -1 24 -1
-1 25 -1 1 1 1 1 1 1 1 -1 1 1 -1 1 1 -1 1 1 1 1 1 1 1 -1 1 1 -1 -1 -1 1 1 -1 24 24
25 25 25 -1 1 1 -1 -1 -1 1 1 -1 1 1 1 -1 -1 1 1 1 -1 -1 1 1 1 -1 1 1 -1 26 -1 -1 24 24 -1
-1 -1 -1 27 -1 1 -1 28 -1 1 1 1 1 1 1 -1 1 1 1 1 1 1 -1 -1 1 -1 -1 -1 26 26 -1 -1 24 -1 24
27 27 27 27 -1 -1 29 -1 -1 1 1 1 1 1 1 -1 1 1 1 -1 1 -1 30 30 -1 26 -1 -1 26 -1 -1 24 24 24 24
-1 -1 27 27 -1 -1 29 29 -1 -1 1 -1 -1 -1 1 1 -1 -1 -1 -1 1 1 -1 30 -1 26 26 26 26 -1 24 24 24 -1 24
27 27 27 27 27 -1 -1 29 29 -1 -1 1 1 1 1 -1 31 -1 32 -1 1 1 1 -1 26 26 26 26 26 -1 24 24 -1 24 -1
27 27 27 -1 -1 33 33 -1 -1 1 1 1 1 1 -1 -1 -1 32 32 -1 1 1 -1 34 -1 26 26 -1 -1 35 -1 24 24 24 24
1 -1 2 2 -1 -1 -1 3 3 -1 -1 4 4 -1 5 5 5 -1 6 6 -1 6 6 6 6 -1 6 6 6 6 6 6 6 -1 6
1 -1 -1 -1 6 6 -1 -1 3 3 3 -1 4 4 -1 -1 -1 -1 6 6 6 6 6 6 6 6 6 6 6 6 -1 6 6 6 6
-1 6 6 6 6 6 -1 -1 -1 -1 3 -1 4 -1 7 7 -1 6 6 6 -1 -1 6 6 6 -1 -1 6 6 6 6 6 -1 6 -1
-1 -1 -1 -1 6 6 6 -1 -1 -1 -1 -1 -1 7 7 -1 6 -1 6 6 6 6 6 6 6 -1 -1 6 -1 -1 6 6 6 6 -1
-1 8 -1 -1 -1 6 6 6 6 6 -1 -1 7 7 -1 -1 6 6 6 6 6 -1 6 6 6 6 6 6 6 6 6 -1 6 6 6
-1 8 -1 6 6 6 6 6 6 -1 6 6 -1 7 7 -1 -1 6 -1 6 6 6 6 6 6 6 6 6 -1 6 6 -1 -1 6 6
-1 -1 -1 6 6 6 6 6 6 6 6 -1 7 7 -1 6 -1 6 6 6 6 6 -1 -1 -1 6 6 6 6 6 6 6 6 6 6
6 6 6 6 6 6 6 -1 -1 6 -1 -1 -1 -1 -1 6 6 -1 -1 6 -1 6 6 6 6 6 -1 -1 6 -1 6 6 -1 6 -1
-1 6 6 6 6 -1 6 6 -1 -1 6 6 6 6 6 6 6 -1 6 -1 6 6 6 6 6 6 6 6 6 6 -1 -1 6 6 -1
6 6 -1 -1 -1 -1 6 -1 9 9 -1 -1 6 6 -1 6 -1 -1 6 -1 6 6 6 -1 6 6 6 -1 6 6 6 -1 6 6 6
6 6 -1 -1 -1 6 6 6 -1 -1 6 6 6 6 6 -1 6 6 6 -1 -1 -1 6 -1 6 6 -1 6 -1 6 6 -1 -1 6 6
-1 6 -1 6 6 6 6 6 -1 6 6 6 6 -1 6 6 -1 -1 6 6 -1 6 6 6 6 6 6 6 6 6 6 -1 6 6 6
6 6 -1 6 -1 6 6 -1 -1 6 -1 6 6 6 6 6 6 6 6 6 6 -1 -1 -1 -1 -1 6 -1 6 6 6 6 6 6 6
6 6 6 6 6 -1 -1 6 -1 6 -1 -1 6 6 6 6 6 -1 6 6 6 6 6 6 6 -1 -1 -1 -1 -1 -1 6 -1 6 6
-1 6 6 6 -1 6 -1 6 -1 6 6 6 6 -1 -1 6 -1 6 6 -1 6 6 -1 6 6 -1 10 10 -1 6 6 6 6 6 6
6 6 6 6 6 6 6 6 6 6 6 6 6 6 -1 6 6 6 -1 6 6 -1 6 -1 6 -1 10 -1 -1 -1 6 6 6 6 6
6 6 6 6 -1 6 -1 6 -1 6 6 -1 6 6 -1 6 -1 -1 11 -1 6 6 6 6 6 6 -1 6 6 6 -1 -1 -1 6 6
6 -1 6 6 -1 6 -1 6 -1 6 -1 6 6 6 -1 6 6 -1 -1 12 -1 -1 6 -1 -1 -1 -1 -1 6 6 6 -1 6 6 6
-1 6 6 6 -1 6 6 6 6 -1 6 6 6 6 6 -1 -1 -1 -1 -1 13 -1 6 6 -1 6 -1 -1 6 6 -1 6 -1 6 6
-1 6 6 -1 6 6 6 -1 6 6 6 -1 6 -1 6 -1 6 6 -1 6 -1 6 6 -1 6 6 6 6 -1 6 6 6 -1 -1 6
6 6 6 6 6 6 6 -1 6 -1 6 -1 -1 -1 6 -1 6 6 -1 6 6 6 -1 -1 6 -1 6 6 6 -1 6 -1 -1 6 6
6 6 6 6 -1 -1 6 6 6 6 -1 6 6 6 6 6 6 -1 6 6 6 6 -1 6 6 6 6 6 6 6 6 6 -1 -1 6
6 6 6 6 -1 14 -1 6 6 6 -1 6 -1 6 6 6 6 6 6 -1 -1 -1 6 6 -1 -1 6 6 6 -1 6 6 6 6 6
6 -1 -1 -1 15 -1 16 -1 6 6 6 6 6 -1 6 6 -1 6 6 -1 6 6 -1 6 -1 6 6 -1 -1 -1 6 6 6 -1 6
6 6 -1 17 -1 16 16 -1 -1 6 -1 -1 6 6 6 -1 6 6 6 6 6 -1 -1 -1 -1 6 6 6 6 6 6 6 6 -1 -1
-1 6 6 -1 6 -1 -1 18 -1 6 6 -1 -1 6 6 -1 6 6 6 6 6 6 6 6 6 6 -1 -1 6 6 -1 6 -1 19 -1
-1 6 6 6 6 6 6 -1 -1 -1 -1 6 6 6 -1 6 -1 -1 6 6 -1 -1 6 -1 6 -1 6 6 6 -1 20 -1 19 19 19
6 6 6 6 -1 -1 6 -1 6 6 6 6 -1 6 6 6 -1 6 6 6 6 6 6 -1 -1 -1 6 6 6 -1 20 -1 19 -1 19
6 6 6 -1 -1 21 -1 6 6 6 6 6 6 6 6 6 6 6 -1 6 6 6 6 6 6 6 6 6 -1 20 20 -1 19 19 -1
-1 6 6 -1 21 21 21 -1 -1 6 6 6 6 6 6 -1 6 6 -1 6 6 6 6 6 6 6 -1 -1 19 -1 -1 19 19 19 -1
-1 6 -1 21 -1 21 21 -1 -1 6 6 6 6 6 6 6 6 -1 -1 6 -1 6 -1 6 -1 -1 -1 19 19 19 19 19 -1 -1 22
23 -1 21 21 21 21 -1 21 21 -1 -1 6 6 6 -1 6 -1 -1 -1 -1 -1 6 -1 6 6 6 6 -1 -1 19 19 19 -1 24 -1
23 23 -1 21 -1 21 21 21 21 21 21 -1 6 -1 6 -1 6 -1 -1 6 6 6 -1 6 -1 6 -1 25 25 -1 19 -1 -1 -1 26
23 23 23 -1 27 -1 -1 21 -1 21 -1 -1 6 6 6 -1 6 6 6 6 6 -1 6 6 6 -1 -1 -1 -1 28 -1 28 -1 26 26
23 23 23 -1 27 27 -1 21 21 -1 -1 6 6 -1 -1 6 6 6 -1 -1 -1 -1 -1 6 -1 29 29 -1 -1 28 28 28 -1 26 -1
1 -1 -1 -1 2 -1 -1 3 -1 4 -1 5 5 -1 6 -1 -1 7 -1 8 8 -1 -1 9 9 9 9 9 9 9 9 9 -1 9 9
-1 9 9 9 -1 4 4 -1 4 4 4 -1 5 -1 -1 7 7 7 -1 8 -1 9 -1 -1 9 9 -1 -1 -1 -1 9 -1 9 9 9
-1 -1 -1 9 9 -1 4 4 4 4 4 -1 -1 10 -1 7 7 7 -1 -1 9 9 -1 9 9 -1 9 -1 -1 9 9 9 9 9 -1
11 11 11 -1 9 9 -1 -1 -1 -1 -1 12 12 -1 13 -1 7 7 7 7 -1 9 9 9 9 9 9 9 9 -1 9 9 9 9 9
11 -1 -1 9 9 -1 -1 -1 -1 14 14 -1 -1 -1 13 -1 7 -1 -1 -1 -1 9 9 -1 -1 9 -1 9 9 9 -1 9 9 9 9
-1 -1 9 9 9 9 9 9 9 -1 -1 9 -1 -1 -1 -1 -1 -1 -1 9 9 -1 -1 9 9 -1 9 9 -1 9 9 9 -1 9 9
-1 15 -1 9 9 9 -1 9 -1 -1 -1 9 -1 16 16 16 -1 -1 9 9 9 9 9 9 -1 -1 9 9 -1 9 9 9 -1 -1 -1
17 -1 9 9 9 -1 -1 9 9 9 9 9 -1 -1 16 -1 9 9 9 9 9 9 9 -1 9 -1 9 -1 9 9 9 -1 -1 -1 -1
17 -1 -1 -1 9 -1 -1 9 9 -1 9 9 -1 16 16 -1 9 -1 9 9 9 9 9 9 9 -1 9 -1 9 9 9 -1 18 -1 19
17 -1 -1 -1 -1 -1 9 9 9 9 9 9 9 -1 -1 9 9 -1 -1 9 9 9 9 -1 9 9 9 9 9 9 -1 -1 18 18 -1
17 17 -1 -1 20 -1 -1 9 9 9 -1 9 9 9 9 9 9 9 9 9 9 9 9 9 -1 9 -1 9 -1 -1 -1 18 18 18 -1
17 17 17 -1 20 -1 21 -1 9 -1 9 -1 9 9 9 9 9 -1 9 -1 9 9 9 9 9 9 9 9 9 9 9 -1 -1 18 18
17 17 -1 22 -1 9 -1 -1 9 -1 9 9 -1 9 9 9 -1 23 -1 9 9 9 -1 9 9 9 -1 -1 9 9 9 -1 18 18 18
-1 17 -1 -1 9 9 9 9 -1 -1 9 9 -1 9 9 9 9 -1 24 -1 9 9 9 9 -1 9 9 -1 9 -1 -1 18 -1 18 18
9 -1 9 9 9 9 -1 -1 9 9 9 9 9 9 -1 -1 9 9 -1 -1 9 -1 9 9 9 9 9 9 -1 25 -1 18 18 18 -1
9 9 -1 9 -1 -1 -1 9 9 9 9 -1 9 9 -1 -1 9 9 9 -1 9 9 9 -1 9 -1 9 -1 -1 -1 9 -1 -1 18 -1
9 9 9 9 9 9 9 9 9 9 9 -1 -1 9 -1 9 9 9 -1 9 -1 9 9 9 9 9 9 -1 9 -1 9 -1 18 18 18
9 9 9 9 -1 -1 -1 9 9 9 -1 9 9 9 -1 9 9 9 -1 9 9 9 9 9 -1 -1 9 9 9 9 9 -1 18 18 -1
9 -1 -1 9 9 9 9 9 9 9 9 9 9 -1 9 -1 -1 9 9 9 9 9 -1 9 9 9 -1 9 -1 -1 -1 -1 18 18 18
9 9 -1 9 -1 9 9 9 9 9 -1 9 9 -1 9 9 9 9 -1 -1 9 9 9 -1 9 9 -1 9 9 9 -1 -1 -1 -1 18
-1 9 9 9 -1 9 9 9 9 9 9 -1 9 9 9 9 9 9 9 -1 9 -1 9 9 9 -1 9 9 -1 9 9 -1 26 26 -1
9 -1 9 9 9 -1 -1 9 9 9 9 -1 9 9 9 9 -1 -1 9 9 9 9 9 9 -1 -1 -1 9 9 9 9 -1 26 26 26
9 9 9 -1 9 9 9 -1 9 9 9 9 9 9 9 9 9 9 9 9 9 9 9 9 -1 -1 -1 9 9 -1 9 -1 -1 26 26
9 -1 -1 -1 9 -1 9 9 9 -1 9 -1 -1 9 9 9 9 9 9 9 9 9 9 9 9 9 9 9 9 -1 -1 -1 -1 26 -1
-1 9 9 9 9 9 9 9 9 9 -1 -1 9 -1 -1 -1 9 -1 9 9 -1 9 9 9 9 -1 -1 -1 9 -1 -1 27 27 -1 27
28 -1 -1 9 9 9 9 -1 -1 -1 -1 -1 9 9 9 9 9 9 9 9 -1 9 -1 9 9 9 9 9 9 -1 27 27 27 27 27
-1 9 9 9 9 -1 9 -1 9 9 -1 29 -1 9 -1 9 9 -1 9 9 9 9 -1 9 -1 -1 9 9 9 9 -1 27 27 27 27
-1 9 9 -1 -1 -1 9 9 9 9 -1 -1 9 9 -1 9 9 9 9 9 -1 -1 9 9 -1 9 9 9 9 -1 27 27 27 -1 27
30 -1 9 -1 31 -1 9 9 9 9 9 -1 -1 9 9 -1 -1 9 9 9 -1 -1 -1 9 9 -1 -1 9 -1 27 27 -1 -1 27 27
30 30 -1 -1 -1 9 9 9 9 -1 9 9 9 -1 -1 9 9 9 9 9 9 9 9 9 9 -1 32 -1 27 27 -1 27 27 27 27
30 30 -1 -1 9 9 9 -1 -1 -1 9 9 9 -1 -1 9 9 9 9 -1 9 9 -1 -1 9 -1 32 -1 -1 -1 27 27 27 -1 27
30 30 -1 33 -1 -1 9 9 9 9 9 9 9 -1 -1 9 9 9 9 9 -1 9 9 9 9 -1 -1 -1 27 27 27 -1 27 -1 27
30 30 30 -1 -1 -1 9 9 9 9 9 -1 9 9 -1 9 9 -1 9 9 -1 9 -1 9 -1 34 34 -1 27 -1 27 27 27 27 27
30 30 30 30 30 -1 -1 9 9 9 9 9 -1 9 -1 9 9 9 -1 9 9 9 9 -1 -1 34 -1 35 -1 27 27 27 27 27 27
-1 30 -1 30 30 30 30 -1 9 9 9 9 9 9 9 9 9 9 -1 9 9 9 9 9 -1 34 34 -1 -1 27 -1 -1 27 27 27
1 1 1 1 1 1 -1 2 -1 3 -1 2 -1 -1 -1 4 -1 5 5 5 -1 2 2 -1 2 2 2 2 2 -1 2 2 2 2 2
1 1 1 -1 1 -1 2 2 -1 -1 -1 2 2 2 -1 4 -1 5 -1 -1 2 2 2 2 -1 -1 2 2 -1 2 2 2 2 -1 -1
-1 -1 1 1 -1 -1 2 2 2 2 2 -1 -1 2 2 -1 2 -1 2 -1 2 2 2 2 -1 2 2 2 2 2 2 2 2 -1 2
1 1 1 1 1 -1 -1 -1 -1 2 2 2 2 2 2 -1 2 2 2 -1 2 2 -1 -1 2 2 -1 2 2 -1 2 -1 2 2 2
-1 1 1 1 -1 2 2 2 2 2 2 -1 2 2 2 -1 2 2 2 2 2 2 2 2 -1 -1 2 -1 2 2 -1 -1 2 2 -1
1 1 -1 1 -1 -1 2 2 2 -1 2 -1 -1 2 -1 -1 2 2 2 -1 2 -1 2 -1 -1 2 2 2 2 -1 6 6 -1 2 2
1 1 -1 1 1 1 -1 2 -1 2 2 -1 -1 -1 -1 2 -1 -1 -1 2 -1 -1 2 2 2 2 2 2 2 -1 -1 -1 2 2 2
1 1 1 1 -1 -1 2 2 -1 -1 -1 2 2 2 -1 2 2 2 2 2 -1 -1 -1 2 2 2 2 -1 2 2 -1 2 2 2 2
1 -1 1 1 1 -1 2 2 2 -1 -1 2 2 2 -1 2 -1 2 2 2 -1 2 2 2 -1 -1 2 -1 -1 2 2 2 2 2 -1
-1 7 -1 -1 -1 -1 2 2 -1 2 -1 2 2 2 2 -1 2 2 2 2 2 2 2 -1 2 -1 -1 -1 8 -1 2 -1 -1 2 2
7 7 7 -1 2 2 2 2 -1 2 2 2 2 2 -1 2 2 2 2 -1 2 -1 2 2 2 2 2 2 -1 2 2 2 2 -1 2
7 7 -1 -1 -1 2 2 2 2 -1 2 -1 -1 2 2 2 2 -1 2 2 -1 2 2 2 2 2 -1 -1 2 2 2 -1 -1 9 -1
-1 -1 10 10 -1 2 -1 -1 2 2 2 2 2 -1 2 2 -1 2 -1 -1 2 2 -1 2 2 2 2 -1 -1 -1 2 2 -1 -1 2
11 -1 -1 -1 -1 2 -1 -1 2 -1 -1 2 -1 2 2 2 -1 2 2 2 2 -1 12 -1 -1 -1 2 -1 2 -1 2 -1 13 -1 2
-1 -1 14 -1 15 -1 -1 2 -1 2 2 -1 2 -1 2 2 2 -1 2 -1 2 2 -1 2 2 2 2 2 2 -1 -1 -1 -1 -1 2
16 16 -1 -1 15 15 -1 2 2 2 2 -1 2 2 -1 2 2 2 -1 2 -1 2 -1 -1 2 2 2 2 -1 -1 2 -1 17 -1 2
-1 -1 -1 18 -1 15 -1 -1 2 2 2 -1 2 2 2 -1 2 -1 -1 2 2 -1 -1 2 2 2 2 2 2 -1 2 -1 -1 2 2
-1 18 18 18 -1 -1 -1 -1 2 -1 2 2 2 2 -1 -1 2 -1 -1 -1 2 2 2 2 -1 2 2 2 2 -1 2 2 2 2 2
-1 18 -1 -1 2 -1 -1 2 2 2 2 -1 2 2 2 2 -1 -1 2 2 -1 2 -1 -1 -1 -1 2 -1 2 2 2 -1 2 -1 -1
2 -1 -1 -1 2 2 -1 -1 2 2 -1 -1 2 2 -1 2 -1 -1 -1 2 2 2 2 -1 -1 2 2 -1 2 2 2 -1 -1 19 -1
2 2 2 -1 2 2 2 2 2 2 2 2 2 2 2 2 2 2 2 2 -1 2 2 -1 2 -1 2 -1 2 2 2 -1 19 19 -1
2 2 2 2 2 2 -1 2 -1 -1 2 -1 -1 2 -1 -1 2 2 2 2 2 -1 2 2 2 2 -1 2 2 -1 -1 -1 19 -1 20
-1 -1 2 2 2 2 2 -1 -1 2 2 2 -1 -1 2 2 2 2 -1 2 -1 2 2 2 2 2 2 2 -1 19 -1 19 19 -1 20
2 2 2 -1 2 -1 -1 2 2 2 -1 -1 21 21 -1 -1 2 2 2 2 -1 -1 2 2 2 2 2 2 -1 19 19 19 19 -1 -1
-1 2 -1 2 2 -1 22 -1 -1 -1 2 -1 -1 -1 -1 2 2 -1 -1 2 2 2 2 2 2 2 -1 -1 19 19 19 -1 19 -1 19
2 -1 -1 2 2 2 -1 -1 -1 2 2 2 2 -1 23 -1 2 2 2 -1 2 2 2 2 2 -1 2 -1 -1 19 19 19 19 -1 19
2 2 2 2 -1 2 2 2 2 2 2 2 2 -1 -1 -1 2 2 2 -1 -1 2 2 2 2 2 2 -1 19 19 19 -1 -1 19 19
2 2 -1 2 2 2 2 2 2 -1 2 -1 2 2 2 2 2 -1 -1 2 2 2 2 2 -1 2 2 2 -1 19 19 19 -1 19 19
2 2 2 2 2 -1 -1 2 2 2 -1 -1 2 2 2 -1 2 2 2 -1 2 -1 2 2 -1 2 -1 -1 -1 -1 19 19 19 19 19
-1 2 2 2 -1 2 2 2 2 2 2 2 2 2 -1 2 -1 2 2 2 2 2 -1 2 2 2 2 2 2 -1 19 -1 -1 19 19
2 2 -1 2 2 2 -1 2 -1 -1 2 2 2 2 -1 2 2 2 2 2 -1 2 -1 2 2 2 2 2 -1 24 -1 -1 -1 -1 19
2 -1 -1 -1 2 2 2 2 2 -1 -1 2 -1 2 2 -1 2 -1 -1 2 -1 -1 2 2 2 -1 2 -1 2 -1 19 19 19 19 19
-1 25 -1 -1 -1 2 -1 2 -1 -1 2 -1 -1 2 2 -1 -1 2 2 2 2 2 2 2 2 2 2 2 2 -1 19 -1 -1 19 19
26 -1 27 27 -1 2 -1 2 2 -1 2 2 2 2 -1 28 -1 -1 2 2 2 2 2 2 2 -1 -1 -1 -1 19 19 19 19 19 -1
-1 -1 27 27 -1 -1 -1 2 -1 29 -1 2 -1 2 2 -1 -1 -1 2 2 2 -1 2 2 -1 30 30 -1 -1 19 19 19 19 19 -1
1 1 -1 2 2 2 -1 2 -1 2 2 2 2 -1 -1 2 2 -1 -1 2 2 2 2 -1 -1 -1 3 3 3 -1 4 4 4 4 -1
1 -1 2 2 2 2 2 2 -1 2 -1 2 2 2 2 2 2 2 -1 2 2 2 2 2 2 -1 -1 -1 3 -1 -1 4 -1 -1 5
-1 2 2 2 2 2 2 2 2 -1 -1 -1 2 2 2 2 -1 2 2 2 2 -1 -1 2 2 2 2 -1 3 3 3 -1 6 -1 5
2 -1 2 2 2 2 -1 2 2 2 2 2 2 2 -1 -1 2 2 2 2 2 2 -1 2 2 2 2 2 -1 -1 3 -1 -1 5 5
2 -1 2 2 2 2 2 2 -1 -1 -1 -1 2 -1 2 -1 -1 -1 -1 -1 2 2 -1 -1 2 2 2 -1 2 2 -1 5 -1 -1 5
2 2 2 2 2 -1 -1 2 2 -1 -1 2 -1 2 2 -1 7 7 7 7 -1 2 2 -1 -1 2 2 2 2 -1 -1 5 5 5 5
2 2 -1 -1 2 2 2 2 -1 2 -1 2 2 2 2 2 -1 -1 -1 -1 -1 2 -1 2 2 2 2 2 -1 -1 5 -1 5 5 -1
2 2 2 2 2 -1 -1 2 2 2 2 2 2 2 2 2 2 2 -1 2 2 -1 -1 2 2 -1 2 -1 5 5 5 5 5 5 5
2 -1 -1 2 2 -1 2 -1 -1 -1 2 -1 2 2 2 2 2 2 2 -1 2 2 2 2 2 2 2 2 -1 5 -1 5 -1 -1 5
2 -1 -1 -1 -1 -1 2 2 2 2 2 -1 -1 -1 2 -1 2 2 -1 2 2 2 -1 2 -1 -1 2 2 -1 -1 8 -1 -1 9 -1
2 2 2 -1 -1 2 2 -1 2 -1 -1 -1 2 2 2 2 2 -1 2 2 -1 2 2 2 2 -1 2 2 2 -1 -1 -1 -1 9 9
-1 2 2 2 -1 2 2 2 2 2 2 2 2 -1 2 -1 -1 -1 2 2 2 -1 -1 -1 -1 -1 2 -1 2 -1 2 -1 10 -1 -1
-1 2 2 -1 -1 -1 2 -1 2 2 -1 2 -1 -1 2 2 2 2 2 -1 -1 -1 -1 -1 -1 2 -1 2 2 2 2 -1 -1 2 2
2 2 2 -1 11 -1 2 2 2 2 2 -1 2 2 -1 2 2 2 2 -1 -1 -1 2 -1 -1 2 -1 -1 -1 -1 2 2 2 2 2
2 -1 2 2 -1 -1 -1 2 2 2 -1 2 2 2 2 -1 2 2 -1 2 2 -1 2 2 2 2 2 2 2 2 -1 -1 2 2 2
2 2 2 2 2 2 -1 2 -1 2 2 2 2 -1 -1 2 2 2 2 2 -1 -1 -1 -1 -1 2 -1 2 -1 -1 2 2 2 2 2
-1 -1 2 2 2 2 2 -1 2 2 2 2 2 2 2 2 -1 2 -1 -1 -1 2 2 2 2 2 2 2 2 -1 2 2 2 -1 2
2 2 2 -1 -1 2 2 2 -1 -1 2 2 2 -1 -1 -1 2 2 -1 -1 2 2 2 2 -1 2 2 -1 2 2 -1 2 -1 2 2
2 2 -1 2 -1 -1 2 2 2 2 2 2 2 2 2 2 2 2 2 2 2 2 2 -1 2 2 2 2 2 2 2 2 2 2 2
2 2 2 2 2 2 2 2 2 -1 2 2 2 2 2 2 -1 -1 -1 2 2 2 2 -1 -1 -1 2 2 -1 2 2 -1 -1 2 2
2 2 -1 2 -1 2 2 2 -1 2 2 2 2 -1 2 -1 2 2 2 -1 2 2 -1 2 2 -1 -1 2 -1 -1 2 -1 -1 2 2
2 2 -1 -1 2 2 2 2 -1 2 -1 2 2 -1 -1 2 2 2 2 -1 2 2 2 2 2 -1 2 -1 2 -1 2 2 -1 2 -1
2 -1 2 -1 2 2 2 2 2 2 -1 -1 2 2 -1 2 2 2 2 -1 2 2 2 -1 2 2 2 -1 2 2 2 2 -1 -1 12
2 2 2 2 2 -1 2 2 2 2 2 -1 -1 2 -1 -1 2 2 -1 -1 2 -1 -1 2 2 2 -1 -1 2 2 -1 2 -1 13 -1
2 2 2 -1 2 2 -1 2 2 -1 2 -1 2 2 2 2 2 2 2 2 2 -1 14 -1 -1 2 2 2 2 2 -1 2 -1 -1 -1
-1 -1 2 -1 2 2 2 2 2 2 2 2 -1 2 2 2 -1 2 2 2 2 2 -1 2 2 -1 -1 2 2 2 -1 -1 -1 -1 -1
15 15 -1 2 2 2 -1 2 -1 -1 2 2 -1 -1 -1 2 2 2 -1 2 2 2 2 -1 2 2 -1 -1 2 -1 2 2 2 2 -1
15 -1 15 -1 2 2 2 -1 2 -1 -1 -1 2 2 2 -1 -1 2 2 2 -1 2 -1 -1 -1 2 2 2 2 2 2 -1 2 2 2
15 15 15 15 -1 2 2 2 2 -1 2 2 2 2 2 2 2 2 -1 2 2 2 2 2 2 2 2 2 2 2 2 2 -1 -1 2
15 15 -1 15 -1 2 -1 -1 -1 2 2 -1 2 -1 2 -1 2 -1 16 -1 -1 2 2 -1 -1 2 -1 2 -1 2 2 2 2 2 2
15 15 -1 15 15 -1 2 2 -1 -1 2 2 2 2 2 2 2 -1 -1 2 2 2 -1 -1 2 2 -1 2 -1 2 2 2 2 -1 -1
15 15 15 -1 -1 2 2 2 -1 2 2 2 2 2 2 2 -1 2 2 2 2 2 2 2 2 2 -1 -1 -1 2 2 -1 -1 2 -1
15 15 15 -1 -1 -1 -1 2 2 2 2 -1 2 2 2 2 2 2 2 -1 2 2 2 -1 2 -1 -1 2 2 2 2 2 2 2 2
15 15 -1 15 15 15 -1 -1 -1 2 2 -1 2 2 -1 2 -1 2 2 2 2 2 2 2 2 2 -1 2 -1 2 -1 2 -1 2 2
-1 15 15 15 15 15 15 15 -1 -1 2 -1 -1 -1 2 2 2 2 2 2 -1 2 2 2 -1 2 2 -1 -1 2 -1 -1 17 -1 2
1 -1 2 -1 2 2 -1 2 -1 2 2 2 2 -1 2 -1 2 2 2 -1 -1 -1 2 -1 2 2 2 2 2 2 -1 -1 2 2 2
-1 2 2 2 2 2 2 2 2 2 2 2 -1 -1 2 2 -1 -1 2 2 -1 2 2 -1 2 -1 2 2 2 2 2 -1 -1 2 2
-1 2 2 -1 2 2 -1 2 2 2 -1 2 2 2 -1 2 2 -1 -1 2 2 2 2 2 2 -1 -1 2 -1 2 2 -1 2 2 2
-1 2 -1 2 2 -1 -1 2 2 2 2 -1 -1 2 2 2 2 -1 2 -1 -1 2 -1 2 2 -1 2 2 2 2 -1 3 -1 2 2
-1 2 2 -1 2 -1 -1 -1 2 -1 2 -1 -1 2 2 -1 -1 2 2 2 -1 -1 2 2 -1 -1 2 -1 2 2 -1 3 -1 2 -1
2 -1 2 2 2 2 2 -1 2 2 2 -1 -1 2 -1 2 2 2 2 2 -1 2 2 2 2 -1 2 -1 2 -1 -1 -1 2 2 2
2 2 -1 -1 -1 2 2 2 -1 2 2 -1 2 2 -1 2 2 -1 2 -1 -1 2 2 2 2 2 -1 2 2 2 -1 4 -1 -1 2
2 -1 2 2 2 2 2 2 -1 2 -1 -1 2 -1 -1 2 2 2 -1 2 2 2 -1 -1 2 2 2 2 2 -1 2 -1 2 -1 2
2 2 2 2 -1 -1 -1 -1 5 -1 6 -1 -1 6 6 -1 2 -1 2 2 2 2 2 2 -1 2 -1 2 -1 2 2 2 2 2 2
2 2 2 -1 -1 -1 2 2 -1 6 6 6 6 6 -1 -1 2 2 2 2 2 2 -1 2 2 2 2 2 -1 2 2 2 2 2 2
2 2 2 -1 2 2 2 -1 -1 6 6 -1 -1 6 -1 -1 2 -1 -1 -1 2 -1 2 2 -1 -1 -1 -1 2 2 2 2 2 -1 -1
2 -1 2 2 2 2 2 2 -1 6 -1 2 -1 6 6 -1 2 -1 -1 2 2 2 -1 -1 2 2 -1 2 2 -1 2 -1 2 2 2
2 2 2 2 2 2 2 -1 7 -1 2 2 2 -1 -1 2 2 2 2 2 -1 2 -1 2 2 2 2 2 2 -1 2 2 2 2 2
-1 2 2 -1 2 2 2 -1 -1 2 2 2 2 2 -1 2 2 2 2 2 -1 -1 2 2 2 2 2 2 2 2 2 -1 2 2 2
-1 2 -1 2 2 2 -1 -1 2 2 -1 2 2 -1 2 2 -1 -1 2 2 -1 2 2 -1 2 -1 2 -1 2 2 2 2 2 2 -1
2 2 2 2 2 -1 -1 -1 -1 2 -1 2 2 2 -1 -1 2 2 2 2 2 2 2 2 2 2 -1 -1 -1 -1 -1 2 2 2 -1
2 2 2 2 -1 2 -1 -1 2 -1 2 2 -1 2 2 2 2 2 2 2 2 -1 2 2 -1 2 2 -1 -1 -1 -1 2 -1 -1 8
2 2 2 2 2 2 2 2 2 2 2 2 -1 -1 -1 -1 2 2 2 -1 -1 2 -1 -1 -1 2 -1 -1 -1 9 -1 2 -1 8 8
2 -1 2 2 2 2 -1 2 2 2 -1 2 -1 -1 -1 2 2 2 2 -1 2 2 2 -1 10 -1 11 -1 -1 -1 2 2 2 -1 8
2 2 2 2 -1 -1 2 -1 2 -1 2 2 2 2 -1 2 2 2 -1 2 -1 2 2 2 -1 11 11 11 11 11 -1 -1 -1 12 -1
-1 2 2 2 2 2 2 2 2 -1 2 2 -1 2 2 2 2 2 -1 2 -1 2 2 -1 -1 -1 -1 -1 11 -1 13 -1 -1 -1 14
15 -1 -1 2 -1 -1 2 2 2 -1 2 2 2 2 2 -1 -1 2 2 2 2 2 2 2 -1 2 2 -1 11 -1 -1 2 2 -1 -1
-1 2 2 2 -1 2 2 2 2 2 2 -1 2 -1 2 2 -1 2 2 2 2 2 -1 2 2 2 -1 2 -1 2 2 -1 2 -1 16
-1 2 2 2 2 -1 -1 2 2 -1 -1 -1 2 2 2 -1 2 2 -1 2 2 2 2 2 2 2 2 2 2 -1 2 -1 2 -1 -1
17 -1 2 2 2 2 -1 2 -1 2 2 -1 -1 2 2 2 2 2 2 2 -1 -1 2 -1 2 -1 2 2 -1 -1 2 2 2 2 -1
17 -1 2 2 2 -1 2 2 2 2 -1 2 2 2 -1 -1 -1 2 2 2 -1 2 2 2 -1 -1 2 2 -1 2 2 2 -1 2 2
17 -1 -1 2 -1 -1 2 2 2 2 2 2 2 2 -1 18 -1 -1 -1 2 2 2 2 2 -1 -1 2 2 2 2 2 -1 2 2 -1
-1 2 2 2 2 2 2 -1 -1 -1 2 -1 -1 2 2 -1 19 -1 2 2 2 -1 2 2 -1 -1 2 2 -1 2 2 2 2 2 -1
-1 -1 2 -1 2 2 -1 2 2 2 2 2 -1 -1 2 2 -1 -1 2 2 -1 2 2 2 2 -1 2 2 2 -1 2 -1 2 2 2
-1 2 2 2 2 2 -1 2 -1 2 2 -1 2 2 2 2 2 -1 -1 -1 2 2 2 -1 -1 2 2 -1 2 -1 2 2 -1 2 2
-1 2 -1 -1 2 -1 2 2 -1 2 -1 2 2 2 2 -1 -1 2 2 2 2 -1 -1 2 2 2 -1 -1 -1 -1 2 -1 2 -1 -1
20 -1 21 -1 2 -1 2 -1 -1 2 2 2 2 -1 2 2 2 -1 -1 -1 2 2 -1 2 2 2 2 2 2 -1 2 2 2 2 2
-1 21 21 -1 -1 2 2 2 2 2 2 -1 2 2 -1 2 -1 2 2 2 -1 2 2 -1 2 2 2 2 -1 22 -1 2 -1 2 -1
21 21 21 -1 2 2 2 -1 2 2 2 -1 2 -1 -1 2 2 2 -1 2 2 -1 2 2 -1 2 -1 2 -1 -1 -1 -1 -1 2 -1
21 -1 -1 23 -1 2 2 2 2 2 -1 -1 2 2 2 -1 2 2 2 2 -1 -1 2 -1 -1 -1 24 -1 -1 25 25 25 -1 2 -1
1 1 1 1 1 -1 -1 1 -1 1 1 1 1 -1 1 -1 1 1 1 -1 1 -1 2 2 -1 1 1 1 1 1 -1 1 -1 -1 -1
1 -1 -1 -1 -1 1 -1 1 1 1 1 1 -1 1 1 1 1 -1 1 -1 1 -1 -1 2 -1 -1 1 1 -1 -1 -1 1 1 1 -1
1 1 1 -1 1 1 1 1 -1 -1 -1 1 -1 1 1 -1 1 1 1 1 1 1 1 -1 1 1 1 -1 1 -1 1 1 1 1 1
-1 1 1 1 1 1 1 1 1 1 1 -1 1 1 1 1 1 -1 -1 1 1 -1 -1 -1 -1 1 1 1 1 1 -1 -1 1 -1 -1
3 -1 1 -1 -1 1 1 1 1 -1 1 1 -1 1 1 -1 -1 4 -1 1 1 -1 1 1 1 -1 -1 1 1 1 1 -1 1 1 1
3 3 -1 1 1 1 -1 1 1 1 1 1 -1 -1 -1 1 1 -1 1 1 1 1 1 1 1 1 1 -1 1 -1 1 1 1 1 1
3 3 -1 1 -1 1 1 1 -1 1 1 1 1 1 1 1 1 -1 1 -1 1 1 1 1 1 1 -1 1 -1 1 1 1 1 1 1
3 3 -1 1 -1 1 1 -1 5 -1 1 -1 -1 -1 1 -1 1 -1 1 -1 1 1 1 1 -1 -1 1 1 1 1 -1 1 1 1 -1
3 3 3 -1 -1 -1 1 -1 -1 -1 1 1 1 1 -1 1 -1 -1 1 1 -1 1 1 1 1 1 -1 1 1 1 1 1 1 1 -1
3 3 3 -1 -1 -1 1 1 1 1 -1 1 1 -1 1 1 -1 -1 1 -1 1 1 1 1 1 1 -1 1 1 1 1 1 1 -1 -1
-1 -1 3 -1 6 -1 1 -1 1 1 -1 1 1 1 1 -1 1 1 -1 1 1 1 1 -1 1 1 -1 -1 1 1 1 1 1 1 1
7 7 -1 -1 6 -1 -1 -1 1 1 -1 1 1 -1 1 1 1 -1 1 -1 -1 1 1 1 1 1 1 1 -1 1 1 1 -1 1 1
7 -1 8 -1 6 6 6 -1 -1 1 1 -1 -1 -1 -1 1 1 -1 1 1 1 1 -1 1 1 -1 1 1 -1 1 1 1 1 -1 1
7 -1 -1 -1 -1 -1 -1 9 -1 1 1 1 -1 1 -1 1 -1 -1 1 -1 1 -1 1 1 1 -1 -1 1 -1 1 1 1 1 -1 1
7 7 7 -1 1 1 -1 9 -1 -1 -1 -1 1 1 1 1 1 1 1 1 -1 -1 -1 -1 1 -1 1 1 -1 -1 1 1 -1 -1 1
7 7 7 -1 1 1 -1 -1 -1 10 -1 1 1 -1 -1 -1 1 1 1 -1 1 -1 1 1 -1 1 -1 1 -1 -1 -1 -1 1 -1 1
7 7 -1 1 1 1 1 -1 -1 -1 1 1 1 1 -1 -1 1 1 1 1 1 1 -1 1 -1 1 1 1 -1 -1 1 1 1 1 1
-1 -1 1 1 1 -1 1 -1 1 1 1 1 -1 1 -1 1 1 1 1 -1 -1 1 1 1 -1 -1 1 1 -1 1 1 1 -1 -1 1
-1 1 1 -1 1 1 1 1 -1 -1 -1 -1 1 1 1 -1 1 1 1 1 1 -1 -1 1 -1 1 1 1 -1 1 1 -1 -1 11 -1
1 -1 1 -1 1 -1 1 1 1 1 1 1 -1 1 1 1 1 1 -1 -1 1 1 1 1 -1 1 1 -1 1 1 1 -1 -1 11 11
1 1 1 -1 1 1 1 1 -1 1 1 1 1 1 1 1 1 1 -1 1 1 1 1 1 1 1 1 1 -1 1 1 1 1 -1 -1
1 1 1 1 1 -1 1 -1 1 1 -1 1 -1 1 1 1 -1 1 1 1 1 1 1 1 1 -1 -1 -1 1 1 -1 -1 1 1 -1
1 1 1 -1 1 -1 -1 -1 -1 1 1 1 -1 1 1 1 -1 1 -1 1 -1 1 -1 1 -1 -1 1 1 1 -1 -1 1 -1 -1 -1
1 1 1 1 1 -1 12 -1 1 1 1 -1 -1 1 1 1 1 1 -1 1 -1 1 -1 -1 1 1 1 -1 -1 1 1 1 1 1 -1
1 1 1 1 1 -1 12 -1 1 1 -1 -1 1 -1 1 1 1 1 1 1 1 1 -1 1 1 1 1 1 1 1 -1 1 1 1 1
1 -1 1 -1 -1 -1 -1 1 1 1 1 1 1 -1 1 1 1 1 1 1 1 1 1 1 1 1 -1 -1 1 1 1 1 1 1 1
1 -1 -1 1 1 1 1 -1 1 1 1 -1 -1 1 -1 -1 -1 -1 -1 -1 -1 1 1 1 1 1 -1 1 1 1 1 1 -1 1 -1
1 -1 -1 -1 -1 1 -1 1 1 -1 1 -1 1 1 1 -1 -1 13 13 -1 -1 -1 1 1 1 -1 1 -1 1 -1 1 1 1 -1 14
1 1 -1 -1 -1 1 1 -1 1 -1 -1 1 1 1 1 1 1 -1 13 -1 15 15 -1 -1 -1 1 1 -1 1 1 1 1 -1 -1 -1
1 1 -1 1 1 -1 1 1 1 -1 1 1 1 -1 1 1 -1 -1 13 -1 15 15 15 -1 -1 1 -1 -1 1 1 1 -1 1 1 1
1 1 -1 -1 1 1 -1 1 -1 1 -1 1 1 -1 1 1 -1 13 13 -1 -1 -1 -1 -1 -1 1 1 1 1 1 -1 1 1 -1 -1
1 1 1 1 -1 1 -1 1 1 1 1 1 1 1 1 -1 13 13 13 13 13 -1 1 1 1 1 -1 1 1 1 1 1 1 -1 -1
1 1 -1 1 -1 1 1 1 -1 -1 1 -1 -1 1 1 -1 13 13 13 13 -1 -1 1 -1 1 1 1 -1 -1 1 -1 1 1 1 -1
1 -1 -1 -1 1 1 1 -1 1 -1 1 1 1 -1 -1 -1 13 13 13 13 -1 16 -1 1 1 -1 -1 -1 17 -1 18 -1 1 1 1
1 1 1 -1 1 1 -1 1 1 1 1 -1 1 1 1 -1 -1 13 -1 -1 16 16 -1 -1 1 -1 -1 -1 -1 19 -1 1 1 1 1
1 1 1 1 -1 -1 -1 -1 -1 -1 2 2 -1 -1 2 2 2 -1 2 2 -1 3 -1 2 2 2 2 2 2 2 -1 -1 2 -1 2
-1 1 -1 1 1 -1 -1 2 2 -1 2 2 2 2 2 2 -1 2 2 2 2 -1 -1 2 2 -1 -1 2 -1 2 2 2 2 2 2
4 -1 -1 -1 -1 2 2 -1 2 2 2 2 -1 2 2 2 -1 2 2 2 2 -1 -1 -1 -1 2 2 2 -1 -1 -1 2 -1 2 -1
4 -1 5 5 -1 -1 2 2 2 2 2 2 2 -1 2 2 2 2 -1 2 -1 -1 -1 2 2 2 2 2 -1 2 -1 -1 2 -1 6
-1 5 5 5 5 5 -1 2 -1 -1 -1 2 2 -1 2 -1 2 2 2 -1 2 2 2 -1 2 2 2 2 -1 2 2 2 2 2 -1
5 -1 5 5 -1 5 5 -1 7 7 -1 -1 2 2 2 2 2 2 2 -1 2 2 2 2 2 -1 -1 -1 2 2 2 2 2 2 2
5 5 -1 5 -1 -1 -1 -1 7 -1 -1 -1 -1 -1 -1 2 2 2 2 2 2 -1 -1 2 2 -1 2 2 2 2 -1 -1 2 -1 -1
5 5 -1 5 5 5 5 -1 -1 2 2 2 -1 2 2 2 2 -1 2 -1 2 2 2 2 -1 2 2 2 2 2 2 2 2 2 2
5 5 5 5 5 -1 5 5 5 -1 -1 2 2 -1 2 -1 2 2 2 -1 2 2 2 2 2 -1 -1 2 2 2 -1 2 -1 2 2
-1 -1 5 -1 -1 -1 5 -1 -1 2 2 2 2 2 2 2 2 -1 -1 -1 -1 -1 2 2 -1 2 2 2 2 2 -1 2 2 -1 2
-1 -1 -1 8 -1 -1 -1 -1 -1 -1 2 2 -1 2 -1 2 2 2 2 2 -1 2 2 2 -1 2 2 2 2 -1 -1 -1 -1 2 2
-1 2 2 -1 2 2 -1 9 9 -1 2 -1 2 2 2 2 -1 -1 -1 2 2 2 2 2 -1 2 2 2 -1 2 2 2 -1 -1 -1
-1 -1 2 2 2 -1 -1 -1 -1 2 -1 -1 2 2 -1 -1 -1 -1 -1 -1 2 -1 2 -1 -1 2 -1 2 -1 2 2 -1 10 10 10
11 -1 -1 -1 2 2 2 -1 2 2 2 -1 -1 2 2 2 -1 -1 2 2 2 -1 2 2 2 2 2 2 2 2 -1 10 10 10 10
-1 2 -1 12 -1 2 2 2 2 -1 2 2 2 -1 -1 -1 13 -1 -1 2 -1 2 2 -1 2 2 2 2 -1 2 2 -1 -1 10 10
2 2 2 -1 2 2 -1 -1 -1 2 2 2 2 2 -1 14 -1 -1 14 -1 2 2 2 2 2 2 2 2 -1 -1 -1 10 -1 10 10
2 -1 2 2 2 2 -1 2 2 -1 2 2 2 2 -1 14 -1 14 14 -1 2 -1 -1 2 -1 2 2 -1 -1 -1 10 10 -1 10 10
2 -1 2 -1 2 2 2 2 -1 2 2 2 -1 2 -1 14 14 14 14 -1 2 -1 -1 2 -1 2 2 2 -1 10 10 10 10 10 -1
2 2 2 2 -1 -1 2 2 -1 2 -1 2 -1 -1 -1 -1 14 14 -1 2 -1 2 2 2 2 -1 2 2 2 -1 10 10 -1 10 10
2 2 -1 2 2 -1 -1 -1 2 2 -1 2 -1 -1 -1 15 -1 14 -1 2 2 2 2 2 -1 2 -1 2 -1 2 -1 -1 16 -1 -1
-1 2 2 2 -1 2 2 2 2 2 2 2 2 -1 2 -1 2 -1 2 -1 2 -1 -1 -1 -1 2 2 2 2 2 -1 16 16 -1 17
2 2 2 -1 2 2 -1 2 2 2 2 -1 2 -1 2 2 2 -1 2 2 2 -1 2 2 2 2 2 -1 2 2 2 -1 -1 18 -1
2 -1 2 2 2 -1 2 2 2 2 2 2 2 2 2 2 2 2 2 -1 2 2 2 2 -1 -1 2 -1 2 -1 2 -1 19 -1 -1
-1 -1 2 2 2 -1 -1 -1 2 2 -1 -1 2 2 2 2 2 -1 -1 -1 2 -1 2 -1 -1 2 -1 2 2 2 2 2 -1 2 -1
-1 -1 2 2 -1 2 2 2 2 2 -1 -1 2 2 -1 -1 2 -1 2 2 -1 2 -1 2 -1 2 -1 -1 -1 2 2 -1 2 2 2
-1 -1 2 2 -1 2 2 2 2 -1 -1 20 -1 2 -1 -1 2 -1 2 2 -1 2 2 2 2 2 2 2 -1 -1 -1 2 2 2 2
2 2 -1 2 2 2 2 -1 2 -1 -1 -1 2 2 -1 2 2 2 2 2 2 2 -1 2 -1 2 2 2 2 -1 -1 2 2 2 -1
2 2 2 2 -1 -1 -1 21 -1 -1 -1 -1 2 2 -1 2 2 2 -1 -1 2 2 2 -1 2 2 2 -1 2 -1 2 -1 2 -1 22
-1 2 -1 2 2 2 2 -1 2 2 -1 2 2 -1 23 -1 -1 -1 2 2 -1 -1 -1 -1 2 2 2 2 2 2 2 2 2 2 -1
-1 2 2 2 2 -1 2 -1 2 2 2 2 2 2 -1 -1 2 2 2 2 -1 2 -1 -1 2 -1 2 2 -1 -1 2 2 2 2 2
2 -1 -1 2 2 2 2 -1 -1 2 2 2 2 -1 24 -1 -1 -1 2 2 2 2 -1 2 2 -1 2 -1 25 -1 2 2 2 -1 2
2 -1 -1 2 2 2 2 -1 2 2 2 2 -1 2 -1 2 -1 -1 2 2 2 2 2 2 2 -1 2 2 -1 2 2 -1 -1 2 2
2 2 2 2 -1 -1 2 2 2 2 2 2 2 2 2 2 2 2 -1 2 2 2 2 -1 2 -1 -1 2 -1 2 -1 26 -1 -1 -1
2 2 2 2 -1 2 2 -1 -1 2 2 2 -1 -1 -1 -1 2 2 2 2 -1 2 -1 -1 2 2 -1 2 2 2 2 -1 27 27 27
2 -1 -1 -1 2 2 2 2 -1 -1 -1 -1 28 -1 -1 2 2 -1 -1 2 2 -1 -1 -1 2 -1 -1 -1 2 2 2 -1 27 -1 -1
1 -1 1 -1 -1 2 2 -1 -1 -1 2 2 2 2 -1 3 -1 2 2 2 2 2 2 2 -1 2 2 2 2 -1 -1 4 4 -1 5
1 1 1 -1 2 2 2 2 -1 2 2 2 2 -1 6 -1 2 2 2 2 -1 -1 2 -1 -1 -1 2 2 2 -1 7 -1 -1 5 5
1 1 1 -1 -1 -1 2 -1 2 2 2 2 2 2 -1 2 2 2 -1 2 2 2 2 -1 8 -1 -1 -1 2 -1 -1 -1 -1 5 -1
1 1 -1 2 -1 2 2 2 2 -1 2 2 2 2 -1 2 2 2 -1 -1 2 -1 -1 2 -1 9 -1 2 2 2 2 2 2 -1 10
1 -1 2 2 -1 -1 2 -1 2 -1 2 2 2 2 2 -1 2 2 -1 2 -1 2 2 2 -1 -1 2 2 2 2 2 -1 2 -1 10
-1 11 -1 2 2 -1 2 2 2 2 2 2 2 2 -1 2 2 2 2 2 2 -1 2 2 2 2 -1 -1 -1 2 2 2 2 -1 10
-1 -1 -1 2 2 -1 2 -1 2 2 2 2 2 2 2 2 2 2 2 2 2 2 2 2 2 2 2 2 -1 -1 2 2 -1 10 10
-1 -1 -1 2 2 2 2 2 2 -1 2 2 2 2 2 2 -1 -1 -1 -1 -1 2 2 -1 -1 2 2 2 2 2 2 -1 2 -1 10
2 2 2 2 2 -1 -1 2 2 2 -1 -1 -1 2 2 2 2 2 2 -1 -1 2 2 -1 -1 2 -1 -1 2 2 2 2 2 2 -1
-1 2 2 -1 -1 2 2 -1 2 2 -1 -1 -1 -1 -1 2 -1 2 2 2 -1 -1 2 2 -1 -1 2 -1 2 2 2 2 2 -1 -1
-1 -1 -1 2 2 2 2 2 2 2 -1 2 2 2 2 2 2 2 2 -1 2 2 2 -1 2 2 2 2 2 2 2 -1 2 -1 -1
2 2 -1 2 2 2 -1 2 2 -1 12 -1 -1 2 2 2 2 2 2 2 -1 -1 2 2 2 2 -1 2 -1 2 2 2 2 -1 2
-1 2 -1 2 2 -1 -1 -1 -1 -1 12 -1 2 2 -1 -1 -1 -1 2 -1 2 2 2 2 -1 -1 2 -1 2 -1 2 2 -1 -1 2
-1 2 2 2 2 2 2 2 2 -1 -1 2 2 2 2 2 2 2 2 -1 2 2 2 -1 2 -1 2 2 2 2 2 -1 -1 2 2
2 2 2 2 2 -1 2 -1 2 -1 2 2 2 2 -1 2 2 2 2 2 2 -1 -1 2 2 2 2 2 2 2 2 2 2 2 -1
-1 -1 2 2 2 -1 2 -1 -1 2 2 -1 2 -1 -1 2 2 2 -1 2 -1 2 -1 2 -1 2 2 2 -1 -1 2 2 2 -1 -1
-1 -1 2 2 2 2 2 2 -1 -1 2 -1 -1 2 2 2 2 2 2 2 2 2 2 2 -1 2 2 2 -1 -1 2 2 2 2 2
-1 2 2 -1 2 2 2 2 2 -1 2 2 2 2 -1 2 2 -1 2 -1 2 -1 2 2 -1 2 2 -1 2 -1 2 -1 2 -1 2
-1 -1 2 2 2 2 2 2 2 -1 -1 2 2 2 2 2 2 -1 -1 2 2 -1 2 2 -1 2 2 2 2 2 -1 2 -1 -1 -1
-1 -1 2 -1 -1 -1 2 2 -1 13 -1 -1 -1 -1 2 -1 2 2 -1 2 2 2 2 2 2 2 2 2 2 2 2 2 2 -1 14
15 15 -1 2 2 2 2 2 -1 -1 16 -1 2 2 2 2 -1 -1 2 2 -1 2 2 2 2 2 2 -1 2 2 -1 2 -1 -1 14
-1 -1 2 2 2 2 2 -1 -1 -1 16 -1 2 -1 -1 2 2 -1 2 -1 -1 2 2 2 -1 -1 2 2 2 2 -1 2 2 -1 -1
-1 2 2 -1 -1 -1 -1 17 -1 -1 -1 2 2 2 -1 2 2 2 2 2 -1 2 2 -1 18 18 -1 -1 2 2 -1 2 2 -1 -1
19 -1 2 2 2 -1 17 17 17 -1 2 2 -1 2 2 2 -1 -1 2 2 2 2 2 -1 -1 18 -1 2 -1 -1 2 2 2 2 2
19 19 -1 -1 -1 17 17 -1 -1 2 2 -1 2 2 -1 -1 2 -1 -1 2 2 -1 2 -1 2 -1 2 2 2 -1 -1 2 -1 2 -1
19 -1 -1 19 -1 17 -1 -1 2 2 2 -1 -1 2 2 2 2 -1 2 -1 2 2 2 2 2 2 2 2 2 2 2 -1 -1 -1 20
19 19 19 19 -1 -1 -1 2 2 2 -1 -1 2 -1 -1 2 2 2 2 2 -1 -1 -1 -1 2 2 -1 2 2 2 2 2 2 2 -1
-1 -1 -1 19 -1 21 -1 -1 2 -1 22 -1 2 2 2 2 2 -1 2 2 2 2 -1 2 2 2 2 -1 -1 2 2 2 -1 2 2
23 23 -1 19 -1 -1 19 -1 2 -1 22 -1 -1 2 2 -1 2 2 -1 2 2 2 2 -1 -1 -1 -1 2 2 -1 2 2 -1 -1 2
23 23 -1 19 19 -1 19 19 -1 22 22 22 22 -1 2 2 2 2 -1 2 -1 -1 -1 2 2 2 2 2 2 2 2 2 -1 24 -1
23 -1 -1 19 19 19 19 -1 -1 22 22 -1 22 22 -1 2 -1 2 2 2 -1 2 -1 -1 -1 -1 -1 2 2 2 2 -1 -1 -1 25
-1 19 19 19 -1 -1 19 19 19 -1 -1 26 -1 -1 -1 -1 2 2 2 2 2 2 -1 2 2 -1 -1 2 2 2 -1 25 25 25 25
-1 19 -1 19 -1 27 -1 19 -1 -1 26 26 26 26 -1 -1 -1 2 -1 -1 2 -1 28 -1 2 2 2 2 2 2 -1 -1 25 -1 -1
19 19 -1 19 -1 27 27 -1 26 26 26 -1 -1 -1 29 29 29 -1 -1 29 -1 -1 -1 30 -1 -1 -1 2 2 2 -1 -1 25 25 -1
19 19 19 19 -1 -1 -1 26 26 26 26 26 26 26 -1 -1 29 29 29 29 -1 31 31 -1 32 -1 -1 -1 2 2 -1 25 25 25 25
1 -1 -1 2 2 2 2 -1 -1 -1 3 3 3 3 3 -1 -1 -1 -1 4 -1 -1 -1 3 3 -1 5 5 5 5 -1 -1 6 6 -1
1 -1 2 2 2 2 2 2 -1 3 3 -1 3 3 3 3 3 3 3 -1 7 -1 8 -1 3 -1 5 -1 5 5 -1 9 -1 -1 -1
1 1 -1 -1 2 -1 -1 2 -1 -1 3 3 3 3 3 -1 3 3 3 3 -1 -1 8 -1 3 3 -1 5 -1 5 -1 -1 -1 -1 10
1 -1 3 -1 -1 3 3 -1 -1 -1 3 3 -1 -1 -1 3 3 3 -1 3 3 3 -1 3 3 -1 5 5 5 5 5 5 -1 -1 -1
-1 3 3 3 3 3 3 3 3 3 3 3 -1 3 -1 -1 3 -1 3 3 -1 3 -1 -1 3 3 -1 5 -1 5 5 5 -1 3 3
-1 3 3 -1 3 -1 -1 -1 3 3 3 -1 3 3 -1 3 3 3 3 3 3 -1 -1 -1 -1 3 -1 -1 -1 5 -1 -1 3 -1 3
-1 3 -1 3 3 -1 3 -1 3 3 -1 -1 3 3 -1 3 3 3 3 3 3 3 -1 3 3 3 3 3 3 -1 3 3 3 3 3
-1 3 -1 3 -1 3 3 3 -1 3 3 3 3 3 3 -1 -1 3 3 -1 3 -1 3 3 -1 3 -1 3 3 -1 -1 3 3 3 3
-1 3 -1 3 3 3 3 3 3 3 3 -1 3 -1 -1 3 -1 -1 3 3 3 3 3 -1 3 3 3 -1 3 3 -1 3 3 -1 3
3 3 3 -1 -1 3 -1 -1 3 3 3 3 3 3 3 3 3 3 3 3 -1 -1 -1 -1 3 3 -1 3 -1 -1 -1 3 3 3 3
-1 -1 3 3 3 3 -1 3 -1 3 3 3 -1 3 -1 3 3 -1 3 3 3 3 3 3 3 3 -1 3 3 3 3 3 3 3 3
3 3 3 3 -1 3 3 3 -1 3 3 3 3 -1 3 3 3 3 3 3 3 -1 3 3 3 -1 11 -1 -1 3 3 3 3 3 3
3 3 -1 3 3 3 3 -1 3 3 3 3 3 3 -1 -1 3 3 3 3 -1 3 3 3 3 3 -1 -1 3 3 3 -1 -1 3 3
3 3 3 3 -1 -1 -1 3 -1 -1 3 3 3 3 3 -1 3 3 3 3 3 3 3 -1 3 3 -1 12 -1 3 3 3 -1 -1 3
-1 3 -1 -1 13 -1 3 3 -1 -1 3 3 3 -1 3 -1 -1 -1 3 3 3 3 3 3 3 3 -1 12 12 -1 -1 3 3 3 3
14 -1 -1 3 -1 3 3 -1 -1 3 3 3 3 3 -1 -1 -1 -1 3 3 -1 3 3 3 3 3 3 -1 -1 -1 3 3 -1 3 3
-1 3 3 3 3 3 3 3 3 3 3 -1 3 3 3 -1 3 3 3 3 3 3 3 3 -1 -1 3 -1 -1 -1 -1 -1 3 3 3
3 3 3 3 3 3 -1 -1 3 -1 -1 3 3 3 -1 3 3 3 3 3 3 3 3 -1 -1 15 -1 3 3 3 3 -1 3 3 -1
3 -1 3 -1 3 3 3 -1 3 3 3 -1 -1 3 -1 3 3 3 3 -1 3 3 -1 3 3 -1 3 3 -1 -1 -1 3 3 3 3
-1 3 3 3 3 -1 3 -1 -1 -1 3 3 -1 3 3 3 3 -1 -1 3 -1 3 3 3 3 -1 -1 3 3 3 3 3 3 -1 -1
16 -1 -1 -1 -1 3 3 3 3 3 3 -1 -1 3 3 3 -1 -1 3 3 3 3 3 -1 3 3 -1 3 -1 -1 -1 3 3 -1 -1
-1 3 3 3 -1 3 3 3 -1 3 -1 17 -1 3 -1 3 -1 -1 3 -1 -1 3 3 3 3 3 -1 3 3 3 3 3 3 3 3
3 3 3 3 -1 3 3 3 3 3 3 -1 -1 3 -1 3 3 3 -1 3 3 3 3 3 3 3 3 3 3 3 3 3 3 -1 -1
3 3 3 3 3 -1 3 3 3 3 3 3 3 -1 -1 3 -1 -1 3 3 -1 3 -1 -1 -1 3 3 -1 3 -1 -1 -1 3 3 3
3 -1 3 3 -1 3 -1 3 3 -1 3 -1 3 3 3 3 3 3 -1 3 3 3 3 3 3 3 3 3 -1 -1 3 3 -1 3 -1
3 3 3 -1 -1 3 3 -1 3 -1 3 -1 3 -1 -1 -1 3 -1 3 3 3 3 3 3 3 3 3 3 3 -1 3 3 3 3 -1
3 3 3 3 3 3 3 3 -1 3 3 -1 3 -1 -1 3 3 3 3 3 3 -1 3 3 3 -1 3 -1 3 -1 -1 3 -1 3 -1
3 3 3 3 3 3 -1 3 -1 -1 -1 -1 -1 3 -1 3 -1 3 3 3 3 -1 -1 3 3 3 3 3 3 3 3 -1 3 3 -1
3 -1 3 3 3 -1 18 -1 3 3 3 -1 3 3 3 3 -1 3 3 -1 3 3 3 -1 3 3 -1 -1 3 3 3 -1 3 3 3
-1 3 3 -1 3 3 -1 19 -1 3 -1 -1 3 3 3 3 -1 3 3 3 3 -1 3 3 3 -1 -1 3 3 -1 3 -1 3 3 -1
-1 -1 -1 -1 3 -1 -1 -1 3 3 3 -1 -1 3 -1 -1 -1 3 -1 3 3 3 -1 3 3 -1 -1 3 3 3 -1 3 3 -1 20
-1 -1 3 3 3 3 3 3 3 3 3 3 3 3 3 3 3 -1 3 -1 -1 -1 3 3 -1 3 3 3 3 3 -1 3 3 -1 -1
3 3 3 3 -1 -1 -1 3 3 3 3 3 -1 3 -1 3 3 3 3 3 -1 3 3 -1 -1 -1 3 -1 3 3 -1 3 3 3 3
3 3 3 -1 3 3 3 3 3 -1 3 -1 3 3 3 3 -1 3 3 -1 -1 -1 -1 -1 21 21 -1 3 3 3 3 -1 -1 3 3
-1 -1 3 3 3 -1 3 3 3 3 -1 22 -1 3 -1 3 -1 3 3 3 3 3 3 -1 21 -1 23 -1 3 3 3 -1 -1 -1 -1
1 1 1 -1 2 2 2 2 -1 2 2 2 2 2 2 2 2 2 2 2 2 2 2 -1 -1 3 3 3 3 3 3 3 -1 3 3
-1 1 1 1 -1 2 2 2 2 2 -1 -1 2 2 -1 -1 2 -1 -1 2 2 2 2 2 2 -1 -1 3 3 -1 3 3 3 -1 3
1 1 1 -1 2 2 2 2 2 2 2 2 -1 -1 -1 4 -1 -1 5 -1 -1 2 -1 -1 2 2 2 -1 3 3 -1 3 3 -1 3
1 1 1 -1 2 2 2 -1 -1 -1 2 -1 4 4 4 4 4 -1 5 -1 -1 2 2 -1 -1 -1 -1 4 -1 3 3 -1 3 -1 3
1 -1 1 -1 2 -1 -1 4 -1 4 -1 4 4 -1 -1 -1 4 4 -1 -1 6 -1 -1 7 7 7 -1 4 4 -1 3 3 3 3 3
-1 -1 1 -1 -1 4 4 4 4 4 -1 4 4 -1 4 4 4 -1 8 8 -1 4 4 -1 -1 7 -1 4 -1 4 -1 -1 -1 -1 -1
-1 -1 -1 -1 4 -1 4 4 4 4 4 4 4 4 4 4 4 4 -1 8 -1 -1 4 4 4 -1 4 4 4 4 4 -1 -1 -1 9
-1 4 4 4 4 -1 4 4 4 4 -1 4 4 -1 4 4 -1 4 4 -1 -1 -1 4 4 -1 4 -1 4 4 4 4 4 4 -1 -1
-1 4 4 -1 4 4 4 4 4 4 4 4 4 4 4 -1 4 -1 4 4 4 4 4 -1 -1 4 4 4 -1 4 4 -1 4 4 -1
10 -1 4 -1 -1 4 -1 4 -1 4 -1 4 4 4 4 4 4 4 4 4 4 4 -1 -1 4 4 4 -1 11 -1 4 4 -1 4 -1
10 -1 4 4 -1 4 4 4 4 -1 -1 -1 4 4 4 -1 4 -1 4 -1 -1 4 4 -1 -1 -1 -1 11 11 -1 -1 4 4 -1 4
-1 -1 -1 -1 -1 -1 4 -1 4 4 4 4 -1 4 4 -1 -1 4 -1 -1 -1 4 -1 12 -1 4 4 -1 -1 -1 4 4 -1 4 4
4 -1 -1 4 -1 4 4 -1 4 4 -1 4 4 4 -1 4 4 4 4 4 -1 -1 4 -1 4 4 4 4 -1 -1 4 4 4 4 4
4 -1 -1 4 4 4 4 4 4 4 -1 -1 -1 4 4 -1 -1 4 4 -1 4 4 4 4 4 4 4 4 4 4 4 4 -1 4 4
4 4 4 4 -1 4 4 4 4 -1 4 -1 4 4 4 4 4 4 4 -1 4 4 4 4 -1 -1 -1 -1 4 4 -1 -1 -1 -1 4
-1 -1 -1 -1 4 4 4 -1 4 -1 4 4 4 4 -1 4 4 4 -1 4 4 4 4 4 4 4 4 4 -1 -1 13 -1 4 4 4
4 4 -1 -1 4 4 4 4 -1 4 4 -1 4 -1 4 4 -1 -1 14 -1 4 4 -1 4 4 4 4 4 -1 -1 -1 -1 4 -1 -1
4 4 4 4 4 -1 -1 4 -1 4 -1 -1 4 -1 -1 -1 4 -1 14 14 -1 4 -1 4 4 -1 4 4 4 4 -1 -1 4 -1 4
4 4 -1 -1 -1 -1 -1 -1 4 4 4 4 4 -1 4 4 4 -1 14 14 -1 -1 -1 4 -1 4 4 -1 4 4 -1 -1 4 -1 4
-1 4 4 -1 4 4 4 4 -1 -1 4 -1 -1 4 4 -1 -1 4 -1 -1 4 4 4 4 4 -1 4 -1 -1 4 -1 4 4 4 4
-1 -1 4 4 4 4 4 4 4 4 4 -1 4 -1 4 -1 -1 4 -1 -1 -1 4 -1 4 4 4 4 -1 4 4 -1 4 4 -1 4
-1 15 -1 4 4 -1 4 -1 4 -1 4 4 4 4 4 -1 4 4 4 4 -1 4 -1 4 4 -1 4 4 4 -1 4 4 -1 -1 4
-1 -1 16 -1 4 4 -1 -1 4 -1 4 -1 4 -1 4 4 4 4 4 -1 4 4 4 4 4 4 4 4 -1 4 4 -1 17 -1 -1
-1 4 -1 -1 4 -1 4 4 4 4 -1 18 -1 -1 -1 -1 -1 -1 4 -1 4 -1 4 -1 4 4 4 4 4 4 4 4 -1 -1 4
4 4 -1 4 4 4 4 4 -1 -1 18 18 -1 -1 4 4 4 4 4 4 -1 4 4 4 -1 4 4 4 4 4 -1 4 4 4 4
-1 4 4 4 -1 -1 4 4 -1 19 -1 -1 4 4 4 4 -1 -1 4 4 -1 4 4 4 -1 4 4 4 -1 4 -1 4 4 4 4
4 -1 4 4 4 4 4 4 4 -1 4 -1 4 4 -1 -1 -1 -1 4 -1 4 -1 4 4 4 4 -1 -1 4 4 4 -1 4 4 4
4 4 4 4 4 4 4 4 4 4 4 -1 -1 4 4 4 4 4 4 4 4 4 4 -1 4 -1 4 4 -1 4 -1 4 4 4 -1
-1 4 4 -1 4 -1 -1 -1 4 -1 -1 20 20 -1 4 4 4 4 4 4 -1 4 4 -1 4 4 4 -1 4 4 4 4 -1 -1 21
4 4 -1 -1 4 4 -1 -1 4 -1 -1 -1 20 -1 4 -1 4 4 4 4 4 -1 4 4 4 4 4 -1 -1 4 4 4 -1 22 -1
4 -1 -1 -1 4 -1 4 4 4 -1 23 -1 -1 4 4 4 -1 -1 4 -1 4 4 -1 -1 -1 4 4 -1 24 -1 4 4 4 -1 25
-1 26 26 -1 -1 4 4 -1 -1 -1 -1 4 4 4 4 4 -1 27 -1 27 -1 4 4 4 4 4 -1 28 -1 -1 -1 -1 -1 25 25
26 26 26 26 -1 4 4 -1 4 4 4 4 -1 -1 4 4 -1 27 27 27 -1 -1 4 -1 -1 4 -1 28 28 28 -1 -1 25 25 25
26 -1 -1 -1 4 4 4 4 -1 4 4 4 4 4 4 4 -1 27 -1 -1 27 27 -1 29 29 -1 -1 28 28 28 28 -1 25 25 25
-1 30 -1 4 4 4 4 4 4 -1 4 4 -1 -1 4 4 -1 27 27 27 27 27 27 -1 29 -1 31 -1 28 28 -1 32 -1 25 25
1 1 -1 2 2 -1 1 1 1 1 1 1 -1 3 3 3 3 3 -1 -1 -1 3 3 -1 3 3 3 3 3 3 3 -1 3 3 -1
1 1 1 -1 -1 -1 1 1 1 -1 -1 -1 4 -1 -1 3 3 3 -1 5 -1 3 -1 3 -1 -1 3 -1 -1 3 3 -1 3 3 -1
1 -1 1 -1 1 1 1 1 1 -1 3 -1 -1 -1 3 3 3 3 -1 -1 -1 3 3 3 -1 -1 3 3 3 3 3 3 3 3 3
-1 1 1 -1 1 1 1 -1 -1 3 3 3 3 3 3 3 3 3 3 3 3 3 3 3 3 3 3 3 3 3 3 3 3 -1 3
-1 1 1 1 -1 1 1 -1 3 3 3 3 3 3 -1 -1 3 -1 3 3 3 -1 3 -1 -1 -1 3 -1 -1 -1 3 -1 3 3 3
-1 1 1 -1 1 1 -1 -1 3 3 3 -1 3 -1 -1 3 3 3 3 -1 -1 6 -1 3 3 3 3 3 -1 3 3 3 -1 -1 -1
1 1 -1 1 1 1 -1 3 3 3 3 3 -1 -1 -1 3 3 3 -1 -1 -1 -1 3 3 3 3 3 3 3 3 3 -1 7 7 7
-1 1 1 1 1 -1 -1 3 -1 -1 3 -1 -1 3 3 3 -1 3 3 -1 3 3 3 -1 -1 3 -1 3 3 3 3 -1 7 7 7
-1 -1 -1 1 -1 8 -1 3 -1 3 3 3 -1 -1 3 3 -1 3 3 -1 -1 -1 3 -1 9 -1 3 3 -1 3 3 -1 7 -1 7
3 3 -1 -1 -1 8 -1 3 3 3 3 3 -1 10 -1 3 -1 3 3 3 3 3 3 -1 -1 3 3 3 3 3 -1 11 -1 7 7
3 3 3 3 3 -1 3 3 -1 3 3 -1 -1 -1 3 3 3 3 -1 3 3 3 3 3 3 -1 3 -1 3 3 3 -1 -1 7 -1
3 3 3 -1 -1 3 3 -1 3 3 3 3 3 -1 3 -1 3 3 3 -1 3 3 -1 -1 3 3 -1 3 3 -1 -1 3 -1 -1 -1
-1 3 3 -1 -1 -1 3 -1 3 -1 3 3 3 3 -1 3 3 3 -1 3 3 3 3 3 -1 3 3 3 3 3 3 3 3 -1 12
-1 3 3 3 3 -1 3 3 3 3 3 3 3 -1 3 -1 3 -1 3 3 3 3 3 3 3 -1 3 3 3 -1 3 -1 3 3 -1
-1 -1 -1 3 3 3 3 -1 3 -1 3 3 3 -1 3 3 3 3 3 -1 3 3 -1 3 -1 -1 -1 3 -1 -1 3 3 3 3 3
3 -1 -1 3 -1 -1 3 -1 3 -1 -1 3 3 3 -1 3 -1 -1 3 -1 3 -1 3 3 3 3 3 3 -1 -1 3 3 -1 -1 -1
3 3 3 -1 3 3 3 3 3 3 3 3 -1 -1 -1 3 3 3 -1 3 3 3 3 3 3 -1 3 3 -1 -1 3 -1 13 -1 -1
-1 3 3 -1 3 3 -1 3 -1 3 -1 -1 3 3 -1 -1 3 3 3 3 -1 3 3 3 3 3 3 -1 3 3 3 3 -1 3 3
3 3 -1 3 -1 -1 14 -1 15 -1 3 3 -1 3 -1 -1 3 3 3 3 3 3 3 -1 3 3 3 3 3 3 3 3 3 3 -1
3 -1 -1 3 -1 3 -1 3 -1 3 3 3 3 3 3 3 3 3 -1 3 3 3 3 3 3 3 -1 3 3 3 3 3 3 3 3
3 -1 3 3 -1 3 3 3 -1 3 3 3 3 3 3 3 -1 3 3 3 3 3 3 -1 3 3 3 3 -1 3 -1 3 -1 -1 3
3 -1 -1 3 3 3 -1 3 3 3 3 3 3 -1 3 3 3 3 3 3 -1 -1 -1 16 -1 3 3 3 3 -1 -1 -1 -1 3 3
3 3 3 3 3 3 3 3 -1 3 -1 3 -1 3 3 3 -1 3 -1 3 -1 3 -1 16 16 -1 -1 -1 3 -1 -1 3 3 -1 3
3 3 -1 -1 3 3 3 -1 3 -1 3 3 3 -1 3 -1 -1 -1 3 3 3 3 -1 16 16 16 -1 17 -1 3 -1 3 3 3 3
-1 3 3 3 3 -1 3 -1 3 3 3 3 3 3 3 3 3 3 3 3 3 3 3 -1 16 -1 -1 -1 3 3 3 -1 3 3 3
3 3 3 -1 -1 -1 -1 18 -1 -1 3 3 -1 3 3 3 -1 3 3 -1 3 3 3 3 -1 3 -1 -1 3 3 3 -1 -1 3 3
3 -1 3 3 -1 -1 3 -1 3 3 3 -1 -1 3 3 3 3 3 3 3 -1 -1 3 -1 3 3 3 -1 3 3 -1 3 3 3 3
-1 -1 -1 -1 3 3 3 3 3 3 3 -1 3 3 3 3 3 -1 -1 3 -1 3 3 -1 3 3 3 3 3 -1 -1 3 -1 -1 3
19 19 19 19 -1 3 3 -1 3 3 3 3 -1 3 3 3 3 3 -1 3 3 -1 -1 3 -1 -1 3 3 3 -1 3 3 3 3 -1
19 19 19 -1 -1 3 3 -1 3 3 -1 3 3 3 -1 3 -1 3 -1 3 -1 -1 -1 3 3 3 3 3 -1 -1 3 3 3 3 -1
19 19 -1 20 -1 3 3 3 3 -1 -1 -1 -1 -1 3 3 3 3 3 -1 -1 21 -1 3 3 3 3 3 3 3 3 -1 3 -1 -1
-1 -1 -1 -1 22 -1 -1 3 -1 3 3 3 3 -1 3 -1 3 -1 3 3 -1 21 -1 3 -1 3 3 3 3 3 3 3 3 3 -1
-1 22 -1 22 22 -1 22 -1 -1 -1 3 3 3 -1 3 3 3 3 3 -1 21 21 21 -1 -1 3 3 3 3 3 -1 3 3 3 3
22 22 22 22 22 22 22 22 22 -1 -1 3 3 3 3 3 3 -1 3 -1 21 21 21 -1 -1 3 -1 -1 3 -1 -1 -1 3 -1 -1
22 22 22 -1 -1 22 -1 -1 -1 3 3 3 3 3 3 -1 3 -1 3 -1 -1 21 -1 -1 3 3 3 -1 3 3 3 3 3 3 -1
1 -1 2 2 2 -1 2 2 2 2 2 2 2 2 -1 -1 3 -1 4 -1 2 2 -1 -1 5 -1 6 6 6 -1 2 2 2 2 2
-1 -1 -1 2 2 2 -1 2 2 2 -1 -1 -1 -1 -1 -1 -1 7 -1 -1 2 2 -1 -1 5 -1 -1 6 6 -1 -1 2 2 2 2
8 8 -1 -1 -1 2 2 2 -1 2 2 -1 2 -1 2 -1 2 -1 2 2 2 -1 -1 2 -1 2 -1 -1 -1 2 2 2 2 2 2
-1 -1 -1 2 2 2 2 2 2 2 2 2 2 2 2 2 2 2 2 2 2 2 2 2 2 2 -1 2 2 2 2 2 2 -1 -1
9 -1 -1 2 2 2 2 2 -1 2 2 2 -1 -1 2 -1 -1 2 -1 -1 -1 2 2 2 2 2 2 -1 2 -1 2 2 2 -1 -1
9 -1 10 -1 2 2 2 2 2 2 2 2 2 2 -1 -1 2 2 2 -1 2 2 2 2 2 -1 2 2 2 2 2 2 -1 -1 -1
9 -1 -1 11 -1 2 -1 2 2 -1 -1 2 -1 2 2 2 2 2 -1 -1 2 2 -1 2 2 -1 -1 2 2 2 -1 2 2 -1 -1
9 -1 11 11 -1 -1 2 -1 2 2 -1 2 -1 2 2 -1 -1 2 -1 -1 -1 2 -1 2 2 2 2 2 2 2 -1 2 2 2 2
9 -1 11 11 -1 2 2 2 2 2 -1 2 2 2 -1 -1 2 2 2 2 2 -1 2 2 2 -1 2 2 2 2 -1 -1 -1 2 -1
-1 2 -1 -1 -1 2 -1 2 -1 2 2 -1 -1 2 2 -1 2 -1 -1 -1 2 2 2 -1 2 -1 -1 2 2 2 2 2 -1 2 -1
2 2 2 2 2 -1 -1 2 2 2 -1 2 2 -1 2 2 2 2 -1 -1 2 -1 2 -1 2 2 2 -1 2 2 2 2 2 2 2
-1 -1 2 2 2 2 2 2 2 -1 -1 -1 2 2 2 2 2 2 -1 2 2 -1 2 -1 2 2 2 2 2 2 -1 2 2 2 2
2 2 2 2 -1 2 -1 -1 2 2 2 2 2 2 2 2 2 2 -1 -1 2 2 2 2 2 2 2 2 2 2 2 -1 2 2 -1
2 2 2 2 -1 2 -1 -1 2 2 2 2 2 -1 2 -1 2 -1 12 -1 -1 2 2 2 -1 2 -1 2 -1 -1 -1 2 2 -1 -1
2 -1 2 -1 2 2 2 2 -1 -1 2 2 2 2 2 2 2 2 -1 -1 2 2 2 2 -1 2 -1 2 2 -1 2 2 2 2 2
-1 2 2 2 2 2 2 -1 2 -1 -1 2 2 2 -1 -1 2 2 -1 -1 2 2 -1 -1 2 2 -1 2 -1 -1 2 2 2 2 2
2 -1 2 -1 -1 2 2 2 2 2 2 2 2 -1 -1 -1 2 -1 -1 2 2 -1 2 2 2 2 2 2 -1 -1 2 2 -1 2 -1
2 -1 2 2 2 2 2 -1 2 2 2 -1 2 2 -1 -1 2 2 -1 2 2 2 -1 2 2 2 2 -1 2 2 2 2 -1 -1 -1
2 -1 2 2 2 2 -1 -1 2 2 2 -1 2 2 2 -1 2 -1 2 2 2 2 2 -1 -1 -1 2 -1 -1 -1 2 2 2 2 2
2 2 -1 2 -1 2 2 2 -1 2 -1 -1 2 2 -1 -1 2 2 -1 2 -1 2 2 2 2 2 2 2 2 2 -1 2 2 2 2
2 -1 2 -1 2 2 2 2 2 -1 2 2 2 2 2 2 -1 2 2 2 2 -1 2 2 -1 2 2 2 2 2 -1 2 2 -1 2
2 2 2 -1 2 2 2 -1 2 2 -1 -1 -1 2 2 -1 -1 2 -1 -1 -1 2 -1 2 2 -1 -1 2 2 -1 2 2 2 -1 2
2 2 2 -1 -1 2 -1 2 2 -1 -1 2 2 2 2 2 -1 2 -1 2 2 2 -1 -1 -1 -1 2 2 -1 2 2 2 2 -1 2
-1 2 -1 -1 2 2 -1 -1 2 2 -1 2 -1 2 2 2 2 -1 2 2 -1 2 2 2 2 2 -1 -1 13 -1 2 -1 2 -1 2
-1 2 -1 -1 2 2 2 2 -1 2 -1 2 -1 2 -1 2 2 2 2 2 -1 -1 -1 -1 2 -1 -1 -1 13 -1 -1 14 -1 15 -1
2 2 2 2 2 2 2 2 -1 2 -1 2 2 -1 2 2 2 2 2 2 2 2 2 2 2 -1 2 2 -1 -1 16 -1 17 -1 -1
2 2 2 2 2 2 -1 -1 -1 2 2 -1 2 2 2 2 2 2 -1 2 2 2 -1 2 -1 2 2 2 2 -1 16 -1 -1 18 18
2 2 2 2 -1 -1 19 -1 2 2 -1 -1 2 2 -1 2 -1 2 2 2 2 2 2 2 2 2 2 2 2 -1 -1 -1 20 -1 18
-1 -1 2 2 2 2 -1 -1 2 2 2 2 2 -1 -1 2 -1 2 2 -1 2 -1 2 2 2 2 2 2 2 2 2 2 -1 -1 -1
2 2 2 -1 -1 2 2 2 -1 2 -1 2 2 -1 2 2 2 2 -1 -1 2 2 -1 2 2 -1 -1 2 2 2 2 -1 2 2 2
2 2 -1 2 -1 2 -1 2 2 -1 -1 2 -1 2 2 2 2 2 -1 2 2 -1 -1 -1 -1 21 -1 -1 2 2 -1 2 2 2 -1
-1 2 -1 2 2 2 2 -1 2 -1 2 2 -1 2 2 2 2 2 -1 2 2 -1 22 22 22 -1 -1 2 2 -1 2 2 2 2 2
23 -1 23 -1 2 2 2 -1 2 2 2 2 2 -1 -1 2 2 2 2 -1 2 -1 22 -1 22 -1 24 -1 2 2 -1 -1 2 2 2
23 23 23 23 -1 2 2 2 2 2 -1 -1 -1 25 25 -1 2 2 2 -1 2 -1 22 22 22 22 -1 2 2 -1 2 2 2 2 2
23 23 23 -1 2 2 2 2 2 2 2 2 2 -1 25 25 -1 2 -1 -1 2 2 -1 -1 22 22 22 -1 2 2 2 -1 2 -1 2
1 1 -1 -1 -1 1 1 1 1 1 1 1 1 1 -1 1 -1 1 -1 1 -1 -1 1 1 1 1 1 1 1 -1 1 1 1 -1 2
1 1 -1 1 1 1 -1 1 -1 1 1 1 -1 1 1 1 1 1 1 1 -1 1 1 1 1 -1 1 -1 1 1 1 1 -1 2 2
1 1 1 1 1 -1 -1 1 1 1 1 -1 3 -1 -1 1 -1 1 1 1 1 1 1 1 1 1 1 1 1 1 1 -1 2 2 -1
1 1 1 1 1 1 -1 1 1 1 1 1 -1 1 -1 1 -1 1 1 -1 -1 1 1 -1 1 1 1 1 -1 1 -1 -1 -1 -1 4
-1 1 -1 1 -1 -1 1 -1 1 1 -1 1 1 1 1 -1 -1 -1 1 1 1 1 1 1 1 1 -1 -1 -1 -1 -1 -1 -1 4 4
1 1 -1 -1 1 1 1 -1 1 1 -1 -1 1 1 1 -1 1 1 -1 1 1 1 -1 1 1 1 1 1 1 -1 5 5 -1 -1 -1
1 1 -1 1 -1 1 1 1 1 1 1 1 1 1 -1 1 1 1 1 -1 1 1 1 1 1 1 -1 1 -1 -1 5 5 -1 5 5
1 1 1 1 1 1 -1 -1 -1 1 1 1 1 1 1 1 -1 1 1 -1 1 1 -1 -1 1 -1 1 1 1 -1 -1 5 5 -1 5
1 -1 -1 1 1 1 1 -1 -1 1 -1 -1 1 -1 1 1 1 -1 1 1 1 -1 1 1 -1 1 1 1 1 1 1 -1 5 -1 5
1 -1 -1 -1 -1 1 -1 1 1 1 1 1 1 1 1 -1 -1 -1 1 -1 1 1 1 1 1 -1 1 -1 1 1 1 -1 5 5 5
1 1 -1 1 -1 1 1 1 -1 -1 1 1 1 -1 1 1 1 1 1 1 -1 1 1 1 -1 6 -1 1 1 -1 -1 5 5 -1 5
1 1 1 1 1 1 1 1 -1 7 -1 -1 1 1 1 1 -1 1 1 1 1 -1 1 1 -1 -1 -1 1 1 1 -1 5 5 5 5
1 1 1 -1 1 1 -1 1 -1 7 -1 1 1 1 1 1 -1 1 1 1 1 -1 1 -1 8 -1 1 1 1 -1 5 5 -1 -1 -1
1 -1 1 1 1 1 1 1 -1 7 -1 -1 1 -1 -1 -1 -1 1 1 1 -1 1 1 -1 -1 -1 1 1 1 -1 -1 -1 1 1 -1
-1 -1 1 1 -1 -1 1 1 1 -1 -1 -1 1 -1 -1 1 -1 1 1 1 1 1 1 1 -1 1 1 -1 1 1 1 -1 1 -1 -1
1 1 1 1 -1 1 1 -1 1 -1 1 -1 1 -1 -1 1 -1 -1 1 1 -1 -1 1 -1 -1 -1 -1 -1 -1 -1 1 -1 1 1 1
-1 1 -1 -1 1 -1 1 1 1 1 1 1 -1 -1 1 1 -1 9 -1 -1 1 1 1 1 1 -1 1 1 -1 -1 1 1 1 1 -1
1 1 1 1 1 -1 1 1 1 -1 1 -1 -1 10 -1 1 1 -1 -1 1 1 -1 1 -1 1 1 -1 1 -1 -1 1 1 1 1 1
-1 1 1 -1 1 1 1 1 -1 -1 1 1 -1 -1 1 1 1 1 -1 -1 -1 1 -1 -1 1 1 1 1 -1 1 1 1 -1 -1 1
1 1 1 1 1 1 1 1 -1 1 1 1 1 -1 1 1 1 1 -1 11 -1 1 -1 1 1 1 1 -1 -1 1 1 1 1 1 1
1 -1 -1 1 1 1 1 1 -1 1 1 1 -1 -1 1 -1 -1 1 1 -1 -1 1 -1 -1 1 1 -1 -1 1 -1 -1 1 1 -1 -1
1 1 1 1 -1 1 1 1 -1 -1 1 1 1 1 -1 1 1 1 -1 -1 1 1 -1 1 1 1 1 1 1 1 1 1 1 1 1
-1 -1 1 1 1 1 1 -1 1 1 1 1 1 1 -1 1 1 -1 1 -1 -1 1 1 1 -1 1 1 1 1 1 1 -1 -1 -1 1
1 -1 1 1 -1 1 1 1 1 1 1 1 1 1 1 1 1 -1 1 -1 1 -1 1 1 1 1 1 1 -1 1 -1 1 -1 1 1
1 1 1 1 1 1 -1 -1 1 1 -1 1 1 1 -1 -1 1 -1 1 1 1 1 -1 1 -1 1 1 1 1 1 1 1 -1 1 -1
-1 1 -1 1 1 1 -1 1 1 -1 1 1 1 1 1 1 1 1 1 1 1 1 1 1 1 -1 1 1 1 1 -1 1 1 1 1
-1 1 1 1 1 1 1 1 1 -1 -1 -1 -1 1 1 -1 1 1 -1 -1 -1 1 -1 1 1 -1 1 1 1 1 1 1 1 1 1
1 -1 1 -1 -1 1 1 1 1 1 1 -1 1 1 1 1 1 -1 12 -1 -1 -1 -1 1 -1 1 1 -1 -1 1 -1 1 -1 1 1
1 1 1 1 -1 1 1 -1 -1 1 -1 1 1 1 -1 -1 1 -1 12 12 -1 1 1 1 1 1 -1 -1 1 1 1 -1 1 1 1
1 1 1 1 -1 1 1 1 -1 -1 -1 1 1 1 1 -1 1 -1 12 -1 1 1 1 1 1 1 1 1 1 1 1 1 1 1 1
-1 1 -1 -1 -1 1 1 1 1 1 1 1 -1 1 -1 1 1 -1 12 12 -1 -1 -1 1 1 1 -1 1 1 -1 1 1 -1 1 1
-1 -1 1 1 1 1 1 1 1 1 1 1 -1 1 -1 1 -1 -1 12 -1 1 1 1 1 -1 1 1 1 -1 1 1 -1 -1 -1 1
13 -1 1 -1 1 1 -1 -1 1 1 1 1 -1 -1 1 -1 -1 -1 12 12 -1 1 1 1 1 1 -1 -1 1 1 -1 1 1 -1 1
13 -1 1 1 1 1 1 1 -1 1 -1 1 -1 1 1 -1 14 14 -1 -1 1 1 1 1 -1 -1 1 1 1 1 1 1 -1 -1 1
13 13 -1 1 1 -1 -1 -1 15 -1 1 1 1 1 1 1 -1 14 -1 1 1 1 1 -1 1 1 1 -1 1 1 1 1 1 1 -1
1 1 1 1 -1 1 1 1 1 1 1 1 1 1 1 1 -1 1 1 1 1 1 -1 1 1 1 1 1 -1 2 2 2 -1 -1 -1
1 -1 1 1 -1 1 1 1 -1 1 1 1 -1 1 1 -1 -1 -1 1 1 1 1 1 1 -1 -1 1 1 1 -1 -1 -1 3 3 -1
1 1 -1 1 1 -1 1 -1 -1 1 -1 1 -1 1 1 1 1 1 -1 1 1 1 1 1 1 -1 1 -1 -1 -1 3 3 3 3 -1
1 -1 1 1 1 -1 -1 1 1 1 -1 -1 -1 -1 1 1 -1 1 1 1 1 -1 1 1 1 -1 -1 1 1 1 -1 3 -1 3 3
1 1 -1 -1 1 1 1 1 1 1 1 1 1 1 1 -1 -1 1 -1 1 1 1 -1 -1 -1 -1 1 1 1 -1 -1 3 -1 3 -1
1 1 1 -1 -1 -1 -1 1 1 1 1 1 1 -1 -1 -1 1 -1 -1 1 1 -1 1 1 1 -1 1 1 1 -1 4 -1 1 -1 -1
1 -1 -1 1 1 1 1 1 1 -1 1 1 1 1 1 1 1 1 1 1 1 -1 1 1 1 1 1 1 1 -1 -1 -1 1 1 1
1 1 1 1 1 1 1 1 1 -1 -1 1 1 -1 -1 1 -1 -1 1 -1 1 1 1 1 1 1 1 -1 1 -1 1 -1 1 1 -1
1 1 1 -1 1 1 -1 -1 1 1 1 1 -1 1 -1 1 -1 -1 1 -1 -1 -1 1 1 1 1 1 -1 1 1 1 1 1 1 1
1 1 -1 -1 -1 1 -1 1 -1 1 1 1 1 1 -1 -1 1 1 1 1 1 1 -1 1 1 1 1 1 -1 1 1 -1 1 1 -1
1 1 -1 5 -1 1 -1 1 1 1 -1 1 1 -1 -1 1 1 -1 1 1 1 -1 1 1 1 1 -1 1 -1 1 1 -1 -1 1 -1
1 1 1 -1 1 -1 1 -1 1 1 1 1 1 -1 1 1 1 1 1 -1 1 1 1 1 1 -1 6 -1 1 1 -1 7 -1 1 -1
1 -1 1 1 1 1 1 1 -1 -1 1 1 1 -1 1 1 -1 -1 1 1 -1 1 1 1 -1 8 -1 8 -1 1 -1 -1 -1 1 -1
-1 -1 -1 1 -1 -1 -1 -1 9 -1 1 1 -1 -1 -1 -1 -1 1 1 1 -1 1 1 -1 -1 8 8 8 -1 -1 10 10 10 -1 -1
11 -1 1 1 1 1 1 -1 -1 -1 -1 1 1 1 -1 -1 1 1 1 1 -1 1 1 -1 -1 8 8 8 8 -1 10 10 -1 12 12
-1 1 1 -1 1 -1 1 1 1 -1 1 1 1 1 -1 1 1 1 -1 1 1 1 1 -1 1 -1 -1 8 -1 -1 -1 -1 13 -1 -1
-1 1 1 -1 -1 -1 -1 -1 1 1 1 1 1 -1 1 1 1 -1 1 1 1 -1 -1 1 1 1 1 -1 -1 -1 -1 1 -1 14 -1
-1 1 1 1 1 1 1 1 -1 -1 1 -1 -1 1 -1 1 1 1 -1 1 1 -1 -1 1 1 -1 -1 15 -1 1 1 1 1 -1 -1
1 1 1 1 -1 -1 1 1 -1 1 1 -1 1 1 1 1 -1 1 -1 -1 1 1 1 -1 1 -1 1 -1 1 -1 1 -1 -1 16 -1
1 -1 1 1 1 1 1 1 -1 -1 1 1 1 -1 -1 -1 -1 -1 -1 -1 1 1 1 -1 1 1 1 1 1 1 1 1 1 -1 1
1 1 1 1 1 1 1 1 1 1 1 1 1 1 1 1 -1 17 -1 1 1 1 1 1 -1 1 -1 1 1 1 -1 1 -1 -1 1
1 -1 1 1 1 -1 1 -1 -1 1 -1 1 1 1 1 -1 1 -1 -1 1 1 1 1 1 -1 1 1 1 1 1 -1 1 -1 1 1
1 1 1 -1 1 -1 1 -1 -1 -1 1 -1 -1 1 1 1 1 -1 -1 1 1 1 1 1 1 1 -1 1 1 1 1 1 1 1 1
-1 -1 1 1 -1 18 -1 1 1 -1 1 1 -1 1 1 1 1 1 -1 1 -1 1 -1 1 1 1 1 1 1 1 1 1 1 -1 1
19 -1 1 1 1 -1 -1 1 1 -1 1 1 1 -1 1 -1 1 -1 -1 1 1 1 1 1 1 1 1 1 -1 1 1 -1 1 -1 1
19 19 -1 -1 1 1 1 -1 1 1 1 1 -1 20 -1 1 1 1 1 -1 1 1 1 1 1 -1 1 -1 -1 -1 1 1 1 1 -1
-1 19 19 19 -1 -1 1 1 1 1 -1 -1 21 -1 1 1 -1 -1 -1 1 1 1 1 1 1 1 1 1 1 1 1 -1 1 1 1
-1 19 -1 19 -1 1 1 1 -1 1 -1 -1 -1 22 -1 -1 -1 23 23 -1 1 1 -1 -1 -1 -1 1 -1 1 1 -1 1 1 1 -1
19 19 -1 -1 1 1 1 -1 1 1 -1 -1 -1 -1 -1 -1 -1 -1 -1 1 1 1 1 1 -1 -1 -1 1 1 -1 1 1 -1 -1 1
19 19 19 19 -1 1 -1 -1 1 -1 -1 -1 24 -1 25 25 -1 -1 26 -1 -1 1 1 1 -1 -1 1 -1 -1 1 -1 1 1 1 1
-1 19 -1 -1 -1 1 -1 -1 1 1 1 1 -1 27 -1 -1 1 1 -1 -1 28 -1 1 -1 1 -1 1 1 -1 1 1 -1 1 1 1
-1 19 19 19 19 -1 19 -1 1 1 1 -1 1 -1 -1 -1 1 1 -1 -1 28 28 -1 1 1 1 -1 1 1 1 1 1 1 1 -1
-1 -1 19 -1 19 -1 19 -1 -1 -1 1 1 1 1 1 1 1 -1 -1 1 -1 -1 -1 1 1 -1 1 1 1 -1 -1 -1 1 -1 29
19 19 19 -1 19 19 19 19 19 -1 -1 1 1 1 1 1 1 -1 1 1 1 1 1 1 1 1 1 1 1 1 1 1 1 1 -1
19 -1 19 19 -1 -1 19 19 -1 30 30 -1 -1 1 1 -1 1 1 1 1 -1 1 1 -1 1 1 1 -1 1 1 1 1 -1 -1 31
1 1 -1 1 -1 1 1 1 1 1 1 1 -1 1 1 1 1 -1 2 2 -1 2 2 2 -1 3 -1 4 -1 5 5 5 5 5 5
-1 1 1 1 -1 -1 1 -1 1 -1 1 1 1 -1 1 1 1 -1 2 -1 2 2 2 -1 6 -1 -1 4 -1 5 5 5 5 -1 5
-1 -1 1 1 1 1 1 -1 1 1 -1 1 1 1 1 -1 1 -1 2 2 2 -1 -1 4 -1 4 4 4 4 -1 5 5 5 -1 -1
7 7 -1 1 -1 1 -1 1 1 1 -1 -1 1 1 1 1 -1 -1 2 -1 -1 -1 4 4 4 -1 4 4 4 4 -1 5 5 5 -1
-1 7 -1 1 1 1 -1 1 -1 1 1 1 -1 -1 1 -1 2 2 2 -1 -1 -1 -1 4 4 4 4 4 -1 4 -1 5 5 5 5
1 -1 8 -1 1 -1 1 -1 9 -1 1 1 1 -1 -1 -1 2 2 -1 1 1 -1 -1 -1 -1 4 4 4 4 -1 -1 5 5 -1 5
1 1 -1 -1 1 1 1 1 -1 1 1 1 1 -1 -1 2 2 -1 1 1 1 1 -1 1 1 -1 4 4 -1 5 5 5 5 -1 -1
1 -1 1 1 -1 1 -1 1 -1 1 1 1 1 -1 1 -1 -1 -1 1 -1 1 -1 1 1 1 -1 4 -1 5 5 5 5 5 5 -1
1 1 1 -1 1 1 1 -1 1 1 1 1 1 -1 1 -1 1 1 -1 1 1 -1 1 1 -1 -1 -1 -1 5 5 -1 5 -1 5 -1
1 1 1 -1 -1 1 1 -1 1 1 -1 -1 -1 1 1 1 1 1 -1 1 1 1 -1 1 -1 10 -1 -1 5 -1 11 -1 12 -1 13
1 1 1 1 1 1 1 1 1 1 1 1 1 -1 1 -1 1 -1 14 -1 1 1 1 1 1 -1 1 1 -1 -1 11 -1 12 -1 13
-1 -1 -1 -1 1 1 -1 -1 1 1 1 1 -1 1 1 -1 1 1 -1 -1 -1 1 1 1 1 1 1 -1 1 1 -1 1 -1 -1 13
-1 1 1 -1 1 -1 1 1 -1 1 1 -1 -1 -1 1 1 1 -1 1 1 -1 1 1 1 1 -1 1 -1 1 1 -1 1 1 1 -1
1 1 1 1 1 1 1 1 1 -1 -1 -1 1 -1 -1 -1 1 1 1 1 1 1 1 1 1 1 -1 1 1 1 1 1 1 1 -1
-1 1 1 -1 1 1 1 1 1 -1 -1 1 1 -1 1 1 1 1 -1 1 -1 -1 1 -1 -1 -1 1 -1 -1 1 -1 1 1 1 1
1 1 1 1 -1 1 1 1 1 -1 1 1 1 -1 1 -1 -1 -1 1 1 1 1 1 1 -1 -1 1 1 -1 -1 -1 1 1 1 1
1 1 1 -1 15 -1 1 -1 -1 1 1 1 1 1 1 -1 1 1 1 1 -1 1 1 1 1 -1 1 1 -1 -1 1 1 1 1 -1
1 1 1 -1 -1 1 1 -1 1 1 1 -1 -1 -1 1 1 1 -1 -1 1 -1 -1 1 1 1 -1 1 -1 -1 1 -1 1 1 1 1
1 -1 1 1 1 1 -1 1 1 1 1 1 -1 1 1 1 -1 16 -1 1 1 -1 1 1 -1 1 1 1 1 1 1 1 -1 1 1
1 1 -1 -1 -1 1 -1 1 -1 -1 1 1 1 1 1 1 1 -1 1 1 1 1 -1 -1 1 -1 1 1 1 1 -1 1 1 -1 1
-1 1 1 -1 1 1 1 1 -1 -1 1 1 1 1 -1 1 1 1 -1 1 1 1 1 -1 1 1 1 -1 1 1 -1 -1 1 -1 1
17 -1 1 -1 1 1 -1 1 1 -1 1 1 -1 -1 1 1 -1 -1 -1 1 1 -1 1 1 1 1 -1 -1 1 1 1 -1 1 1 1
-1 1 1 1 1 -1 1 1 1 1 -1 -1 1 -1 1 1 1 -1 18 -1 1 1 1 1 1 1 1 -1 1 -1 1 -1 -1 1 1
1 1 1 1 -1 1 1 1 1 1 -1 1 1 1 -1 1 1 1 -1 1 1 1 1 1 1 1 -1 1 1 1 1 -1 1 1 1
1 1 1 1 -1 1 1 1 -1 -1 1 1 -1 1 1 1 1 1 -1 1 -1 -1 1 -1 1 -1 1 -1 1 -1 1 -1 1 -1 1
1 1 1 1 1 -1 1 1 1 1 -1 1 1 -1 1 1 1 1 1 1 -1 1 1 -1 1 1 1 1 1 1 1 -1 -1 1 1
-1 1 1 1 1 1 1 1 -1 -1 -1 -1 1 1 1 1 -1 1 1 1 1 1 1 -1 1 1 -1 1 1 1 1 1 -1 1 1
19 -1 1 -1 1 1 1 1 1 1 1 -1 -1 1 1 -1 1 1 -1 1 -1 1 1 1 -1 -1 1 -1 -1 1 -1 -1 1 1 -1
-1 -1 -1 1 -1 -1 1 -1 -1 -1 1 -1 1 1 -1 1 1 -1 -1 1 1 1 -1 1 1 1 1 1 1 1 1 1 1 1 1
1 1 -1 1 1 1 1 1 1 1 -1 -1 1 1 -1 1 1 -1 -1 1 -1 1 1 -1 -1 1 -1 1 1 1 -1 -1 -1 1 1
1 1 -1 1 -1 -1 1 -1 1 1 1 1 -1 -1 1 1 1 1 1 -1 1 1 1 1 1 -1 1 -1 -1 1 -1 20 -1 1 1
-1 1 1 1 -1 1 1 1 1 1 -1 -1 1 1 1 1 1 -1 1 1 1 -1 1 1 -1 1 1 1 1 -1 1 -1 1 1 1
1 -1 1 -1 1 1 1 -1 1 1 1 1 1 1 -1 -1 -1 -1 -1 -1 1 1 -1 1 1 1 1 1 -1 -1 1 1 1 -1 1
1 1 -1 1 1 1 1 1 1 1 -1 1 1 1 1 1 -1 1 1 1 1 1 1 1 1 -1 1 1 -1 21 -1 1 1 -1 1
-1 1 1 1 1 1 1 -1 -1 1 1 -1 -1 -1 1 1 1 -1 1 1 1 1 1 -1 1 1 1 -1 21 21 21 -1 1 1 -1
1 -1 1 -1 2 -1 2 -1 3 -1 3 3 -1 3 3 -1 3 3 -1 -1 4 -1 3 3 3 3 3 3 -1 3 3 -1 3 3 -1
1 1 1 -1 2 2 2 -1 3 3 3 3 3 3 3 -1 -1 3 3 3 -1 -1 -1 3 3 -1 3 3 -1 -1 3 3 3 -1 5
-1 -1 -1 3 -1 2 2 -1 3 -1 -1 3 3 3 -1 3 -1 3 3 3 3 3 3 3 -1 3 -1 3 3 3 3 3 -1 -1 5
3 3 3 3 -1 -1 -1 6 -1 -1 -1 3 3 -1 3 3 -1 3 -1 3 3 -1 3 3 3 3 3 3 -1 3 3 -1 5 5 5
3 3 -1 3 -1 -1 7 -1 8 8 -1 -1 3 3 3 -1 3 3 3 3 3 -1 3 -1 3 3 3 3 3 3 -1 -1 5 -1 -1
3 3 3 3 3 3 -1 8 8 -1 -1 3 3 3 3 -1 -1 3 -1 -1 -1 3 3 -1 -1 3 3 3 3 3 -1 5 5 -1 9
-1 -1 -1 3 3 3 -1 -1 -1 3 3 -1 -1 3 3 3 3 -1 3 3 3 3 3 3 3 3 3 3 3 3 -1 5 -1 9 9
3 3 -1 3 3 3 3 3 3 3 3 -1 -1 3 -1 3 -1 3 -1 -1 3 -1 3 -1 3 3 3 -1 3 3 -1 5 5 -1 9
3 3 3 3 3 3 3 -1 3 3 -1 3 3 3 3 3 3 3 -1 3 -1 -1 3 3 3 -1 -1 3 3 -1 5 5 5 -1 9
-1 -1 3 -1 -1 3 3 -1 3 -1 10 -1 3 3 3 3 3 3 3 3 -1 3 3 3 3 -1 3 3 3 -1 -1 -1 5 -1 -1
3 3 3 3 3 -1 3 -1 3 -1 -1 -1 -1 -1 -1 3 3 3 -1 3 -1 -1 3 3 -1 -1 3 3 -1 11 -1 5 5 5 5
3 3 3 3 -1 3 -1 3 3 -1 3 3 3 -1 3 -1 -1 3 3 3 3 -1 -1 3 3 3 -1 3 3 -1 -1 5 5 5 5
3 3 -1 3 3 3 3 3 3 3 -1 -1 3 -1 3 3 3 -1 -1 -1 3 -1 3 -1 3 3 -1 -1 3 3 -1 5 5 -1 -1
3 3 3 3 3 -1 3 -1 3 3 3 3 3 -1 3 -1 3 -1 3 3 3 3 3 3 3 -1 3 3 3 3 3 -1 -1 12 -1
3 3 -1 3 -1 3 3 3 3 -1 3 3 3 3 3 -1 3 -1 3 3 -1 3 -1 3 -1 -1 3 3 -1 3 -1 -1 12 12 -1
-1 3 -1 3 3 3 3 3 3 -1 3 3 3 3 3 -1 3 3 3 -1 13 -1 -1 3 3 -1 3 3 -1 -1 -1 3 -1 12 12
14 -1 3 3 -1 -1 -1 -1 3 3 3 -1 -1 3 -1 3 -1 -1 3 -1 13 -1 3 3 3 3 3 -1 -1 -1 3 3 -1 -1 -1
-1 3 3 3 -1 3 3 3 3 3 3 -1 3 -1 3 3 3 3 3 3 -1 3 3 3 3 3 3 3 3 3 -1 3 3 -1 3
3 3 3 -1 3 3 3 3 3 -1 3 3 3 -1 3 -1 -1 3 3 3 -1 3 3 3 3 -1 -1 -1 -1 3 3 3 3 3 3
3 3 -1 3 3 3 -1 -1 3 3 -1 3 3 3 3 -1 3 3 3 3 -1 3 3 -1 3 3 -1 -1 -1 3 3 3 3 -1 -1
3 3 3 3 -1 3 3 3 3 -1 3 3 3 -1 -1 -1 3 -1 3 -1 -1 3 -1 3 3 3 3 3 -1 3 -1 -1 3 -1 -1
3 3 -1 3 3 3 -1 3 3 3 3 -1 3 3 3 3 -1 -1 -1 -1 3 3 3 3 3 3 3 -1 3 3 3 3 3 3 3
3 -1 3 -1 -1 -1 3 3 3 -1 3 3 3 3 3 3 3 -1 15 15 -1 -1 3 -1 3 -1 3 3 3 -1 -1 3 3 3 3
3 3 3 3 -1 16 -1 -1 3 3 3 3 3 3 -1 -1 3 3 -1 -1 3 3 -1 3 -1 -1 -1 3 -1 -1 3 3 -1 -1 3
-1 -1 3 -1 -1 16 16 -1 3 3 3 3 3 3 3 3 3 3 3 3 3 3 3 3 -1 17 -1 -1 -1 3 3 3 3 -1 -1
-1 3 3 -1 3 -1 -1 3 3 3 3 3 3 3 -1 3 -1 3 3 3 3 -1 3 -1 -1 17 -1 -1 3 3 -1 3 3 -1 3
-1 -1 -1 3 3 3 -1 -1 3 3 3 3 3 3 3 -1 3 3 3 -1 -1 3 3 3 3 -1 3 -1 3 3 -1 3 3 3 3
3 3 3 3 3 3 -1 -1 -1 3 3 -1 3 3 3 -1 3 -1 3 3 3 -1 3 3 -1 3 3 3 3 3 -1 3 -1 3 3
3 -1 -1 3 3 -1 3 -1 3 3 3 3 3 3 -1 18 -1 3 3 -1 -1 -1 -1 3 -1 3 3 -1 3 3 3 -1 -1 -1 -1
-1 3 3 3 3 -1 3 3 -1 3 -1 3 3 -1 -1 -1 3 3 3 3 3 3 -1 -1 -1 3 3 3 3 3 -1 19 19 19 19
3 3 3 3 3 -1 3 3 3 3 3 3 -1 20 20 -1 3 -1 3 3 3 3 3 -1 3 -1 3 3 -1 -1 19 19 19 19 19
3 3 -1 -1 3 -1 -1 3 -1 3 3 -1 20 20 20 -1 -1 3 3 3 3 3 3 3 3 3 -1 3 -1 19 19 19 -1 -1 -1
-1 -1 -1 3 3 -1 3 3 3 3 3 3 -1 20 20 20 20 -1 -1 -1 3 -1 -1 3 3 3 -1 -1 -1 -1 19 -1 19 19 -1
3 3 3 3 -1 3 3 3 -1 3 3 -1 20 20 20 20 -1 21 -1 3 3 -1 22 -1 -1 3 3 -1 -1 19 19 19 19 19 -1
-1 -1 -1 3 3 3 -1 3 3 -1 3 -1 20 20 -1 20 -1 21 21 -1 3 -1 22 -1 -1 3 -1 -1 19 19 19 19 19 19 19
1 1 1 1 1 -1 1 -1 2 -1 2 2 2 2 -1 2 2 -1 2 -1 2 -1 2 -1 -1 -1 -1 2 -1 -1 -1 2 2 2 2
-1 -1 -1 1 1 1 1 -1 2 2 -1 2 2 2 2 2 2 2 2 2 2 -1 2 2 -1 -1 -1 2 2 2 -1 -1 -1 2 -1
-1 1 1 1 -1 1 -1 3 -1 2 2 2 2 2 2 2 2 -1 -1 2 2 2 2 2 2 -1 2 2 -1 2 -1 -1 -1 2 2
-1 -1 1 1 -1 1 1 -1 -1 -1 -1 2 -1 2 -1 2 -1 4 -1 2 2 2 2 -1 -1 2 2 2 -1 2 2 2 2 2 -1
-1 5 -1 1 1 1 1 1 1 1 -1 -1 6 -1 7 -1 4 4 4 -1 2 2 2 2 -1 -1 -1 2 -1 2 2 2 2 2 2
-1 -1 1 1 -1 1 1 -1 1 -1 6 6 6 6 -1 6 -1 4 -1 8 -1 2 -1 2 2 -1 -1 2 -1 2 2 2 2 -1 2
-1 1 -1 1 1 1 1 -1 -1 -1 -1 6 6 6 -1 6 6 -1 8 8 -1 2 2 -1 2 -1 2 2 -1 2 2 -1 2 -1 -1
1 1 -1 1 1 1 -1 9 -1 -1 -1 6 -1 6 6 6 -1 8 8 -1 -1 2 2 2 2 -1 2 -1 2 2 2 -1 2 2 2
1 1 1 1 -1 1 -1 9 9 9 -1 -1 -1 -1 -1 -1 -1 -1 -1 2 2 2 2 2 2 2 -1 10 -1 -1 2 2 2 2 -1
-1 1 1 -1 1 1 1 -1 -1 -1 -1 11 11 -1 -1 2 2 -1 -1 2 -1 -1 2 2 2 -1 12 -1 2 2 2 -1 -1 2 2
1 1 1 1 -1 1 -1 -1 13 13 13 -1 11 -1 2 2 2 2 -1 -1 2 2 2 -1 2 2 -1 -1 -1 2 2 2 -1 2 -1
1 -1 -1 1 -1 1 -1 1 -1 -1 13 13 -1 2 2 2 2 2 -1 14 -1 -1 -1 2 -1 2 2 2 2 -1 -1 2 2 2 2
1 -1 -1 1 1 1 1 1 1 -1 -1 -1 -1 -1 2 -1 2 2 -1 -1 2 2 2 2 -1 -1 2 2 -1 15 -1 2 2 2 -1
-1 -1 1 1 -1 1 -1 1 -1 2 2 2 2 -1 2 -1 -1 -1 2 2 2 -1 2 2 2 2 2 2 -1 15 -1 2 -1 -1 -1
-1 1 1 1 1 1 1 1 -1 -1 2 -1 2 -1 2 2 -1 16 -1 2 2 -1 2 2 2 2 2 2 2 -1 2 2 -1 -1 17
1 1 -1 -1 -1 -1 1 1 1 -1 -1 2 2 -1 2 2 -1 -1 2 2 2 2 2 2 -1 -1 2 -1 -1 -1 2 -1 2 -1 -1
1 -1 -1 18 18 -1 1 -1 -1 -1 2 -1 2 2 -1 2 2 2 2 2 -1 2 -1 2 2 -1 2 2 -1 -1 2 2 2 -1 -1
1 -1 18 18 -1 -1 1 -1 -1 2 2 2 2 2 2 2 2 2 2 2 2 2 -1 -1 2 2 -1 2 2 2 2 -1 -1 2 2
1 1 -1 18 -1 -1 -1 2 2 2 -1 -1 2 2 2 2 -1 -1 2 -1 2 -1 -1 19 -1 2 -1 2 2 2 -1 -1 2 2 2
-1 -1 20 -1 2 2 2 2 2 2 -1 -1 2 2 2 2 -1 2 2 -1 2 2 -1 -1 2 2 2 2 2 2 -1 21 -1 2 2
2 2 -1 2 2 2 2 -1 2 2 2 -1 -1 2 -1 2 2 -1 2 2 2 -1 2 2 2 -1 2 2 2 -1 -1 -1 22 -1 2
2 2 -1 -1 -1 2 2 2 2 2 -1 -1 2 2 -1 -1 2 2 -1 -1 2 2 2 -1 -1 2 2 -1 2 2 -1 2 -1 -1 2
2 2 2 2 2 2 -1 -1 2 2 2 2 -1 -1 -1 23 -1 -1 -1 2 2 -1 -1 2 -1 -1 -1 24 -1 2 2 2 -1 2 2
-1 2 2 2 -1 2 2 -1 2 -1 -1 2 2 2 2 -1 2 2 -1 2 -1 -1 2 2 -1 -1 2 -1 2 2 2 2 2 2 2
-1 2 -1 -1 -1 2 2 2 -1 2 -1 2 -1 -1 -1 2 2 2 2 2 2 2 2 2 2 2 2 2 2 2 2 2 -1 -1 -1
2 2 2 2 2 2 2 2 2 2 2 -1 -1 2 2 2 -1 -1 2 -1 2 -1 2 -1 -1 2 2 2 2 2 2 2 2 -1 -1
-1 -1 -1 2 -1 -1 2 -1 -1 2 2 2 2 2 2 -1 2 2 2 2 2 2 -1 25 -1 -1 -1 -1 2 -1 2 2 2 2 2
-1 2 -1 -1 2 -1 -1 2 2 2 -1 -1 2 2 -1 2 -1 2 2 2 -1 -1 2 -1 -1 2 2 2 2 -1 -1 2 2 -1 2
-1 2 2 2 2 2 -1 -1 -1 -1 -1 2 -1 -1 -1 2 2 2 2 2 2 2 2 2 2 -1 2 2 2 2 2 -1 2 2 -1
2 2 -1 2 2 -1 26 -1 -1 -1 2 2 2 2 2 2 -1 2 2 2 2 2 2 -1 -1 -1 2 2 -1 2 -1 27 -1 2 2
2 -1 2 -1 2 2 -1 28 28 28 -1 2 2 2 2 2 2 2 -1 2 2 2 2 2 -1 29 -1 2 -1 2 2 -1 2 2 -1
2 2 2 -1 -1 2 2 -1 -1 -1 -1 -1 -1 -1 2 2 -1 -1 -1 -1 -1 2 -1 2 -1 -1 2 2 2 -1 2 2 2 -1 30
2 -1 2 2 2 2 2 2 -1 -1 2 2 2 2 2 2 2 -1 2 2 -1 2 -1 2 -1 -1 2 2 -1 -1 2 2 2 2 -1
2 -1 -1 2 -1 2 2 2 2 -1 2 2 -1 -1 2 -1 2 2 2 2 -1 2 2 2 2 2 2 2 -1 -1 2 2 -1 -1 31
2 2 2 -1 -1 2 2 -1 2 2 2 2 2 2 -1 -1 2 2 2 -1 -1 2 -1 -1 -1 2 -1 -1 2 2 2 -1 32 -1 -1
1 1 1 1 1 1 1 -1 2 2 -1 3 3 3 3 3 3 3 -1 4 4 4 4 -1 4 4 4 4 -1 4 -1 -1 -1 4 4
1 1 -1 1 -1 1 -1 -1 -1 2 -1 3 3 -1 -1 -1 -1 3 -1 -1 4 -1 4 -1 4 -1 4 -1 4 4 4 4 -1 4 4
-1 1 1 1 1 1 1 1 1 -1 3 3 -1 4 4 -1 3 3 3 -1 4 4 -1 4 4 -1 4 4 4 4 -1 4 4 4 4
-1 1 1 -1 1 -1 1 -1 -1 -1 -1 3 -1 4 -1 5 -1 3 -1 6 -1 4 4 4 4 4 4 4 4 4 4 4 -1 4 4
1 1 1 -1 -1 4 -1 4 -1 -1 7 -1 -1 4 -1 -1 8 -1 6 6 -1 4 4 4 4 4 4 4 4 4 4 -1 -1 4 4
-1 1 -1 9 -1 4 4 4 4 -1 -1 4 4 4 -1 4 -1 -1 -1 6 -1 4 4 4 4 4 -1 4 -1 4 4 -1 4 -1 4
4 -1 -1 9 -1 4 4 -1 -1 4 4 -1 4 4 4 4 4 -1 -1 -1 -1 -1 -1 -1 4 4 -1 4 4 4 4 -1 4 4 4
4 -1 -1 9 -1 -1 4 4 4 4 4 4 4 -1 -1 -1 4 4 4 -1 4 4 4 4 4 4 4 4 4 -1 4 4 4 4 4
4 4 -1 -1 -1 4 4 4 -1 4 4 4 4 4 4 4 4 -1 -1 -1 4 4 4 4 4 4 -1 4 -1 -1 -1 4 -1 -1 4
4 4 4 -1 4 4 4 4 4 -1 4 4 4 4 4 4 -1 -1 4 -1 -1 -1 4 -1 4 4 -1 4 4 4 -1 4 -1 10 -1
-1 4 4 4 4 4 4 -1 4 4 -1 4 -1 -1 -1 4 4 4 4 4 4 -1 4 4 -1 4 -1 -1 -1 -1 11 -1 12 -1 13
-1 4 4 -1 4 -1 4 4 4 4 4 -1 4 4 4 4 -1 4 4 -1 4 4 4 -1 4 -1 4 4 4 -1 -1 14 -1 -1 -1
4 -1 4 -1 4 4 -1 4 4 4 4 4 4 4 4 -1 4 4 4 4 4 4 4 4 4 4 4 4 4 -1 -1 14 -1 -1 -1
4 4 -1 -1 4 4 4 4 4 4 4 -1 -1 -1 4 -1 4 4 4 4 4 -1 4 -1 4 -1 -1 -1 4 4 -1 -1 -1 15 15
4 4 -1 -1 4 -1 4 -1 4 -1 4 4 4 4 4 4 4 -1 4 4 4 4 4 4 4 4 4 -1 4 4 4 4 -1 15 15
-1 4 -1 4 4 4 4 4 4 -1 -1 -1 4 4 4 4 4 4 4 4 -1 -1 4 4 4 -1 4 4 -1 -1 4 4 -1 15 15
4 4 4 4 -1 -1 -1 4 4 -1 4 4 4 4 4 -1 4 4 4 4 4 4 -1 4 4 4 4 4 -1 -1 -1 -1 -1 -1 -1
4 -1 4 -1 -1 16 -1 4 4 -1 -1 4 4 4 4 -1 4 4 4 4 4 4 4 4 4 -1 -1 -1 17 -1 18 -1 -1 19 19
-1 -1 -1 20 20 -1 4 4 4 -1 -1 4 4 4 -1 21 -1 4 4 -1 4 4 4 4 4 -1 -1 17 17 17 -1 -1 22 -1 19
-1 20 20 20 -1 4 4 -1 4 4 4 4 4 4 4 -1 4 4 4 -1 4 4 4 -1 -1 23 -1 17 17 17 17 17 -1 24 -1
-1 20 -1 -1 -1 4 4 -1 -1 4 4 -1 4 4 -1 4 4 -1 4 -1 -1 4 4 4 4 -1 -1 -1 -1 -1 -1 -1 -1 -1 25
-1 -1 -1 4 4 -1 4 4 -1 -1 4 4 -1 -1 -1 4 4 4 -1 26 26 -1 4 4 4 4 -1 -1 4 -1 4 4 4 4 -1
-1 4 4 -1 4 4 4 4 4 -1 -1 4 4 4 -1 4 -1 -1 4 -1 -1 -1 -1 4 -1 4 4 4 4 4 4 -1 4 4 4
4 4 4 4 -1 4 4 4 4 4 4 4 4 -1 4 4 -1 4 4 4 4 4 4 4 -1 -1 4 4 -1 4 -1 -1 4 4 -1
4 -1 4 4 4 4 -1 -1 4 4 -1 4 4 -1 -1 4 4 4 4 4 -1 4 -1 -1 4 -1 4 4 -1 -1 4 -1 4 -1 27
4 4 -1 4 4 4 -1 4 4 -1 4 -1 4 -1 -1 4 4 -1 4 4 -1 -1 28 -1 4 4 -1 4 4 4 4 4 -1 27 27
-1 4 -1 4 4 4 4 4 4 -1 4 4 -1 4 4 4 4 -1 4 4 -1 -1 -1 -1 4 4 4 4 4 4 -1 4 -1 27 27
4 4 4 4 -1 -1 -1 4 -1 4 4 -1 -1 4 4 4 4 4 4 4 4 4 -1 4 4 4 4 4 -1 4 4 -1 29 -1 27
4 4 4 -1 -1 4 4 -1 4 4 4 4 4 4 -1 4 4 4 -1 4 -1 4 4 4 4 4 4 4 4 4 4 4 -1 -1 27
-1 4 4 4 4 -1 4 4 4 -1 4 4 4 -1 4 4 4 4 -1 4 -1 4 4 -1 4 4 -1 -1 4 -1 -1 -1 30 30 -1
-1 -1 4 -1 4 4 4 4 4 -1 -1 4 4 4 4 -1 4 4 4 4 -1 4 4 -1 4 4 4 4 -1 31 -1 32 -1 30 -1
4 4 4 4 4 4 4 4 4 4 4 -1 4 4 -1 4 4 4 4 -1 -1 -1 4 4 4 4 -1 4 -1 31 -1 -1 30 30 30
4 -1 4 4 4 -1 -1 4 4 4 4 4 4 4 -1 -1 -1 4 4 4 -1 33 -1 4 -1 4 4 4 -1 -1 30 30 30 30 -1
4 4 4 -1 4 4 4 4 4 4 4 4 -1 -1 34 -1 4 4 4 4 -1 33 33 -1 4 4 4 4 -1 -1 -1 30 -1 30 30
4 -1 4 -1 4 -1 -1 4 -1 4 -1 4 4 -1 -1 4 4 4 -1 4 4 -1 -1 -1 -1 4 -1 -1 30 30 30 30 -1 30 30
1 -1 1 -1 2 2 2 -1 3 3 -1 4 -1 1 1 -1 -1 5 5 5 5 5 -1 -1 -1 6 -1 1 -1 1 -1 1 1 1 1
1 1 1 1 -1 -1 -1 -1 -1 -1 -1 -1 -1 1 -1 1 1 -1 -1 5 -1 -1 1 1 1 -1 1 1 1 1 1 1 1 1 1
-1 1 -1 1 1 -1 1 1 1 1 1 1 1 1 -1 1 -1 1 1 -1 -1 1 1 -1 1 1 -1 1 -1 1 -1 1 1 1 1
7 -1 -1 -1 1 1 1 -1 1 1 -1 -1 1 1 1 1 -1 1 1 1 1 1 1 1 -1 -1 -1 1 1 1 1 -1 1 1 1
-1 -1 1 -1 1 -1 1 -1 1 -1 1 -1 -1 1 -1 -1 1 1 1 1 1 1 -1 1 1 1 1 -1 -1 1 1 1 -1 1 -1
-1 1 1 1 1 1 1 -1 1 -1 1 1 -1 -1 8 8 -1 1 1 1 1 -1 1 1 1 -1 -1 9 -1 1 1 -1 10 -1 11
1 1 -1 1 -1 1 1 1 -1 -1 1 1 1 -1 -1 -1 1 -1 -1 -1 1 1 1 -1 -1 12 -1 9 9 -1 1 1 -1 11 11
1 -1 -1 1 1 -1 -1 -1 -1 -1 -1 1 1 -1 1 1 1 1 1 -1 -1 1 1 -1 1 -1 -1 9 9 9 -1 1 1 -1 -1
-1 13 13 -1 1 1 -1 1 1 1 1 1 1 1 1 1 1 1 -1 14 -1 1 1 1 1 1 1 -1 9 -1 1 1 1 1 -1
15 -1 13 -1 1 1 1 1 -1 -1 -1 -1 -1 -1 1 1 1 1 1 -1 16 -1 -1 -1 -1 1 1 1 -1 1 1 1 -1 1 1
-1 1 -1 1 1 1 -1 1 1 -1 1 1 1 1 1 -1 1 -1 1 -1 -1 17 17 -1 1 1 1 1 -1 1 -1 1 1 1 -1
1 1 -1 -1 1 1 1 -1 1 1 -1 -1 1 -1 1 1 -1 1 1 -1 -1 17 17 -1 1 -1 -1 1 1 1 -1 -1 -1 -1 18
-1 1 1 1 -1 -1 -1 1 1 1 1 1 -1 1 1 -1 -1 1 1 1 -1 -1 -1 -1 1 1 -1 1 1 1 -1 -1 1 1 -1
1 1 1 -1 19 -1 1 1 1 1 1 1 1 -1 1 -1 1 1 1 1 1 -1 20 -1 1 1 1 -1 -1 1 1 1 1 1 1
1 1 1 1 -1 1 1 1 1 -1 1 1 1 1 -1 -1 1 1 1 -1 1 -1 -1 1 1 1 1 1 1 1 1 1 1 1 -1
1 1 1 1 -1 1 1 1 1 -1 1 -1 1 1 1 -1 1 -1 -1 1 1 1 1 1 1 1 1 1 -1 -1 1 1 1 1 1
-1 1 1 1 1 -1 1 1 -1 -1 1 1 -1 1 1 1 -1 1 1 -1 -1 -1 1 1 -1 -1 1 1 -1 -1 -1 -1 1 1 -1
-1 1 1 -1 -1 1 -1 1 1 -1 -1 1 1 1 1 -1 1 1 1 1 1 1 -1 1 1 -1 1 1 1 1 1 -1 -1 1 -1
1 1 -1 -1 1 1 1 1 1 1 -1 1 1 -1 1 1 1 -1 1 1 -1 -1 1 1 -1 1 -1 1 -1 -1 -1 1 1 1 -1
-1 1 1 -1 1 -1 -1 1 1 -1 1 -1 -1 -1 -1 1 1 -1 1 1 1 1 -1 1 -1 1 1 1 -1 1 1 1 -1 1 1
1 1 1 1 1 1 1 -1 1 -1 1 -1 1 -1 -1 -1 1 1 -1 1 1 1 -1 1 -1 -1 -1 1 1 1 -1 -1 21 -1 -1
-1 1 1 1 1 1 -1 1 -1 1 1 1 1 -1 1 -1 -1 1 -1 1 1 -1 1 -1 1 1 1 1 1 -1 22 -1 21 -1 -1
23 -1 1 1 -1 1 -1 1 -1 1 -1 -1 1 1 1 1 -1 -1 1 1 1 -1 1 1 1 1 1 -1 -1 24 -1 25 -1 25 25
-1 -1 1 -1 1 1 1 1 1 1 1 1 1 -1 1 1 -1 1 1 -1 1 1 1 1 1 -1 -1 25 25 -1 25 25 -1 25 -1
1 1 -1 1 1 -1 1 1 -1 1 1 1 1 1 1 -1 1 -1 -1 1 1 -1 -1 1 -1 25 25 25 25 25 25 25 25 25 25
-1 1 -1 -1 1 1 1 -1 -1 1 1 -1 1 1 1 1 1 -1 1 -1 1 -1 1 -1 25 25 25 -1 -1 -1 -1 -1 25 25 25
1 1 -1 26 -1 1 1 1 1 1 1 1 1 -1 1 1 -1 -1 1 1 1 -1 1 1 -1 25 -1 25 25 25 25 -1 25 25 25
1 1 1 -1 -1 1 1 -1 1 1 1 -1 -1 27 -1 1 1 -1 -1 1 -1 1 -1 1 1 -1 25 25 25 25 25 25 25 25 -1
1 -1 1 -1 1 1 -1 -1 -1 -1 1 1 1 -1 -1 -1 -1 1 1 -1 1 1 1 1 -1 28 -1 -1 25 -1 25 25 25 25 25
1 1 -1 1 1 -1 -1 1 1 1 1 -1 1 1 -1 -1 1 1 1 1 1 -1 1 1 1 -1 25 -1 25 25 25 25 25 25 -1
1 -1 1 1 1 1 1 1 1 -1 -1 1 1 -1 -1 1 1 -1 -1 -1 1 1 1 1 -1 25 25 25 25 -1 25 25 25 25 25
1 1 1 1 -1 -1 1 -1 1 -1 -1 -1 1 1 -1 -1 1 -1 -1 29 -1 1 1 1 -1 25 25 25 25 25 -1 25 -1 25 -1
-1 1 -1 1 1 1 1 1 -1 -1 30 30 -1 1 1 1 1 1 1 -1 1 1 -1 1 -1 -1 -1 -1 25 -1 25 25 25 25 -1
1 1 -1 -1 1 1 1 -1 -1 30 30 30 30 -1 -1 1 1 -1 -1 1 -1 -1 1 1 -1 31 31 31 -1 25 25 25 25 -1 -1
1 1 1 1 1 -1 1 -1 32 -1 30 30 -1 1 1 1 -1 -1 -1 1 1 1 1 1 -1 31 -1 -1 25 25 -1 25 25 -1 -1
