35 20
-1 -1 -1 1 1 -1 1 1 -1 2 2 -1 -1 1 -1 1 1 -1 3 3 3 -1 -1 4 4 -1 -1 -1 5 -1 -1 -1 -1 6 6
-1 1 -1 -1 1 1 1 1 -1 -1 -1 1 -1 1 1 1 1 -1 -1 -1 3 3 -1 -1 4 4 -1 -1 -1 -1 6 6 6 -1 6
7 -1 1 1 1 -1 -1 1 1 1 1 1 -1 -1 1 -1 -1 -1 -1 4 -1 -1 -1 -1 4 4 -1 6 6 6 6 -1 -1 -1 -1
-1 -1 -1 1 -1 1 1 1 1 -1 1 1 -1 -1 1 1 -1 4 4 4 4 -1 4 -1 4 -1 -1 -1 -1 -1 -1 1 1 1 -1
1 1 -1 -1 -1 1 1 -1 1 1 1 -1 -1 -1 1 1 1 -1 -1 4 4 4 -1 4 4 4 4 -1 -1 -1 -1 1 -1 -1 -1
1 1 1 1 1 -1 1 1 -1 -1 -1 1 1 1 1 1 1 -1 4 -1 4 4 4 -1 -1 4 4 -1 1 1 1 1 1 1 1
-1 -1 -1 -1 1 1 1 -1 -1 8 8 -1 1 -1 -1 -1 -1 -1 -1 4 4 -1 -1 -1 4 4 -1 -1 1 -1 1 1 1 1 1
9 -1 1 1 1 -1 -1 8 -1 8 8 -1 1 1 1 1 -1 4 4 -1 4 -1 -1 -1 -1 -1 -1 -1 1 -1 1 1 -1 -1 -1
-1 -1 -1 1 1 1 1 -1 8 8 -1 -1 1 1 1 1 -1 -1 -1 4 -1 4 4 -1 1 1 1 -1 1 -1 1 1 1 -1 -1
1 1 1 -1 1 -1 -1 8 -1 -1 1 -1 1 1 1 1 -1 -1 4 4 4 4 -1 -1 -1 1 -1 1 -1 1 1 1 -1 10 -1
1 -1 -1 1 -1 1 1 -1 -1 -1 1 1 1 1 1 1 1 1 -1 -1 4 -1 -1 1 1 -1 1 1 1 -1 -1 -1 -1 10 -1
1 -1 -1 1 -1 1 -1 -1 11 -1 -1 -1 -1 -1 1 -1 1 1 1 -1 -1 1 1 1 1 -1 -1 1 1 1 -1 -1 10 -1 12
1 -1 1 1 1 1 -1 -1 11 -1 13 13 -1 1 1 -1 1 1 -1 1 1 1 -1 -1 -1 -1 1 1 1 1 1 -1 -1 -1 -1
-1 1 -1 1 1 -1 14 -1 -1 13 -1 -1 -1 1 1 -1 -1 1 1 -1 -1 -1 15 -1 1 -1 -1 1 -1 1 -1 16 16 -1 17
-1 1 1 1 -1 -1 14 -1 18 -1 13 13 -1 -1 1 1 1 1 1 1 -1 -1 -1 -1 1 1 -1 1 1 -1 -1 -1 -1 -1 17
1 1 -1 -1 -1 -1 -1 -1 -1 13 13 -1 1 1 -1 1 1 -1 1 1 -1 1 1 1 1 1 1 -1 -1 1 -1 1 -1 -1 17
-1 1 -1 1 1 1 -1 1 1 -1 -1 -1 1 -1 -1 1 -1 1 1 1 -1 1 -1 1 -1 1 1 1 1 1 1 1 -1 -1 17
1 -1 -1 -1 1 1 1 -1 -1 1 -1 -1 1 1 -1 1 -1 1 1 1 1 1 1 -1 -1 1 -1 -1 1 1 1 1 1 -1 -1
-1 1 -1 1 -1 1 1 1 1 -1 1 1 1 1 -1 1 -1 1 1 -1 -1 -1 1 -1 -1 1 1 -1 1 -1 -1 -1 1 1 -1
1 1 1 1 1 1 -1 1 1 1 -1 1 -1 1 1 1 1 -1 1 1 1 1 1 -1 1 -1 1 1 1 -1 -1 -1 1 -1 1
1 -1 -1 -1 1 -1 -1 -1 -1 -1 -1 -1 -1 1 -1 1 1 1 -1 1 -1 -1 1 1 1 1 -1 1 1 -1 -1 19 -1 1 1
-1 1 1 1 -1 -1 1 -1 -1 -1 -1 1 1 -1 1 -1 -1 1 1 -1 1 -1 1 1 -1 1 1 1 -1 19 19 -1 -1 1 1
1 1 1 -1 -1 1 1 1 1 -1 -1 -1 1 -1 1 -1 -1 -1 -1 1 1 1 -1 1 1 1 1 1 -1 19 -1 -1 -1 -1 -1
-1 1 -1 20 -1 -1 1 -1 1 -1 1 1 -1 -1 -1 -1 -1 1 1 -1 1 1 1 -1 1 1 1 -1 -1 -1 21 -1 21 -1 21
22 -1 -1 20 20 -1 1 1 -1 -1 1 1 1 1 1 1 1 1 -1 1 -1 1 1 1 1 1 -1 -1 -1 21 21 21 21 -1 21
-1 23 -1 20 -1 1 1 -1 -1 1 -1 1 1 -1 1 -1 1 1 1 1 1 -1 1 -1 -1 1 -1 -1 -1 -1 -1 21 21 21 -1
24 -1 -1 -1 -1 1 1 1 1 1 1 1 1 1 1 1 -1 -1 1 -1 1 -1 -1 1 -1 -1 1 1 1 1 1 -1 21 21 -1
-1 25 -1 25 -1 1 1 1 1 -1 -1 1 -1 1 1 -1 1 1 1 1 -1 -1 -1 -1 26 -1 -1 1 1 1 1 -1 -1 -1 -1
25 25 -1 25 25 -1 -1 1 1 1 -1 1 -1 -1 -1 1 -1 1 -1 -1 -1 26 -1 26 26 -1 -1 1 -1 1 1 -1 -1 1 1
25 25 25 -1 -1 -1 1 -1 1 1 1 -1 -1 -1 -1 -1 -1 1 -1 -1 26 26 26 26 26 -1 1 -1 -1 -1 1 1 1 -1 -1
25 25 -1 25 -1 1 1 1 -1 1 -1 1 -1 1 1 -1 -1 -1 -1 26 26 26 26 26 -1 -1 -1 -1 -1 -1 -1 -1 1 -1 -1
25 25 25 -1 1 -1 1 -1 -1 1 -1 1 1 1 -1 27 27 27 -1 -1 -1 26 26 -1 26 26 26 26 26 26 -1 -1 1 -1 -1
-1 -1 -1 25 -1 -1 -1 1 1 -1 1 -1 -1 1 1 -1 27 27 -1 -1 26 26 26 26 26 26 -1 26 26 26 -1 28 -1 -1 28
25 25 25 -1 25 25 -1 1 -1 1 1 1 1 1 -1 27 27 27 -1 26 26 -1 26 -1 26 26 -1 -1 -1 26 -1 28 28 28 28
25 25 25 25 25 -1 25 -1 -1 -1 1 -1 1 -1 -1 -1 -1 27 -1 -1 26 -1 -1 -1 26 26 -1 -1 29 -1 26 -1 28 -1 -1
-1 1 1 -1 1 -1 1 1 -1 1 1 -1 -1 2 -1 2 -1 1 1 -1 -1 -1 1 1 -1 1 1 -1 1 -1 -1 3 -1 3 -1
1 -1 1 1 1 -1 -1 1 1 1 -1 1 -1 2 2 -1 -1 1 -1 1 1 1 -1 -1 -1 1 1 1 1 1 -1 3 3 -1 4
-1 -1 -1 1 1 1 -1 1 -1 -1 1 1 1 -1 -1 -1 1 1 1 -1 -1 1 1 -1 1 1 1 -1 -1 -1 1 -1 3 3 -1
-1 1 1 -1 -1 -1 1 1 1 -1 1 -1 1 1 -1 1 -1 1 1 1 -1 -1 1 1 1 1 1 -1 -1 -1 -1 -1 -1 3 3
5 -1 1 1 1 -1 1 1 -1 1 1 -1 1 -1 1 1 1 1 1 -1 1 1 1 -1 -1 -1 1 1 1 -1 -1 -1 -1 3 3
-1 1 1 1 1 -1 -1 -1 -1 -1 1 -1 1 1 -1 1 1 1 1 1 1 1 -1 1 -1 1 -1 -1 1 1 1 -1 3 3 3
1 1 -1 1 -1 1 1 -1 -1 -1 -1 1 1 1 1 -1 -1 -1 -1 1 1 1 1 -1 1 1 -1 -1 -1 -1 -1 -1 3 -1 -1
1 -1 1 1 -1 1 1 -1 6 -1 -1 -1 -1 -1 -1 -1 -1 1 1 -1 -1 -1 -1 1 -1 1 -1 -1 7 7 -1 -1 -1 1 1
-1 -1 1 1 -1 1 1 -1 -1 6 6 -1 -1 1 -1 -1 1 1 -1 1 -1 1 1 -1 1 -1 1 1 -1 -1 -1 -1 -1 1 1
8 -1 1 -1 1 -1 -1 6 6 -1 -1 -1 1 1 -1 1 1 1 1 1 1 -1 -1 1 -1 -1 1 1 1 1 -1 1 -1 1 1
8 -1 -1 1 1 -1 -1 -1 6 6 -1 1 -1 1 -1 -1 1 -1 1 1 -1 1 -1 -1 1 1 -1 1 1 1 -1 -1 1 1 -1
-1 1 1 -1 1 1 -1 -1 -1 -1 -1 1 1 1 1 -1 1 1 -1 -1 1 1 -1 1 1 -1 1 1 1 -1 -1 -1 -1 1 -1
-1 1 1 -1 1 -1 -1 -1 -1 1 1 1 1 1 1 1 1 -1 1 1 -1 -1 -1 1 1 1 -1 1 1 1 1 1 1 1 -1
1 1 -1 1 -1 1 -1 1 1 1 1 -1 1 1 1 -1 1 1 1 1 1 -1 1 1 1 1 1 1 -1 1 -1 -1 1 -1 -1
1 1 -1 1 1 1 1 1 1 -1 1 1 -1 1 -1 -1 1 -1 -1 -1 -1 1 1 -1 1 1 1 1 1 1 -1 1 1 -1 1
1 1 -1 1 1 1 -1 -1 -1 1 1 1 1 -1 -1 -1 -1 1 -1 1 1 -1 1 1 -1 1 1 -1 -1 1 -1 1 1 -1 1
-1 -1 -1 1 -1 -1 1 -1 -1 -1 -1 1 1 -1 1 -1 -1 1 1 1 1 -1 1 -1 -1 -1 1 -1 1 1 -1 -1 1 1 1
-1 -1 -1 1 -1 -1 1 -1 1 1 -1 -1 1 1 -1 1 -1 -1 1 1 1 1 -1 1 -1 1 1 1 1 -1 -1 1 1 1 -1
1 1 1 -1 1 1 -1 1 -1 1 1 -1 -1 1 1 1 -1 -1 1 1 1 1 1 1 1 1 1 1 1 1 1 1 1 -1 1
-1 -1 1 -1 -1 1 1 -1 1 1 1 -1 -1 1 -1 -1 -1 -1 -1 1 -1 1 -1 -1 1 -1 -1 1 1 -1 1 -1 1 -1 -1
-1 1 1 1 -1 1 -1 -1 1 -1 -1 -1 -1 1 -1 1 1 1 -1 -1 1 1 -1 -1 1 -1 1 -1 -1 1 -1 1 1 1 1
-1 -1 1 -1 -1 -1 -1 1 -1 1 1 -1 -1 1 1 -1 1 -1 1 -1 1 1 1 -1 1 -1 1 1 -1 1 1 1 1 1 -1
-1 -1 1 1 -1 -1 -1 -1 1 1 1 -1 1 1 -1 -1 -1 -1 1 -1 -1 1 -1 1 1 1 -1 -1 1 1 1 -1 1 -1 -1
1 1 -1 1 -1 -1 -1 1 1 1 1 1 1 -1 -1 -1 1 1 1 1 -1 -1 -1 -1 1 1 1 1 1 1 -1 1 -1 1 -1
1 1 1 -1 1 1 1 -1 1 1 1 1 -1 -1 -1 1 1 1 1 1 1 -1 1 1 1 1 1 -1 1 -1 1 -1 1 1 -1
1 1 -1 -1 1 1 -1 1 1 -1 1 -1 -1 -1 -1 1 -1 1 1 -1 -1 -1 1 -1 -1 1 1 1 1 1 -1 -1 -1 -1 9
1 -1 -1 -1 1 -1 1 1 -1 -1 1 1 -1 -1 1 1 1 -1 1 -1 1 -1 1 -1 1 1 -1 1 -1 1 -1 10 10 10 -1
1 1 1 -1 1 1 1 -1 -1 -1 1 1 1 1 -1 -1 -1 -1 -1 1 1 -1 1 1 1 -1 -1 -1 -1 1 -1 -1 -1 -1 -1
-1 -1 -1 -1 -1 -1 1 1 -1 1 -1 -1 1 1 -1 1 1 1 1 1 1 -1 1 1 -1 -1 -1 -1 1 -1 1 -1 1 1 1
-1 11 -1 -1 1 1 -1 -1 1 1 1 -1 -1 1 -1 1 -1 1 1 -1 -1 1 -1 1 1 1 -1 1 1 1 1 1 1 -1 -1
-1 11 -1 11 -1 1 1 1 -1 1 -1 1 -1 1 1 1 -1 -1 1 1 -1 1 1 -1 1 -1 -1 1 -1 1 1 1 -1 -1 -1
11 11 11 -1 -1 1 1 1 -1 -1 1 1 1 1 -1 1 -1 -1 1 1 -1 -1 1 -1 -1 -1 -1 1 -1 -1 -1 -1 12 12 12
11 -1 -1 11 -1 1 1 1 -1 1 1 -1 1 1 1 1 -1 1 -1 -1 -1 -1 1 1 1 -1 -1 -1 1 1 -1 -1 12 -1 12
11 -1 -1 11 -1 -1 -1 1 1 -1 1 -1 1 1 -1 -1 1 -1 -1 1 1 1 1 1 -1 -1 -1 1 1 -1 12 12 12 -1 -1
11 -1 -1 11 -1 -1 -1 1 1 1 -1 -1 -1 -1 -1 1 1 1 1 1 1 1 -1 -1 1 1 1 -1 1 1 -1 12 12 12 12
-1 1 -1 1 -1 2 2 2 -1 -1 2 -1 2 2 2 -1 -1 2 -1 -1 2 2 -1 2 2 -1 -1 -1 -1 2 -1 -1 3 -1 4
-1 1 1 -1 -1 -1 -1 2 2 2 -1 -1 -1 -1 2 2 2 2 2 2 -1 2 2 2 2 2 -1 2 2 -1 -1 -1 -1 -1 -1
-1 1 1 1 -1 2 2 2 2 2 2 -1 2 -1 2 2 -1 -1 2 -1 2 2 2 -1 2 -1 2 2 2 -1 2 2 2 2 2
1 1 -1 -1 2 2 -1 -1 2 2 2 -1 2 2 -1 2 -1 2 2 -1 -1 -1 2 2 -1 2 -1 -1 2 -1 -1 2 -1 2 2
1 1 1 1 -1 2 -1 2 2 2 -1 2 2 2 2 2 2 -1 -1 -1 -1 2 2 2 2 2 -1 5 -1 2 2 2 2 2 -1
-1 -1 -1 1 -1 2 2 2 -1 -1 -1 2 2 -1 2 2 2 2 2 2 -1 2 2 2 2 -1 -1 -1 2 -1 -1 -1 2 2 2
2 -1 -1 1 -1 2 -1 -1 -1 2 2 -1 -1 2 -1 -1 2 -1 -1 -1 -1 2 -1 -1 2 -1 -1 -1 2 -1 2 -1 -1 -1 2
2 2 -1 1 -1 2 -1 -1 -1 2 2 -1 -1 -1 2 -1 2 2 -1 -1 2 2 -1 -1 -1 -1 6 -1 2 2 2 2 -1 2 2
2 -1 -1 -1 -1 2 -1 2 2 2 2 2 2 -1 2 2 2 2 -1 -1 2 2 2 2 -1 -1 6 6 -1 -1 -1 -1 2 -1 -1
2 -1 -1 -1 2 -1 -1 -1 2 -1 2 2 -1 2 -1 2 -1 2 -1 2 2 -1 -1 2 2 -1 6 -1 2 2 2 2 2 2 -1
2 -1 -1 7 -1 -1 2 -1 -1 2 2 -1 2 2 2 -1 2 -1 2 2 2 -1 -1 2 -1 2 -1 -1 -1 -1 2 2 2 -1 2
2 -1 -1 -1 2 -1 2 2 -1 2 2 2 -1 -1 2 -1 -1 2 2 2 2 -1 -1 2 -1 2 2 -1 8 -1 -1 -1 -1 2 -1
-1 2 2 2 2 -1 2 -1 -1 2 -1 2 -1 2 -1 2 2 -1 2 -1 -1 2 -1 2 -1 2 2 -1 -1 -1 -1 -1 2 2 -1
2 -1 2 -1 2 2 2 -1 2 2 -1 2 2 2 2 -1 2 -1 2 -1 2 -1 2 2 -1 -1 -1 2 2 2 2 2 -1 2 -1
-1 -1 2 -1 2 2 2 2 -1 -1 2 -1 -1 -1 -1 2 -1 2 2 -1 -1 -1 -1 -1 2 -1 2 -1 2 2 -1 2 2 2 -1
2 2 2 2 -1 2 -1 -1 -1 2 2 2 2 2 -1 -1 2 -1 2 -1 2 2 2 2 2 2 2 2 -1 2 2 -1 -1 2 -1
2 -1 2 2 2 -1 2 -1 2 2 -1 2 -1 -1 2 2 2 2 2 -1 -1 2 2 2 -1 2 2 2 2 2 -1 -1 -1 2 2
2 2 -1 2 -1 -1 2 2 2 -1 -1 -1 2 2 2 2 -1 2 2 2 2 2 2 2 -1 -1 2 2 2 2 -1 2 2 -1 2
-1 -1 2 -1 -1 -1 2 2 -1 -1 2 2 2 -1 -1 -1 -1 2 -1 2 2 2 -1 2 2 -1 2 2 -1 -1 2 2 2 2 -1
-1 2 -1 2 -1 -1 2 2 2 -1 2 2 -1 -1 9 9 -1 2 -1 -1 -1 2 2 -1 2 2 2 -1 -1 -1 -1 -1 2 -1 10
2 2 2 -1 2 2 -1 -1 2 2 -1 -1 2 -1 -1 -1 9 -1 2 2 -1 2 2 2 -1 -1 2 2 2 2 -1 -1 2 2 -1
-1 2 2 -1 2 2 -1 -1 2 2 2 -1 2 2 -1 9 -1 -1 2 2 2 2 2 2 2 2 -1 2 -1 2 -1 2 -1 -1 -1
2 2 2 -1 2 -1 2 -1 -1 -1 2 -1 -1 -1 -1 -1 -1 2 2 -1 2 2 -1 -1 -1 2 2 -1 -1 2 -1 2 2 -1 11
2 -1 2 2 -1 -1 2 2 2 -1 -1 2 -1 -1 -1 2 2 2 2 2 2 -1 2 -1 -1 2 -1 -1 2 -1 2 2 2 -1 -1
2 -1 -1 -1 2 -1 -1 -1 -1 2 -1 2 2 2 -1 2 2 -1 2 2 -1 2 2 -1 -1 -1 2 2 2 -1 2 -1 2 2 -1
-1 2 2 2 2 -1 2 2 2 2 2 -1 -1 2 2 -1 -1 2 2 2 2 -1 2 -1 2 2 2 2 -1 -1 2 -1 2 2 -1
-1 -1 -1 -1 -1 -1 -1 2 2 2 2 2 2 -1 2 -1 2 2 -1 2 -1 -1 2 2 -1 2 2 2 -1 -1 2 -1 -1 2 -1
12 -1 13 13 13 -1 -1 2 2 -1 -1 -1 2 2 -1 -1 2 2 -1 2 -1 2 2 2 2 2 -1 -1 2 2 -1 2 2 2 -1
12 12 -1 -1 -1 -1 2 2 2 -1 14 -1 2 -1 -1 2 -1 2 2 2 2 -1 2 2 -1 2 2 2 2 2 2 2 -1 -1 -1
12 12 12 -1 2 2 -1 2 -1 14 -1 2 -1 -1 2 2 2 2 2 -1 -1 2 -1 2 2 -1 2 2 2 2 2 -1 -1 -1 15
-1 12 -1 -1 -1 -1 -1 -1 -1 -1 -1 2 -1 -1 2 -1 -1 2 2 -1 2 2 2 2 2 -1 2 -1 -1 2 2 -1 2 -1 -1
12 12 -1 -1 16 16 -1 -1 -1 16 -1 2 2 -1 2 -1 -1 2 -1 2 -1 -1 -1 -1 2 -1 2 2 2 2 2 2 -1 17 17
-1 -1 12 12 -1 16 16 16 16 16 16 -1 2 2 -1 -1 2 2 2 2 -1 2 2 2 2 2 2 -1 2 2 -1 2 -1 -1 17
18 -1 12 12 -1 -1 -1 16 16 -1 -1 2 2 2 2 -1 2 -1 2 -1 -1 2 2 -1 2 2 -1 2 2 -1 2 2 -1 17 -1
-1 18 -1 12 12 12 -1 -1 16 -1 19 -1 -1 2 -1 2 -1 -1 2 2 -1 -1 -1 -1 2 2 2 -1 2 -1 2 2 -1 -1 -1
-1 -1 1 1 -1 2 2 2 -1 -1 3 -1 2 2 2 2 -1 -1 4 4 -1 2 2 2 -1 -1 5 -1 -1 5 -1 5 5 -1 5
1 1 1 1 -1 2 2 2 2 -1 3 -1 2 2 2 -1 -1 -1 4 -1 2 2 2 -1 5 5 5 -1 5 5 5 5 -1 5 5
-1 1 1 1 -1 2 2 2 2 -1 3 -1 -1 -1 2 -1 -1 6 -1 -1 2 -1 -1 -1 -1 5 -1 5 5 -1 5 5 5 5 5
1 -1 -1 -1 2 -1 -1 -1 -1 3 3 3 3 -1 2 -1 -1 -1 2 2 2 -1 7 -1 5 5 5 -1 -1 -1 5 5 5 5 -1
1 -1 2 -1 -1 2 2 -1 3 3 3 3 -1 -1 -1 2 2 2 2 2 2 -1 7 -1 5 5 -1 5 5 5 5 -1 5 -1 5
-1 2 2 2 2 2 -1 -1 -1 -1 -1 -1 2 2 2 2 2 -1 2 -1 -1 -1 -1 5 5 5 -1 -1 5 -1 -1 5 5 5 5
2 2 -1 2 -1 2 -1 -1 2 -1 2 2 -1 -1 2 -1 2 -1 2 -1 -1 -1 -1 5 5 5 5 -1 -1 5 -1 5 5 5 5
2 2 -1 2 2 2 2 -1 2 2 -1 2 -1 2 -1 2 2 2 -1 -1 -1 5 -1 -1 5 5 5 -1 -1 -1 5 -1 -1 -1 -1
2 -1 2 2 -1 2 2 2 -1 -1 2 2 2 2 2 2 -1 -1 -1 2 -1 5 5 5 5 5 5 5 -1 -1 5 -1 2 2 2
-1 2 -1 -1 2 2 -1 -1 -1 -1 -1 2 -1 2 2 -1 2 2 2 -1 -1 -1 5 5 5 5 -1 5 5 -1 5 -1 2 2 2
2 -1 2 -1 -1 2 2 -1 2 -1 -1 -1 -1 2 2 2 2 2 2 -1 2 2 -1 -1 5 5 5 -1 -1 -1 -1 5 -1 2 -1
2 2 2 2 2 2 2 2 2 2 2 -1 2 2 2 2 2 2 2 2 -1 -1 8 -1 5 5 -1 -1 2 -1 -1 -1 2 -1 9
2 -1 -1 2 -1 2 2 -1 -1 -1 2 2 2 2 -1 2 2 -1 -1 -1 2 2 -1 -1 -1 -1 -1 -1 -1 2 -1 2 2 -1 -1
-1 2 2 -1 2 -1 -1 10 -1 -1 2 -1 -1 2 2 2 -1 -1 2 2 2 2 2 2 -1 2 -1 2 -1 2 2 2 -1 -1 -1
11 -1 -1 2 -1 2 2 -1 10 -1 2 2 -1 2 -1 -1 -1 2 2 -1 -1 2 -1 2 2 -1 2 2 -1 -1 2 -1 -1 2 2
-1 2 2 -1 2 -1 2 -1 -1 2 -1 2 2 -1 -1 12 -1 2 -1 -1 2 -1 -1 2 -1 2 -1 2 -1 2 2 -1 2 -1 2
2 2 -1 2 2 -1 -1 -1 -1 2 -1 2 2 -1 12 12 12 -1 -1 2 2 -1 -1 -1 -1 -1 2 -1 2 2 2 -1 2 2 2
2 2 -1 -1 -1 13 -1 -1 -1 -1 2 2 -1 -1 12 12 -1 -1 2 2 -1 2 -1 -1 -1 -1 -1 -1 2 -1 2 2 -1 2 -1
2 -1 2 2 -1 -1 -1 14 -1 2 2 2 -1 12 12 -1 -1 -1 -1 -1 -1 -1 2 2 -1 2 2 -1 2 2 2 -1 -1 -1 -1
-1 2 -1 -1 2 -1 -1 -1 2 -1 -1 2 -1 -1 -1 -1 2 2 -1 2 2 2 -1 -1 2 2 -1 2 2 -1 2 -1 -1 15 -1
2 2 -1 -1 -1 2 -1 -1 -1 2 -1 2 2 2 -1 -1 2 -1 2 2 2 -1 2 -1 2 -1 2 2 2 2 -1 -1 -1 15 -1
2 2 2 2 2 2 2 2 2 -1 -1 2 2 -1 -1 -1 -1 -1 2 2 2 -1 -1 -1 -1 -1 2 -1 -1 -1 15 -1 -1 15 -1
2 2 2 2 2 -1 -1 2 2 2 -1 2 2 2 2 -1 2 2 -1 2 -1 2 2 -1 -1 -1 2 2 2 -1 15 -1 -1 -1 15
-1 -1 2 2 2 -1 -1 2 2 -1 2 2 2 -1 2 2 2 2 -1 -1 2 2 -1 -1 -1 2 2 -1 -1 -1 15 -1 15 15 -1
-1 2 2 2 2 -1 -1 2 2 2 -1 2 -1 2 2 -1 2 -1 2 2 -1 2 2 -1 2 2 -1 2 -1 15 15 15 -1 15 15
-1 2 2 -1 2 -1 -1 2 2 -1 -1 -1 2 -1 2 2 -1 2 2 2 2 -1 2 2 2 -1 -1 -1 15 15 -1 15 15 15 15
-1 2 -1 -1 -1 2 -1 -1 2 2 -1 2 2 2 2 2 2 2 -1 2 2 -1 2 2 2 -1 -1 -1 -1 15 -1 15 15 15 15
-1 2 -1 -1 2 -1 -1 2 -1 -1 2 -1 2 2 2 -1 2 2 2 -1 2 2 2 -1 2 2 -1 -1 -1 -1 -1 -1 -1 15 15
-1 2 -1 2 2 2 -1 2 -1 16 -1 -1 -1 2 -1 -1 2 2 -1 -1 -1 2 -1 2 2 -1 2 2 2 -1 -1 15 15 15 -1
-1 2 -1 -1 2 2 2 -1 -1 -1 -1 17 -1 2 2 -1 -1 -1 -1 -1 2 2 2 2 2 2 2 -1 -1 18 -1 15 15 -1 19
20 -1 -1 -1 -1 -1 2 -1 -1 -1 17 17 -1 -1 -1 2 -1 -1 -1 -1 -1 2 2 -1 -1 2 2 2 2 -1 -1 -1 -1 -1 19
20 -1 -1 21 -1 -1 -1 22 22 -1 17 17 -1 2 2 2 2 -1 2 -1 -1 2 -1 -1 -1 2 -1 2 2 -1 23 -1 24 -1 -1
20 -1 -1 21 -1 -1 -1 22 22 -1 -1 -1 -1 2 2 2 -1 2 2 2 2 -1 -1 -1 -1 -1 -1 2 2 2 -1 -1 24 24 24
20 20 -1 -1 22 -1 -1 22 -1 25 -1 26 -1 2 2 2 -1 2 -1 -1 -1 -1 -1 27 -1 -1 -1 -1 2 2 -1 24 -1 -1 24
-1 -1 20 -1 22 22 22 22 -1 25 -1 -1 26 -1 2 -1 -1 -1 2 2 2 2 2 -1 27 27 27 -1 2 2 -1 -1 -1 24 24
-1 1 -1 -1 -1 2 2 2 -1 -1 3 3 -1 -1 2 2 2 2 -1 2 2 -1 2 -1 4 4 -1 -1 -1 5 -1 -1 -1 -1 -1
1 -1 2 -1 2 2 2 2 -1 -1 3 -1 2 2 2 2 2 -1 2 2 -1 2 2 -1 -1 4 4 4 -1 5 -1 6 6 6 -1
-1 -1 -1 2 2 -1 -1 -1 -1 2 -1 -1 -1 2 -1 -1 2 2 2 -1 2 2 2 -1 -1 4 -1 4 -1 5 5 -1 6 -1 6
2 2 2 -1 2 2 -1 -1 -1 2 2 2 -1 2 2 -1 2 -1 -1 -1 -1 2 -1 7 -1 -1 4 -1 -1 5 5 -1 6 6 6
2 2 2 -1 2 -1 -1 2 -1 2 2 2 2 2 -1 2 -1 2 -1 -1 8 -1 -1 -1 -1 -1 4 4 -1 5 5 -1 -1 -1 -1
-1 -1 -1 2 2 2 2 2 -1 -1 2 2 2 2 -1 2 2 -1 2 -1 -1 -1 2 -1 2 -1 -1 -1 -1 -1 -1 9 -1 10 10
2 -1 -1 -1 2 2 -1 2 2 2 -1 -1 2 -1 -1 -1 2 -1 2 -1 -1 -1 2 2 2 -1 11 -1 12 12 12 -1 9 -1 -1
2 -1 -1 2 -1 2 2 2 -1 -1 2 2 2 2 2 -1 2 -1 2 -1 2 2 2 2 2 -1 11 -1 -1 -1 -1 -1 -1 13 -1
2 2 2 2 2 2 2 2 2 -1 -1 -1 -1 -1 -1 -1 2 -1 -1 2 2 2 2 2 -1 2 -1 -1 14 -1 -1 -1 -1 -1 -1
-1 -1 -1 -1 2 2 -1 -1 2 -1 2 -1 2 -1 2 -1 2 -1 -1 -1 -1 -1 2 2 -1 2 2 -1 -1 -1 -1 -1 15 -1 -1
16 16 16 -1 2 2 -1 2 -1 2 2 -1 2 2 -1 2 2 2 -1 17 -1 -1 -1 2 2 -1 2 -1 -1 2 2 -1 15 -1 -1
-1 -1 -1 2 -1 2 2 -1 2 2 2 -1 -1 2 2 2 2 2 -1 -1 2 2 2 -1 2 -1 2 2 2 2 -1 -1 15 15 15
2 2 -1 -1 -1 2 2 -1 2 2 2 2 -1 -1 -1 2 -1 -1 -1 2 2 -1 -1 2 2 2 2 -1 2 -1 -1 2 -1 15 -1
2 2 -1 -1 -1 2 -1 -1 2 -1 2 -1 -1 2 -1 2 -1 2 2 -1 2 2 2 -1 -1 2 2 -1 2 -1 2 -1 -1 -1 -1
-1 -1 2 2 2 -1 2 2 2 -1 2 2 -1 -1 2 2 2 -1 -1 -1 2 2 2 2 2 -1 2 -1 -1 2 2 2 -1 -1 2
2 2 2 -1 -1 2 2 2 -1 2 -1 -1 2 2 -1 2 2 2 2 2 -1 2 2 2 2 2 -1 -1 -1 2 2 2 -1 2 2
2 2 -1 2 -1 -1 2 -1 -1 2 -1 2 2 -1 -1 -1 -1 2 -1 2 -1 2 -1 2 2 2 2 2 2 2 2 -1 -1 -1 2
-1 2 -1 2 -1 2 -1 -1 2 -1 2 2 -1 -1 18 -1 -1 2 2 2 -1 -1 2 -1 -1 2 -1 2 2 2 2 -1 -1 2 2
2 2 2 2 2 2 -1 2 2 2 2 -1 2 2 -1 -1 -1 2 -1 -1 2 2 2 2 2 -1 2 2 2 -1 2 2 -1 2 2
-1 -1 2 2 -1 -1 -1 2 2 -1 -1 -1 -1 2 2 2 2 2 -1 2 2 2 2 2 2 2 2 2 2 -1 -1 -1 -1 2 2
-1 19 -1 2 2 2 -1 -1 2 -1 -1 2 -1 2 -1 2 2 -1 2 -1 2 2 -1 2 -1 -1 -1 -1 -1 -1 -1 -1 -1 2 2
19 -1 -1 -1 -1 -1 2 -1 2 2 2 2 -1 -1 2 2 2 2 2 -1 2 2 -1 2 2 2 2 -1 -1 -1 2 -1 2 -1 -1
-1 -1 2 -1 -1 2 2 2 -1 -1 -1 2 -1 2 2 -1 2 2 2 -1 2 2 2 2 -1 -1 -1 2 2 -1 2 2 2 -1 20
21 -1 2 -1 2 -1 2 -1 2 2 -1 2 -1 2 2 2 2 2 -1 2 -1 -1 2 -1 -1 -1 2 2 2 2 -1 2 -1 -1 -1
-1 -1 -1 2 2 2 2 -1 -1 -1 2 2 2 -1 2 -1 2 -1 -1 2 2 -1 -1 2 2 2 -1 -1 2 2 -1 2 -1 2 2
2 2 2 2 2 -1 2 -1 2 2 2 -1 2 -1 -1 -1 2 -1 2 -1 -1 -1 -1 2 2 -1 2 2 -1 -1 -1 2 -1 2 2
-1 2 2 -1 2 -1 2 -1 -1 -1 -1 2 -1 2 2 2 -1 -1 -1 -1 -1 22 -1 -1 -1 -1 2 -1 -1 -1 2 2 2 2 2
2 -1 2 2 2 2 -1 -1 -1 -1 2 -1 -1 2 -1 2 -1 -1 2 -1 -1 -1 -1 2 2 -1 -1 2 2 -1 -1 -1 2 2 2
-1 -1 2 2 -1 2 2 2 2 -1 -1 2 2 -1 -1 -1 2 -1 -1 2 2 2 -1 2 -1 -1 2 -1 2 -1 -1 -1 -1 -1 2
2 2 2 2 2 2 2 -1 2 2 -1 2 -1 -1 -1 2 2 -1 -1 2 2 2 2 2 2 2 -1 -1 2 2 -1 2 -1 -1 2
2 -1 -1 2 -1 -1 2 -1 -1 -1 2 2 2 2 -1 -1 -1 -1 2 2 2 -1 2 2 2 2 -1 2 2 2 2 2 2 -1 2
2 2 2 2 2 2 2 2 2 2 -1 2 -1 2 2 -1 -1 2 -1 -1 2 -1 2 -1 2 2 2 2 -1 2 2 2 2 2 2
2 -1 2 -1 -1 2 -1 2 -1 2 -1 -1 -1 2 2 -1 2 2 2 -1 2 2 -1 -1 -1 -1 -1 2 2 2 2 2 -1 2 -1
2 2 2 -1 2 -1 -1 2 2 -1 -1 2 -1 2 2 2 -1 -1 2 -1 -1 2 -1 23 -1 23 -1 2 2 2 -1 2 2 2 -1
-1 2 -1 -1 -1 2 -1 -1 2 2 2 2 2 2 2 2 2 2 -1 -1 24 -1 2 -1 23 23 23 -1 2 -1 2 2 2 2 -1
-1 1 1 1 1 -1 2 -1 -1 -1 3 3 -1 -1 -1 -1 4 -1 1 1 1 -1 -1 -1 -1 -1 1 -1 -1 -1 1 1 -1 1 1
-1 1 -1 -1 1 -1 2 2 -1 3 3 -1 1 -1 -1 -1 -1 1 1 1 1 1 -1 1 1 1 -1 -1 -1 1 1 -1 1 1 -1
-1 -1 1 1 1 -1 -1 -1 2 -1 -1 -1 1 1 1 1 -1 -1 1 1 1 -1 -1 -1 1 -1 1 1 1 1 -1 -1 1 -1 -1
-1 -1 1 1 1 1 -1 -1 -1 1 1 1 -1 -1 1 -1 1 1 -1 1 1 1 -1 1 1 -1 -1 -1 1 1 1 1 -1 1 -1
5 -1 1 1 -1 1 -1 1 1 1 -1 1 1 1 -1 1 -1 -1 1 1 -1 1 -1 1 1 1 1 -1 1 1 1 1 -1 1 1
5 -1 1 1 -1 -1 1 -1 -1 1 -1 1 1 1 1 1 1 1 1 1 1 -1 1 -1 1 1 -1 -1 -1 -1 1 1 -1 1 1
5 5 -1 -1 1 1 1 1 1 -1 1 1 1 1 1 1 1 -1 1 1 1 1 -1 1 1 1 1 -1 6 -1 1 -1 -1 1 1
5 5 -1 1 -1 -1 1 1 1 1 1 -1 1 -1 -1 -1 1 -1 1 -1 -1 -1 1 -1 1 1 1 -1 -1 1 -1 1 -1 1 1
5 5 -1 1 1 1 -1 1 1 -1 -1 -1 1 1 1 1 -1 1 -1 -1 1 1 1 1 1 -1 -1 -1 1 -1 -1 -1 1 1 1
5 -1 -1 -1 1 1 1 -1 -1 -1 7 -1 1 1 -1 -1 -1 -1 8 -1 -1 1 -1 1 -1 1 1 1 -1 -1 1 -1 1 -1 1
-1 5 5 -1 1 1 1 1 1 1 -1 7 -1 1 1 1 1 1 -1 -1 1 1 -1 -1 -1 -1 -1 1 -1 -1 1 1 1 1 1
5 5 5 -1 -1 1 1 -1 -1 -1 7 -1 1 -1 1 1 -1 1 1 -1 -1 1 1 -1 -1 -1 -1 1 1 1 -1 -1 -1 1 -1
-1 5 -1 5 -1 -1 -1 -1 1 1 -1 -1 1 -1 -1 1 -1 1 1 1 -1 1 -1 1 1 -1 1 1 1 1 -1 -1 -1 -1 -1
5 -1 -1 -1 1 -1 1 1 1 1 -1 1 1 1 -1 1 1 1 1 1 1 1 1 -1 -1 -1 -1 -1 1 -1 -1 1 -1 1 -1
5 -1 -1 -1 1 -1 1 1 -1 -1 -1 -1 -1 1 1 -1 1 1 1 -1 1 1 -1 1 1 1 1 1 1 1 1 1 1 1 -1
-1 1 1 1 1 1 1 1 -1 -1 -1 -1 1 -1 -1 -1 -1 -1 -1 1 -1 1 1 -1 -1 1 -1 -1 -1 1 1 1 1 1 -1
-1 -1 1 1 1 -1 -1 -1 1 1 -1 -1 -1 -1 -1 1 1 -1 -1 -1 1 -1 1 -1 1 -1 1 -1 1 1 1 1 1 -1 1
9 -1 -1 1 -1 -1 -1 1 1 1 1 1 -1 -1 1 -1 -1 1 -1 1 1 -1 1 1 -1 1 1 1 -1 1 1 -1 -1 -1 -1
-1 -1 1 -1 1 1 1 1 1 -1 1 1 -1 -1 1 1 -1 1 1 1 1 -1 -1 1 -1 1 1 -1 -1 1 1 1 -1 1 -1
1 1 1 1 -1 -1 1 -1 1 1 -1 1 1 1 -1 -1 -1 -1 -1 -1 -1 1 1 1 1 -1 -1 -1 -1 -1 -1 1 -1 1 -1
1 1 1 -1 -1 10 -1 -1 -1 -1 -1 1 -1 -1 -1 -1 -1 -1 -1 1 -1 -1 1 -1 1 -1 -1 11 11 11 -1 -1 1 1 1
1 1 -1 1 -1 -1 12 12 -1 -1 -1 -1 1 1 1 -1 1 1 1 -1 1 1 -1 -1 1 -1 -1 -1 -1 -1 -1 1 1 1 -1
1 -1 1 1 1 1 -1 -1 -1 1 1 -1 1 -1 1 -1 1 1 1 1 1 1 1 1 1 1 1 -1 -1 1 -1 1 -1 -1 1
-1 1 1 -1 1 -1 -1 -1 1 -1 1 1 1 1 1 -1 1 1 -1 1 1 -1 1 -1 -1 -1 -1 -1 -1 1 1 1 1 1 -1
1 1 1 -1 -1 -1 1 1 1 -1 1 1 -1 -1 1 -1 1 1 -1 1 -1 -1 -1 1 -1 -1 13 -1 -1 -1 1 -1 1 1 -1
-1 1 -1 -1 1 1 1 -1 1 -1 -1 1 -1 1 1 1 1 -1 1 1 1 -1 1 1 -1 -1 -1 -1 1 1 1 -1 -1 -1 -1
-1 1 1 -1 -1 -1 1 1 1 1 1 1 1 1 1 -1 -1 -1 -1 1 1 1 -1 -1 -1 14 -1 -1 -1 1 -1 -1 -1 15 15
1 1 1 -1 -1 1 -1 -1 1 -1 -1 -1 -1 1 1 1 1 1 -1 -1 1 -1 -1 1 -1 -1 -1 15 -1 -1 -1 15 15 -1 -1
1 -1 1 1 1 1 -1 1 -1 1 1 1 1 1 -1 -1 -1 -1 1 1 1 1 1 1 1 1 -1 15 15 15 -1 -1 15 15 15
-1 1 1 1 1 1 1 1 1 1 -1 -1 -1 1 -1 1 1 -1 1 1 -1 -1 1 1 -1 -1 15 15 15 -1 -1 -1 15 -1 15
16 -1 -1 1 -1 1 -1 1 -1 -1 1 -1 1 1 -1 1 -1 1 -1 1 -1 -1 1 -1 -1 17 -1 -1 15 15 15 -1 15 -1 15
16 -1 1 1 1 -1 1 -1 1 1 -1 1 1 -1 1 -1 -1 -1 1 1 1 -1 -1 -1 -1 17 -1 15 15 -1 15 15 -1 15 -1
-1 -1 1 -1 -1 -1 1 1 1 1 -1 -1 1 1 -1 1 1 1 1 1 -1 -1 -1 -1 -1 17 17 -1 -1 15 15 -1 15 15 -1
18 -1 -1 19 -1 -1 -1 1 1 1 -1 -1 1 1 1 1 -1 1 1 -1 -1 20 -1 -1 17 -1 -1 -1 15 15 15 15 15 -1 21
18 -1 19 19 19 -1 1 1 1 -1 -1 1 1 1 1 1 -1 1 -1 -1 -1 20 20 -1 17 17 17 -1 15 15 -1 -1 15 -1 21
-1 -1 1 1 1 -1 1 -1 -1 1 -1 1 1 -1 -1 -1 2 2 -1 2 2 2 2 -1 2 2 -1 -1 -1 -1 2 2 2 2 -1
1 1 -1 1 -1 -1 1 1 1 1 1 1 1 1 -1 2 2 2 -1 -1 2 -1 -1 2 2 2 2 2 2 2 2 2 -1 -1 3
-1 1 -1 1 1 1 1 -1 1 -1 -1 1 1 1 1 -1 -1 2 -1 2 2 -1 2 2 2 2 2 -1 -1 2 -1 2 -1 -1 -1
-1 -1 -1 1 1 -1 -1 1 -1 -1 1 -1 1 1 -1 -1 2 2 -1 -1 2 2 -1 -1 -1 2 2 -1 2 2 2 2 -1 2 -1
1 1 1 1 1 1 1 -1 -1 -1 1 1 -1 -1 -1 2 -1 2 -1 2 2 2 -1 -1 2 2 -1 -1 2 2 2 -1 2 2 -1
1 1 1 1 -1 -1 -1 1 -1 1 1 -1 1 -1 2 -1 2 2 -1 2 2 2 2 -1 -1 2 2 -1 -1 2 2 -1 -1 2 2
-1 -1 -1 1 1 1 1 1 1 -1 -1 1 1 1 -1 2 2 2 2 2 2 2 2 2 2 2 -1 2 -1 -1 -1 2 2 -1 -1
4 4 -1 1 1 -1 1 1 -1 -1 -1 -1 1 -1 2 2 2 -1 -1 -1 2 -1 2 2 2 -1 2 2 -1 2 2 -1 -1 -1 5
4 4 4 -1 1 1 1 1 -1 -1 1 1 1 -1 -1 -1 -1 2 -1 -1 -1 -1 2 2 2 -1 -1 2 2 -1 2 2 -1 -1 5
4 4 -1 -1 1 1 1 1 1 -1 -1 1 -1 -1 6 -1 2 -1 2 2 -1 2 -1 -1 2 -1 -1 -1 2 2 -1 -1 7 -1 -1
-1 4 -1 -1 -1 -1 -1 1 -1 -1 1 1 1 -1 -1 -1 2 -1 -1 2 2 2 -1 2 2 2 -1 2 -1 2 -1 8 -1 -1 -1
4 4 -1 -1 -1 -1 1 1 -1 -1 -1 1 1 1 1 -1 2 2 -1 2 2 -1 2 -1 2 2 -1 2 2 2 -1 -1 -1 -1 2
-1 -1 -1 -1 -1 -1 -1 -1 1 -1 1 -1 -1 -1 -1 -1 2 2 2 -1 -1 2 2 -1 -1 2 -1 2 -1 2 -1 2 2 2 2
-1 -1 9 -1 1 1 -1 1 1 1 1 -1 2 2 -1 2 2 2 2 -1 -1 2 2 2 -1 2 2 -1 -1 -1 -1 -1 2 -1 -1
-1 9 9 9 -1 1 1 -1 1 -1 -1 -1 -1 -1 2 -1 -1 -1 -1 2 2 2 2 2 2 2 2 2 2 -1 -1 -1 2 2 2
9 -1 -1 9 -1 -1 1 1 -1 -1 2 2 2 2 -1 2 2 2 2 -1 2 -1 2 -1 2 2 -1 2 -1 2 2 -1 2 -1 2
-1 -1 9 9 -1 -1 1 1 -1 2 -1 -1 2 -1 2 2 2 2 -1 2 -1 2 2 2 2 2 2 2 2 2 -1 2 2 -1 2
10 -1 -1 -1 -1 1 -1 -1 -1 2 2 2 -1 2 2 -1 -1 -1 -1 2 2 -1 -1 2 2 -1 2 -1 -1 -1 -1 -1 2 2 2
10 -1 -1 11 -1 -1 -1 -1 2 2 -1 2 2 2 -1 2 -1 -1 2 2 -1 2 -1 -1 2 -1 2 2 -1 2 -1 -1 -1 -1 2
10 10 -1 -1 10 -1 2 2 2 2 2 -1 2 2 2 2 2 -1 -1 -1 2 2 2 2 2 -1 2 -1 2 -1 12 12 -1 2 2
-1 10 10 -1 10 10 -1 -1 2 2 -1 2 2 2 -1 -1 -1 2 -1 2 2 2 2 2 -1 -1 2 -1 -1 2 -1 -1 -1 2 -1
10 10 10 10 10 10 -1 -1 -1 2 -1 -1 2 2 -1 13 -1 2 2 2 -1 2 -1 2 -1 2 2 -1 -1 2 2 2 -1 -1 -1
-1 10 10 -1 10 10 10 10 10 -1 2 -1 2 2 -1 -1 -1 2 -1 2 -1 2 -1 -1 2 2 -1 -1 2 2 2 -1 2 -1 14
10 10 10 -1 10 -1 10 10 10 -1 2 2 -1 2 2 -1 2 2 -1 -1 2 2 -1 2 2 -1 -1 2 2 -1 -1 -1 2 -1 -1
10 -1 10 -1 -1 10 -1 -1 10 -1 2 2 2 2 -1 2 2 2 2 2 2 2 2 -1 2 -1 2 2 2 2 -1 -1 2 2 2
-1 10 -1 -1 10 10 -1 10 -1 2 2 2 2 -1 -1 -1 2 -1 2 -1 -1 -1 -1 2 -1 -1 2 2 2 2 -1 -1 2 -1 2
-1 -1 10 -1 10 10 -1 10 -1 2 2 2 -1 -1 15 -1 2 2 2 2 2 2 -1 2 2 2 2 2 -1 2 2 2 2 2 2
-1 -1 -1 10 -1 10 -1 10 -1 -1 2 -1 15 15 -1 2 2 2 -1 2 -1 2 2 -1 -1 2 -1 2 -1 2 -1 -1 -1 -1 -1
-1 16 16 -1 -1 -1 10 10 10 -1 2 2 -1 15 -1 2 2 -1 2 -1 -1 -1 2 -1 17 -1 -1 2 2 -1 -1 18 -1 -1 19
16 16 -1 20 -1 10 -1 10 -1 -1 -1 -1 -1 -1 2 -1 -1 -1 -1 21 21 -1 -1 -1 -1 2 -1 2 -1 22 -1 18 -1 -1 19
-1 -1 16 -1 -1 10 10 10 -1 2 2 -1 2 2 2 2 2 -1 -1 -1 -1 -1 23 23 23 -1 2 2 2 -1 -1 -1 -1 -1 -1
-1 16 -1 -1 10 -1 10 10 -1 -1 2 2 2 2 -1 2 2 2 -1 23 23 23 -1 -1 23 -1 2 2 2 2 2 -1 2 -1 24
25 -1 -1 -1 -1 10 10 10 10 -1 -1 -1 -1 -1 2 2 -1 -1 -1 23 -1 23 -1 -1 -1 -1 -1 2 -1 -1 2 2 -1 2 -1
25 25 25 25 -1 -1 -1 10 -1 26 -1 26 26 -1 2 -1 27 27 -1 -1 -1 -1 -1 28 -1 29 -1 2 2 2 -1 2 2 2 2
25 25 25 25 25 -1 -1 -1 -1 26 26 26 -1 -1 2 -1 -1 -1 -1 30 30 -1 -1 -1 -1 29 29 -1 2 -1 2 2 2 2 -1
-1 -1 -1 -1 1 1 1 -1 -1 1 -1 1 1 -1 1 1 -1 1 1 -1 2 2 -1 1 -1 3 3 -1 -1 1 1 -1 4 4 4
-1 -1 1 -1 -1 1 -1 1 1 -1 -1 1 -1 1 -1 1 -1 1 -1 -1 -1 -1 1 -1 -1 3 -1 -1 1 -1 -1 4 -1 -1 -1
1 1 1 1 -1 1 1 1 -1 1 -1 1 -1 1 -1 -1 1 -1 1 1 1 1 1 1 -1 3 -1 1 1 1 -1 4 -1 1 -1
-1 1 -1 1 -1 1 1 1 1 -1 1 -1 1 -1 -1 -1 1 -1 -1 -1 -1 1 -1 -1 3 3 -1 -1 -1 1 -1 -1 1 1 1
5 -1 1 1 -1 -1 -1 1 1 -1 1 1 1 1 -1 6 -1 -1 7 -1 1 1 1 1 -1 -1 -1 -1 1 1 1 1 1 -1 -1
5 -1 -1 1 1 1 1 -1 -1 1 1 1 1 -1 -1 -1 1 -1 -1 -1 1 1 1 1 -1 -1 1 1 -1 1 1 -1 -1 -1 8
-1 5 -1 1 1 1 -1 1 1 1 1 -1 -1 -1 1 1 1 1 -1 1 1 -1 1 1 -1 -1 -1 1 1 -1 1 1 -1 -1 8
-1 -1 1 1 -1 -1 -1 -1 1 -1 1 -1 -1 1 -1 1 1 1 -1 -1 -1 -1 1 1 1 1 1 1 -1 -1 -1 -1 8 8 8
-1 9 -1 1 -1 1 1 -1 1 -1 1 1 -1 1 -1 1 1 -1 1 1 1 -1 1 1 -1 1 -1 1 -1 1 -1 1 -1 8 -1
9 -1 1 -1 1 1 1 1 -1 -1 1 1 1 1 1 1 -1 1 -1 1 1 1 -1 -1 1 -1 1 1 1 1 1 -1 -1 -1 10
-1 9 -1 -1 1 -1 1 1 1 1 -1 1 -1 -1 1 -1 1 -1 1 -1 -1 -1 -1 -1 -1 1 1 1 -1 1 1 -1 10 -1 10
-1 -1 1 1 1 1 -1 1 1 1 -1 1 -1 -1 1 -1 1 1 1 1 -1 -1 -1 1 1 1 1 1 1 -1 -1 10 10 -1 10
1 -1 1 1 1 1 1 -1 -1 1 1 -1 1 -1 -1 -1 1 1 1 -1 1 -1 1 1 1 -1 1 1 1 -1 -1 -1 10 10 10
1 1 1 -1 -1 1 1 -1 -1 1 -1 1 -1 1 -1 1 -1 -1 1 1 -1 1 1 1 1 -1 1 -1 1 -1 10 10 10 10 -1
1 1 -1 1 1 1 1 1 -1 1 -1 1 -1 1 -1 1 -1 11 -1 1 1 -1 1 -1 1 -1 1 -1 -1 1 -1 10 -1 -1 -1
-1 -1 -1 -1 1 1 1 1 -1 -1 1 1 1 1 -1 1 -1 -1 1 -1 1 1 -1 -1 -1 1 1 1 -1 1 -1 -1 -1 12 12
1 1 -1 1 1 -1 -1 1 1 1 -1 -1 1 1 1 -1 -1 -1 -1 1 1 -1 -1 -1 1 -1 1 1 1 1 -1 13 -1 12 12
-1 1 -1 -1 -1 1 1 -1 1 -1 -1 1 1 1 1 1 -1 1 -1 1 1 1 1 -1 1 -1 -1 -1 -1 1 -1 -1 12 -1 12
-1 1 -1 1 1 1 1 -1 1 -1 -1 -1 1 1 1 -1 1 1 1 1 1 -1 1 -1 -1 1 -1 -1 1 -1 -1 -1 12 12 12
1 -1 -1 1 1 -1 -1 -1 1 -1 1 1 1 1 1 -1 1 1 -1 1 1 1 1 1 1 1 -1 1 1 -1 -1 12 -1 -1 -1
1 1 -1 1 1 1 -1 1 -1 1 -1 1 1 1 -1 1 -1 1 1 -1 -1 1 -1 -1 1 -1 1 1 1 1 -1 -1 -1 1 1
1 -1 1 -1 1 1 -1 1 1 1 1 1 -1 -1 -1 -1 1 -1 1 1 -1 -1 -1 -1 1 -1 1 -1 -1 1 1 1 1 1 1
1 -1 1 1 -1 1 -1 1 -1 1 -1 -1 -1 -1 -1 -1 -1 1 1 -1 1 1 -1 -1 1 1 -1 1 -1 -1 -1 1 -1 -1 1
1 1 1 -1 1 -1 -1 1 1 1 -1 1 1 1 -1 -1 -1 1 1 1 -1 1 1 1 1 -1 1 1 1 -1 1 1 -1 1 -1
-1 1 -1 1 -1 1 -1 -1 -1 1 -1 1 1 1 -1 1 1 1 1 1 1 1 1 1 1 1 1 1 -1 1 1 1 -1 1 1
1 1 1 1 1 1 1 1 -1 -1 1 1 1 -1 1 1 -1 -1 1 -1 1 -1 1 1 -1 1 1 1 -1 -1 -1 1 1 1 -1
-1 -1 1 -1 1 1 -1 1 1 -1 1 -1 1 -1 1 1 1 1 1 -1 -1 1 1 1 -1 -1 1 1 -1 -1 1 -1 1 1 1
1 1 1 -1 1 -1 1 1 1 -1 -1 -1 1 1 1 1 -1 -1 1 1 1 1 1 1 -1 1 -1 1 1 1 -1 1 1 -1 1
1 1 1 1 1 -1 -1 1 -1 1 -1 -1 1 -1 -1 1 -1 1 -1 -1 1 -1 1 -1 -1 -1 1 -1 1 1 -1 1 1 1 -1
-1 1 1 1 -1 -1 -1 -1 -1 -1 -1 -1 -1 1 1 1 1 1 -1 1 1 -1 -1 -1 -1 -1 -1 -1 1 -1 -1 1 -1 -1 14
-1 1 1 1 1 1 1 1 -1 15 -1 -1 1 -1 1 -1 1 -1 1 -1 1 -1 16 -1 -1 -1 17 -1 1 1 1 1 1 -1 -1
-1 -1 -1 -1 1 1 -1 -1 -1 15 -1 1 1 1 -1 -1 -1 -1 1 1 1 -1 16 -1 -1 -1 -1 1 -1 1 -1 1 1 -1 18
19 -1 19 -1 -1 -1 1 1 -1 15 -1 -1 -1 -1 1 -1 1 -1 -1 1 1 -1 -1 -1 20 20 -1 1 -1 -1 1 1 1 -1 -1
19 19 19 19 19 -1 -1 -1 15 -1 -1 1 1 -1 1 -1 1 -1 1 -1 1 -1 -1 -1 20 20 -1 1 1 -1 -1 1 -1 -1 -1
19 -1 -1 19 -1 19 -1 21 -1 15 -1 1 -1 1 1 1 1 -1 1 1 1 1 -1 -1 -1 -1 -1 -1 1 1 -1 1 -1 -1 22
-1 1 1 1 1 1 1 -1 1 1 -1 1 1 -1 2 2 -1 -1 -1 -1 -1 -1 1 1 1 -1 -1 -1 -1 3 3 3 -1 1 -1
1 1 1 1 1 1 -1 -1 1 -1 -1 1 -1 -1 -1 -1 1 -1 -1 1 1 -1 1 1 1 1 1 1 -1 3 3 -1 1 -1 -1
1 1 -1 -1 -1 1 -1 1 1 -1 1 1 -1 1 1 1 -1 1 1 1 -1 -1 -1 1 -1 -1 1 -1 -1 -1 -1 -1 -1 1 1
1 -1 1 1 -1 -1 1 1 1 -1 1 1 -1 1 1 -1 1 -1 1 1 1 -1 -1 1 -1 1 1 -1 1 1 -1 1 1 1 -1
1 1 1 -1 -1 1 1 -1 1 -1 -1 1 1 -1 1 1 1 1 -1 1 -1 -1 4 -1 1 1 1 -1 1 1 -1 -1 1 -1 1
1 1 1 1 1 1 -1 1 -1 1 -1 -1 1 1 1 -1 1 -1 -1 -1 -1 4 -1 1 1 1 1 1 1 1 -1 1 -1 -1 1
-1 1 -1 1 -1 -1 -1 1 1 -1 1 1 -1 -1 -1 1 1 1 -1 1 1 -1 -1 1 -1 1 -1 1 -1 1 -1 -1 -1 1 1
-1 1 1 1 -1 1 1 -1 -1 1 -1 1 -1 1 1 -1 1 1 1 -1 1 1 1 -1 1 -1 -1 1 -1 -1 -1 1 1 1 -1
-1 1 1 1 -1 1 -1 -1 -1 -1 -1 1 1 -1 1 1 -1 -1 1 1 -1 -1 1 1 1 1 -1 1 -1 1 -1 1 1 1 1
-1 1 1 -1 1 1 1 1 1 -1 -1 -1 1 -1 -1 1 1 1 1 1 1 1 1 -1 -1 1 1 1 1 1 -1 -1 -1 1 -1
-1 1 -1 -1 1 1 -1 1 -1 -1 1 -1 1 -1 -1 1 -1 1 1 1 1 1 -1 1 -1 1 1 -1 -1 -1 1 -1 1 1 1
1 1 1 1 1 1 -1 1 1 1 -1 1 1 1 -1 -1 -1 1 -1 -1 1 1 -1 1 -1 1 -1 -1 1 -1 1 1 1 1 -1
1 1 1 -1 1 1 1 -1 -1 1 -1 1 -1 -1 -1 -1 1 1 -1 1 1 1 1 1 1 1 -1 1 1 1 -1 1 1 -1 1
1 1 -1 -1 1 -1 1 1 1 1 1 1 -1 -1 1 1 1 -1 1 -1 -1 1 1 -1 1 1 -1 -1 -1 1 1 1 1 1 -1
-1 1 1 -1 1 1 -1 1 -1 1 -1 1 -1 1 -1 -1 1 -1 1 1 1 1 -1 -1 1 -1 1 1 -1 1 -1 1 -1 -1 -1
1 -1 -1 1 -1 1 1 1 1 -1 1 1 1 -1 -1 -1 1 1 -1 1 1 -1 -1 -1 1 1 1 -1 -1 1 -1 1 1 1 -1
1 1 1 1 -1 -1 1 1 -1 -1 -1 1 -1 1 1 1 1 1 1 -1 -1 1 1 1 1 1 1 -1 1 1 1 1 1 1 1
1 1 -1 1 1 -1 1 1 1 -1 -1 1 1 -1 1 1 -1 -1 -1 -1 -1 1 -1 -1 1 1 -1 1 1 -1 -1 1 1 1 -1
1 1 -1 -1 1 1 -1 -1 -1 1 -1 1 -1 -1 -1 -1 1 -1 1 -1 1 1 1 -1 1 -1 -1 1 1 1 -1 1 1 -1 -1
1 1 1 -1 -1 -1 -1 5 -1 -1 -1 -1 6 -1 -1 1 -1 1 -1 1 -1 1 -1 1 1 1 1 1 -1 -1 1 1 -1 -1 1
1 -1 -1 -1 -1 7 -1 5 5 -1 -1 -1 -1 -1 -1 -1 -1 1 1 1 1 -1 1 1 1 1 -1 1 -1 -1 1 1 1 1 1
1 -1 8 8 -1 -1 5 -1 5 -1 -1 1 -1 -1 1 1 1 -1 1 -1 -1 1 1 1 1 1 -1 1 -1 1 -1 -1 1 -1 1
1 -1 8 -1 -1 5 5 -1 5 -1 1 1 1 1 1 -1 -1 1 1 1 -1 1 -1 1 -1 -1 1 1 1 -1 -1 -1 1 -1 1
-1 -1 -1 -1 5 -1 5 5 5 -1 1 -1 -1 1 -1 9 -1 1 1 1 1 -1 -1 1 1 -1 1 -1 -1 10 -1 1 1 1 1
-1 11 11 11 -1 -1 5 5 5 5 -1 1 -1 -1 -1 9 9 -1 1 1 -1 -1 1 1 -1 -1 -1 -1 1 -1 -1 1 -1 1 1
-1 -1 11 -1 12 -1 -1 5 -1 5 -1 1 -1 1 -1 -1 -1 -1 1 1 1 1 -1 1 1 1 -1 -1 1 1 1 1 -1 1 1
-1 11 11 -1 -1 -1 13 -1 5 5 5 -1 -1 1 1 1 -1 1 1 1 1 1 1 -1 1 -1 -1 14 -1 1 -1 1 -1 1 1
11 11 -1 15 15 -1 13 -1 -1 -1 5 -1 1 1 1 1 1 1 1 1 1 -1 1 1 -1 1 -1 -1 -1 -1 -1 1 -1 1 1
-1 -1 -1 15 -1 -1 13 13 13 -1 -1 -1 1 1 -1 1 1 1 1 1 -1 1 -1 -1 1 1 1 -1 1 1 -1 -1 -1 -1 -1
15 15 -1 15 -1 -1 13 13 13 13 -1 1 -1 -1 1 1 1 1 1 -1 -1 -1 1 -1 -1 1 1 -1 1 1 -1 -1 16 -1 -1
15 15 15 15 15 -1 -1 13 -1 13 -1 -1 1 1 1 1 1 1 -1 1 -1 1 1 1 1 -1 -1 1 1 -1 1 -1 -1 -1 -1
-1 15 15 -1 -1 -1 -1 13 -1 -1 1 1 -1 -1 1 1 -1 1 1 -1 -1 -1 1 -1 1 1 1 1 1 -1 -1 -1 -1 17 -1
-1 -1 -1 15 -1 13 -1 13 13 -1 -1 -1 1 -1 -1 1 -1 -1 -1 -1 18 18 -1 -1 1 -1 1 -1 -1 -1 19 -1 -1 -1 -1
20 -1 -1 -1 13 -1 13 -1 13 13 13 -1 -1 -1 1 -1 18 18 18 18 18 18 -1 1 1 -1 1 -1 21 -1 19 -1 -1 22 22
20 20 20 -1 13 13 13 -1 13 -1 13 13 -1 23 -1 -1 -1 18 18 18 -1 -1 18 -1 -1 -1 -1 -1 21 -1 19 -1 -1 22 -1
-1 1 -1 2 -1 1 1 1 1 1 -1 1 -1 -1 -1 -1 1 1 1 1 1 1 1 1 -1 1 1 -1 -1 -1 3 -1 -1 -1 -1
1 -1 2 -1 1 -1 1 -1 -1 1 -1 1 -1 -1 1 1 -1 -1 -1 -1 1 -1 -1 1 1 1 1 -1 -1 -1 -1 4 4 4 4
1 -1 -1 -1 1 -1 -1 1 -1 1 1 1 1 1 1 -1 1 -1 -1 -1 -1 1 1 1 1 -1 1 1 1 -1 -1 -1 4 4 4
1 1 1 1 -1 1 1 1 1 -1 -1 1 -1 1 1 -1 1 -1 1 -1 -1 -1 -1 1 1 -1 -1 -1 1 1 -1 4 -1 4 4
1 -1 -1 -1 1 -1 1 -1 -1 -1 1 1 -1 1 1 1 1 -1 1 -1 -1 -1 -1 1 1 1 1 1 -1 1 -1 -1 -1 4 -1
1 -1 -1 -1 -1 1 1 -1 -1 1 1 1 -1 1 1 -1 -1 1 -1 5 -1 -1 1 1 1 -1 1 1 1 1 -1 4 4 -1 -1
1 -1 -1 -1 -1 -1 1 -1 1 1 -1 -1 1 1 1 1 1 1 -1 -1 -1 1 1 1 -1 -1 1 1 1 1 1 -1 4 -1 -1
-1 1 1 1 1 1 -1 -1 1 -1 1 1 1 1 -1 1 1 1 1 -1 1 1 -1 1 1 1 -1 1 -1 1 1 -1 4 -1 -1
-1 -1 -1 1 -1 1 1 -1 1 -1 -1 -1 1 1 -1 -1 1 1 1 -1 -1 -1 1 -1 -1 1 1 -1 -1 1 1 1 -1 -1 -1
-1 1 1 -1 1 1 1 1 1 1 1 1 1 1 1 1 1 1 -1 -1 1 1 1 -1 1 1 -1 -1 -1 -1 1 1 -1 6 6
-1 1 1 -1 -1 1 -1 1 1 -1 -1 -1 1 -1 1 1 -1 1 1 1 1 -1 -1 1 1 1 -1 -1 7 7 -1 1 -1 -1 -1
1 -1 -1 -1 1 -1 -1 -1 1 -1 1 -1 -1 1 -1 1 1 1 -1 -1 -1 1 -1 1 -1 -1 1 -1 -1 -1 1 1 -1 1 -1
-1 1 1 1 1 -1 8 -1 -1 -1 -1 1 1 1 -1 -1 -1 -1 -1 1 1 1 1 -1 -1 -1 1 -1 -1 -1 -1 1 -1 1 1
-1 -1 -1 1 -1 8 -1 -1 1 -1 1 -1 1 -1 1 1 1 1 1 1 1 1 1 -1 1 1 1 -1 1 1 1 -1 1 -1 -1
9 9 -1 1 -1 -1 -1 -1 1 1 1 -1 -1 1 -1 1 1 1 -1 1 -1 -1 1 -1 1 -1 -1 -1 1 -1 1 -1 1 1 1
-1 -1 1 1 1 -1 1 1 1 -1 1 -1 1 1 -1 -1 -1 -1 1 1 -1 1 1 1 1 -1 1 1 -1 1 -1 1 -1 -1 1
10 -1 1 -1 1 -1 -1 1 1 -1 -1 1 1 1 -1 1 1 -1 1 1 1 1 1 -1 1 -1 1 1 1 1 1 1 -1 1 1
-1 1 -1 1 1 -1 1 -1 -1 -1 -1 1 1 -1 1 1 -1 1 -1 -1 -1 1 1 1 1 1 1 1 1 1 1 1 1 -1 1
11 -1 1 1 -1 -1 1 -1 -1 -1 -1 -1 1 1 1 -1 1 1 -1 -1 -1 -1 -1 -1 -1 1 -1 -1 -1 -1 -1 1 1 1 1
11 -1 1 1 1 1 1 1 -1 -1 -1 1 1 -1 1 -1 -1 1 -1 -1 -1 1 1 1 -1 1 1 -1 12 -1 -1 1 -1 -1 1
-1 -1 1 1 1 1 1 1 1 1 -1 -1 -1 1 -1 -1 -1 1 -1 1 1 1 1 -1 -1 1 -1 -1 12 -1 1 1 1 1 -1
-1 1 1 -1 -1 -1 1 1 1 1 1 1 1 1 1 1 -1 -1 1 -1 -1 1 1 -1 -1 -1 12 12 -1 1 1 -1 -1 1 1
-1 1 1 1 1 -1 1 -1 1 1 1 1 1 1 1 -1 1 1 -1 1 1 1 1 1 -1 -1 -1 -1 -1 -1 1 1 -1 -1 1
1 -1 -1 1 1 -1 1 -1 1 -1 -1 -1 1 -1 1 1 -1 1 1 -1 -1 1 1 1 1 -1 -1 1 1 1 1 -1 -1 -1 1
1 -1 -1 1 1 1 1 -1 -1 1 -1 1 1 -1 1 -1 1 -1 -1 1 1 1 1 -1 1 -1 -1 -1 -1 1 1 -1 13 -1 -1
-1 -1 1 1 1 -1 1 -1 1 1 1 1 -1 -1 1 1 -1 1 1 -1 -1 1 1 1 1 1 1 1 -1 -1 -1 -1 13 -1 13
1 1 1 -1 1 1 1 -1 -1 -1 -1 -1 1 1 1 -1 -1 -1 1 1 -1 -1 1 1 -1 1 1 1 -1 -1 14 -1 13 13 13
-1 -1 -1 -1 1 1 1 -1 1 1 1 -1 -1 1 -1 -1 -1 -1 -1 1 1 -1 -1 -1 -1 -1 -1 -1 15 -1 -1 -1 13 13 13
1 1 -1 1 -1 1 -1 1 -1 1 1 -1 -1 -1 -1 -1 -1 16 16 -1 -1 1 -1 -1 -1 -1 15 15 15 -1 -1 -1 13 13 13
-1 1 1 1 -1 -1 1 1 1 1 -1 17 -1 17 -1 -1 -1 16 16 -1 -1 -1 16 -1 -1 15 -1 15 -1 -1 -1 -1 -1 -1 -1
1 1 1 1 1 -1 1 -1 -1 1 -1 -1 17 17 -1 -1 17 -1 16 16 16 16 16 -1 -1 -1 -1 15 -1 -1 -1 15 15 15 15
-1 -1 1 1 1 1 1 -1 1 1 -1 -1 -1 17 17 17 17 -1 -1 -1 -1 16 -1 -1 18 18 -1 15 15 15 -1 -1 15 15 15
1 1 1 1 -1 1 -1 -1 -1 -1 -1 -1 -1 -1 17 -1 17 -1 16 16 -1 16 -1 -1 18 -1 -1 -1 -1 -1 15 15 15 -1 15
1 -1 1 -1 1 -1 19 -1 -1 19 19 -1 -1 -1 17 17 -1 16 -1 16 16 16 16 -1 -1 15 15 15 -1 15 15 -1 15 -1 15
-1 1 1 -1 1 1 -1 19 19 19 -1 -1 20 -1 -1 -1 -1 16 16 -1 16 16 16 16 -1 -1 -1 -1 15 15 15 15 15 15 15
-1 -1 1 -1 -1 -1 2 2 2 -1 -1 2 2 -1 -1 2 2 -1 2 2 -1 3 -1 4 4 -1 -1 -1 -1 -1 2 2 2 -1 2
-1 1 -1 -1 -1 -1 2 -1 -1 2 2 2 2 2 2 -1 2 2 2 -1 -1 3 -1 -1 -1 3 -1 2 2 2 -1 2 2 2 -1
1 -1 1 -1 5 -1 2 2 -1 -1 2 2 2 2 -1 -1 2 2 2 -1 -1 3 3 3 3 3 -1 -1 2 -1 2 2 2 2 2
1 1 -1 -1 -1 -1 2 -1 2 2 -1 -1 2 -1 -1 -1 2 2 2 2 -1 -1 -1 -1 3 -1 2 -1 -1 2 -1 -1 -1 2 2
1 1 -1 6 -1 -1 -1 2 2 -1 2 -1 -1 2 2 2 2 2 -1 2 2 2 -1 7 -1 -1 -1 2 2 2 -1 2 -1 2 2
-1 -1 6 -1 -1 -1 2 2 -1 2 2 -1 -1 -1 -1 -1 -1 2 -1 2 -1 -1 -1 -1 2 2 2 2 2 2 2 -1 2 -1 -1
8 8 -1 -1 -1 -1 2 -1 2 -1 2 2 2 2 -1 2 2 2 -1 -1 -1 2 2 2 -1 2 2 2 -1 2 -1 2 -1 2 2
-1 -1 2 2 -1 2 2 2 -1 2 -1 -1 2 -1 2 2 2 2 -1 2 -1 2 -1 2 2 -1 -1 2 -1 2 2 -1 2 2 2
-1 -1 2 -1 2 2 -1 -1 -1 -1 2 -1 -1 -1 -1 2 2 2 2 2 2 -1 -1 -1 2 -1 2 -1 2 2 -1 2 2 2 2
2 -1 2 -1 -1 2 2 -1 -1 2 -1 9 -1 -1 2 2 -1 -1 2 -1 2 2 -1 2 2 -1 2 2 -1 -1 -1 2 2 2 -1
2 2 2 -1 2 -1 2 -1 -1 2 2 -1 -1 -1 -1 2 -1 2 -1 -1 -1 2 2 2 -1 -1 -1 -1 2 2 2 2 2 2 2
-1 2 2 -1 2 -1 -1 -1 -1 -1 2 -1 2 -1 -1 2 2 2 2 2 2 -1 2 -1 2 -1 2 2 -1 2 2 2 -1 -1 2
-1 -1 2 2 2 2 -1 -1 2 2 2 2 2 2 -1 -1 -1 -1 2 -1 -1 -1 2 2 2 2 2 -1 -1 2 -1 -1 -1 -1 2
2 2 2 2 -1 -1 2 2 -1 -1 -1 2 2 -1 2 2 -1 2 2 -1 2 2 2 -1 2 -1 2 -1 2 2 -1 2 -1 2 2
-1 2 2 2 2 -1 -1 2 -1 2 2 2 -1 2 2 -1 -1 -1 2 2 -1 2 -1 -1 2 2 -1 2 2 2 2 2 2 2 -1
2 -1 2 -1 -1 2 2 2 2 -1 -1 -1 2 -1 -1 2 2 2 -1 2 -1 2 2 2 -1 -1 2 2 -1 2 -1 -1 2 2 2
-1 -1 -1 -1 -1 -1 2 2 -1 -1 -1 2 2 2 -1 -1 -1 2 2 -1 2 -1 -1 2 2 2 2 -1 2 2 -1 -1 2 -1 2
10 -1 -1 -1 2 2 2 2 2 2 -1 2 2 -1 11 11 -1 -1 2 -1 2 2 -1 2 2 -1 2 -1 2 -1 2 2 -1 2 -1
-1 10 10 10 -1 -1 2 -1 -1 -1 -1 -1 -1 -1 11 11 11 -1 -1 2 2 2 -1 2 -1 2 -1 2 2 2 2 -1 -1 2 -1
-1 -1 -1 -1 2 2 2 -1 -1 12 12 -1 11 -1 -1 11 11 -1 -1 -1 2 2 -1 2 -1 -1 -1 2 2 -1 -1 2 2 2 -1
13 -1 2 2 -1 2 2 2 -1 12 -1 -1 11 11 11 11 -1 11 -1 -1 -1 -1 -1 2 2 2 -1 2 2 2 2 2 -1 2 2
-1 -1 -1 2 2 2 -1 -1 -1 -1 14 -1 -1 11 11 -1 -1 -1 -1 2 -1 -1 2 2 2 2 2 2 -1 -1 -1 2 2 2 2
15 15 15 -1 2 -1 -1 16 -1 -1 -1 -1 -1 -1 -1 -1 2 2 2 -1 2 2 2 -1 2 2 -1 2 2 2 -1 2 2 -1 -1
-1 -1 -1 2 2 -1 -1 -1 2 2 2 -1 2 -1 2 2 -1 -1 2 2 -1 2 2 2 -1 -1 -1 2 -1 -1 -1 2 -1 17 17
2 2 2 -1 2 -1 2 2 2 -1 2 2 -1 2 2 -1 2 -1 -1 2 -1 2 -1 -1 2 2 2 2 2 2 -1 -1 2 -1 17
2 -1 -1 -1 2 2 2 -1 2 -1 -1 -1 2 -1 -1 -1 2 2 2 -1 2 2 -1 2 2 2 -1 -1 2 2 2 2 2 -1 -1
2 2 2 -1 2 2 -1 -1 2 -1 -1 -1 2 2 2 2 2 -1 -1 -1 2 -1 -1 2 2 2 -1 -1 -1 -1 -1 2 2 2 2
2 2 2 2 2 2 2 2 -1 18 -1 -1 -1 2 2 -1 -1 2 -1 -1 2 2 -1 2 2 -1 -1 -1 -1 -1 -1 2 2 2 -1
2 2 -1 -1 2 2 2 2 2 -1 -1 2 2 2 -1 -1 2 2 -1 -1 2 -1 2 -1 -1 -1 2 -1 2 2 -1 2 -1 -1 2
2 2 -1 -1 2 -1 -1 -1 -1 -1 -1 -1 -1 -1 2 2 2 2 -1 -1 2 2 -1 -1 2 -1 2 2 -1 2 -1 2 2 -1 -1
-1 2 2 -1 2 2 -1 -1 2 -1 19 -1 2 2 -1 2 2 -1 -1 -1 -1 2 2 2 2 2 2 -1 -1 2 2 2 2 2 2
-1 2 2 2 -1 2 2 2 2 -1 19 -1 2 2 2 -1 2 2 2 2 -1 -1 2 2 2 2 2 2 -1 -1 -1 2 2 -1 -1
-1 2 2 2 -1 -1 2 -1 -1 2 -1 -1 -1 -1 2 2 2 -1 2 2 -1 -1 -1 -1 2 2 -1 2 2 -1 20 -1 -1 2 2
2 2 -1 2 -1 -1 2 -1 2 -1 2 2 2 -1 2 2 -1 -1 2 2 2 -1 2 2 2 -1 2 -1 -1 20 -1 -1 2 2 -1
-1 -1 -1 -1 -1 -1 2 -1 -1 2 2 -1 2 2 -1 2 2 -1 -1 -1 2 2 2 2 -1 -1 -1 -1 -1 -1 20 -1 2 -1 -1
-1 1 -1 2 -1 -1 -1 3 3 -1 -1 3 3 -1 4 4 4 -1 -1 4 4 -1 4 -1 4 -1 4 -1 4 4 4 -1 5 -1 -1
1 1 -1 2 -1 3 3 -1 3 -1 3 -1 3 -1 4 4 4 4 4 4 4 4 4 4 4 4 4 4 4 -1 4 -1 -1 6 6
1 1 -1 -1 -1 -1 3 -1 3 3 3 -1 -1 -1 4 4 -1 4 4 -1 -1 -1 -1 4 -1 -1 -1 4 -1 -1 4 4 4 -1 -1
-1 -1 3 -1 3 3 3 -1 -1 3 -1 -1 4 4 -1 -1 4 4 4 -1 4 -1 -1 4 4 4 -1 -1 4 4 4 4 4 4 -1
7 -1 -1 3 3 3 3 -1 8 -1 -1 -1 4 -1 4 4 4 -1 4 4 4 4 -1 -1 4 4 4 4 -1 -1 -1 -1 4 -1 -1
-1 3 3 -1 3 -1 -1 -1 -1 4 -1 4 -1 -1 4 4 -1 -1 -1 4 4 4 4 -1 4 -1 -1 4 4 -1 9 -1 4 -1 -1
10 -1 -1 3 3 -1 -1 -1 -1 4 -1 -1 -1 -1 4 4 4 4 4 -1 -1 -1 -1 4 -1 4 4 4 4 -1 9 -1 4 -1 -1
-1 -1 3 3 -1 3 -1 4 4 4 4 -1 4 -1 4 -1 4 -1 -1 11 11 -1 -1 -1 4 4 -1 4 -1 -1 -1 4 4 -1 12
-1 -1 -1 -1 3 3 -1 -1 -1 -1 4 4 -1 4 4 -1 -1 -1 11 11 -1 -1 13 -1 4 -1 4 -1 4 4 -1 4 4 -1 -1
4 4 4 -1 -1 3 3 -1 4 4 4 -1 4 4 -1 14 14 -1 11 -1 15 -1 -1 4 -1 -1 4 -1 4 -1 4 4 4 4 4
4 4 4 -1 4 -1 -1 -1 4 -1 -1 4 4 -1 4 -1 -1 -1 -1 11 -1 -1 4 4 4 -1 4 4 4 -1 4 -1 4 -1 4
4 4 -1 4 -1 4 4 4 4 -1 4 4 4 4 -1 4 -1 4 -1 11 11 -1 4 -1 -1 4 -1 4 -1 4 4 4 4 -1 4
4 -1 -1 -1 4 4 -1 -1 4 4 -1 4 4 4 4 4 -1 -1 4 -1 -1 -1 4 4 4 4 -1 -1 4 4 -1 4 4 -1 4
4 4 4 4 4 4 4 -1 -1 4 4 4 -1 -1 4 4 -1 -1 4 4 4 -1 4 4 4 4 -1 -1 -1 4 -1 -1 -1 4 4
4 -1 4 -1 -1 4 -1 4 4 4 4 4 -1 -1 4 4 -1 4 4 -1 -1 -1 4 4 -1 4 -1 4 4 -1 4 4 -1 -1 4
-1 4 4 -1 4 4 4 4 4 -1 -1 4 4 4 -1 4 -1 -1 4 -1 4 -1 -1 4 4 -1 4 -1 -1 4 4 4 -1 -1 -1
-1 4 -1 -1 4 4 -1 4 4 -1 -1 4 -1 4 4 4 4 -1 4 -1 4 4 -1 -1 4 4 4 4 4 4 -1 -1 -1 -1 16
4 -1 -1 -1 4 4 4 4 4 4 4 4 -1 4 4 -1 -1 4 4 -1 4 -1 -1 -1 4 -1 4 4 4 -1 4 4 -1 -1 16
4 4 4 -1 4 4 -1 -1 4 4 4 4 4 -1 -1 4 4 4 -1 4 4 -1 4 4 4 -1 -1 -1 4 4 4 -1 -1 -1 -1
-1 4 -1 4 -1 4 -1 4 -1 4 4 4 4 4 4 -1 -1 -1 -1 4 4 4 4 -1 -1 -1 4 4 -1 -1 4 4 4 4 4
-1 -1 4 -1 4 4 4 4 4 -1 4 -1 4 -1 4 -1 -1 -1 -1 4 4 4 4 -1 -1 4 4 -1 -1 4 4 4 4 4 4
-1 -1 -1 4 4 4 -1 4 -1 4 -1 -1 -1 -1 -1 4 4 4 -1 4 -1 -1 4 -1 4 -1 -1 4 -1 -1 -1 4 4 -1 4
-1 -1 4 4 -1 -1 4 4 4 4 -1 -1 17 17 -1 -1 4 4 4 4 -1 -1 4 -1 4 4 4 4 4 4 4 -1 -1 -1 -1
4 4 -1 4 4 -1 4 4 4 -1 -1 -1 -1 -1 4 4 4 -1 4 4 4 -1 -1 4 -1 -1 4 -1 4 4 4 4 4 -1 18
4 -1 -1 -1 4 -1 -1 -1 -1 -1 4 4 4 4 -1 -1 4 4 -1 4 4 -1 -1 4 -1 -1 4 4 4 -1 4 4 -1 -1 18
-1 -1 -1 -1 -1 19 -1 -1 4 4 4 -1 -1 4 4 4 4 4 4 4 -1 4 4 4 -1 4 4 4 -1 4 4 4 -1 18 18
20 -1 -1 -1 -1 -1 -1 4 4 4 -1 -1 -1 -1 4 4 4 4 -1 -1 4 -1 -1 -1 4 -1 4 -1 -1 4 4 -1 -1 18 18
20 -1 -1 -1 -1 4 4 4 4 4 4 -1 4 4 -1 -1 4 4 4 -1 -1 4 4 4 4 4 -1 4 4 4 4 4 -1 -1 -1
-1 -1 -1 -1 -1 4 4 4 -1 4 -1 4 4 -1 -1 4 4 4 -1 4 -1 -1 4 -1 4 4 -1 -1 4 4 -1 4 4 4 4
-1 4 4 -1 4 -1 -1 -1 -1 -1 -1 -1 -1 4 4 4 -1 -1 4 -1 4 4 -1 4 4 4 4 4 4 -1 4 -1 -1 -1 -1
-1 4 4 4 4 4 -1 -1 4 -1 4 4 4 -1 -1 -1 4 4 -1 -1 4 4 4 -1 -1 4 4 4 -1 -1 4 -1 -1 4 4
-1 -1 -1 4 4 -1 4 4 4 4 -1 -1 4 -1 -1 4 -1 -1 -1 4 -1 -1 4 4 4 -1 -1 -1 4 4 -1 -1 -1 -1 4
4 4 -1 4 -1 4 4 -1 4 -1 -1 4 4 4 -1 4 -1 -1 4 -1 4 4 4 -1 4 -1 4 4 4 -1 4 4 4 4 4
4 4 4 4 -1 -1 4 -1 4 4 4 4 4 -1 4 4 -1 4 4 4 4 -1 4 -1 4 4 4 4 -1 4 4 -1 -1 4 4
4 4 4 4 4 -1 -1 4 -1 -1 4 -1 4 4 -1 -1 4 -1 -1 4 -1 4 -1 4 -1 -1 -1 -1 -1 4 4 -1 -1 4 4
-1 1 1 1 1 1 -1 1 1 -1 -1 1 1 -1 1 -1 -1 2 2 -1 -1 -1 -1 -1 -1 1 -1 -1 1 1 -1 1 -1 3 3
-1 -1 -1 -1 1 1 1 -1 1 -1 1 -1 1 -1 1 -1 2 -1 2 -1 -1 1 1 1 -1 1 -1 -1 1 1 -1 1 -1 -1 3
4 4 4 -1 -1 1 -1 -1 -1 1 1 -1 -1 -1 1 -1 2 -1 -1 -1 -1 1 1 1 -1 -1 1 -1 1 1 1 -1 1 -1 -1
-1 4 4 -1 1 -1 5 -1 -1 1 -1 1 -1 -1 1 -1 2 -1 6 6 -1 1 1 1 1 1 1 -1 1 1 1 1 1 -1 7
4 4 -1 -1 -1 -1 -1 -1 -1 -1 1 -1 1 1 1 1 -1 2 -1 -1 -1 1 1 1 -1 1 1 1 1 -1 -1 1 1 -1 7
-1 -1 -1 -1 1 -1 8 8 -1 1 1 -1 -1 1 1 1 -1 -1 -1 -1 1 1 -1 1 -1 -1 -1 1 1 -1 1 1 1 -1 -1
1 1 -1 1 1 -1 -1 -1 -1 1 -1 1 -1 -1 -1 1 1 1 1 1 1 -1 1 1 -1 -1 1 1 -1 -1 1 -1 1 -1 9
-1 1 -1 1 1 1 1 1 -1 -1 1 -1 -1 1 1 1 1 -1 1 1 -1 -1 1 1 -1 -1 1 1 -1 -1 1 -1 1 -1 -1
10 -1 1 1 1 1 1 1 1 -1 1 1 1 -1 -1 1 1 -1 1 -1 1 -1 -1 -1 -1 1 1 1 1 1 1 -1 -1 1 1
-1 1 -1 -1 -1 1 1 -1 -1 1 -1 -1 1 -1 1 -1 -1 1 -1 1 -1 -1 -1 1 -1 1 -1 1 1 1 1 1 1 -1 -1
11 -1 -1 -1 -1 1 1 -1 -1 -1 1 1 -1 -1 1 -1 -1 -1 1 -1 1 1 1 -1 1 1 1 1 1 1 -1 1 -1 1 -1
11 -1 12 12 -1 1 1 1 1 1 1 1 -1 -1 -1 -1 1 1 1 -1 -1 1 1 -1 -1 1 1 1 -1 1 1 1 1 1 -1
11 11 -1 12 -1 -1 -1 -1 1 -1 -1 1 1 1 1 1 1 1 1 1 1 1 1 -1 -1 -1 1 1 1 -1 -1 -1 1 1 1
-1 -1 -1 12 -1 13 -1 1 1 1 -1 -1 1 -1 1 1 1 -1 1 -1 1 -1 1 1 -1 -1 1 -1 1 1 -1 1 -1 -1 1
-1 -1 -1 12 -1 13 -1 -1 1 1 1 -1 -1 1 1 1 1 -1 -1 -1 -1 1 1 1 -1 14 -1 -1 -1 -1 -1 -1 1 1 1
12 12 12 12 -1 -1 1 1 1 -1 1 1 1 -1 -1 -1 1 1 -1 -1 1 1 -1 1 -1 -1 -1 -1 -1 1 1 1 1 -1 1
-1 12 12 -1 -1 1 1 1 1 -1 -1 -1 1 1 1 1 1 1 1 1 1 -1 1 1 -1 15 15 -1 1 1 1 -1 1 -1 1
-1 -1 -1 1 1 -1 -1 -1 -1 -1 1 1 -1 1 1 -1 -1 1 1 -1 -1 -1 1 -1 15 15 -1 1 1 1 -1 1 -1 1 -1
-1 -1 16 -1 -1 1 1 1 1 -1 1 -1 -1 1 1 -1 17 -1 1 -1 -1 -1 1 1 -1 15 -1 1 -1 -1 1 1 -1 1 1
-1 -1 16 -1 1 1 -1 -1 -1 1 1 1 -1 1 -1 17 -1 1 -1 1 -1 1 -1 -1 -1 -1 -1 -1 1 -1 -1 1 1 1 -1
18 -1 -1 16 -1 1 1 1 -1 -1 1 1 -1 1 1 -1 -1 -1 1 -1 1 1 1 1 1 1 1 -1 1 -1 1 1 1 1 -1
-1 1 -1 -1 -1 -1 1 -1 1 1 1 1 1 1 -1 -1 -1 1 -1 -1 -1 1 1 1 -1 1 -1 1 -1 -1 1 -1 -1 1 1
1 1 1 -1 1 -1 -1 -1 -1 -1 1 -1 -1 -1 1 -1 -1 1 -1 -1 19 -1 -1 1 1 -1 -1 1 -1 -1 1 1 1 1 -1
-1 1 -1 1 1 -1 -1 1 1 -1 1 -1 1 -1 1 -1 1 -1 1 -1 -1 1 1 1 -1 -1 1 1 1 1 -1 -1 -1 1 1
-1 1 1 1 1 1 -1 1 1 1 1 1 1 -1 -1 1 1 1 1 1 1 -1 1 1 1 -1 -1 1 -1 1 -1 1 -1 -1 1
-1 -1 1 1 -1 1 1 1 1 -1 1 -1 -1 -1 1 -1 1 1 1 -1 -1 1 -1 1 -1 -1 1 1 1 -1 -1 1 -1 1 -1
20 -1 -1 -1 1 1 1 1 -1 -1 1 -1 21 -1 -1 -1 1 1 -1 1 -1 -1 1 -1 -1 22 -1 -1 -1 -1 -1 1 1 1 -1
-1 1 1 1 -1 -1 -1 -1 1 1 -1 -1 21 -1 1 -1 -1 -1 1 -1 1 -1 1 -1 22 22 -1 1 1 1 1 -1 1 -1 23
1 1 1 1 1 -1 -1 1 1 1 1 1 -1 21 -1 1 -1 -1 1 1 1 1 -1 -1 -1 -1 -1 1 1 -1 -1 -1 -1 -1 -1
1 1 -1 -1 1 1 -1 1 1 1 1 -1 -1 -1 1 -1 -1 -1 1 1 -1 1 1 1 1 -1 -1 -1 1 1 1 -1 1 -1 1
1 1 1 1 1 1 1 1 1 -1 1 1 1 -1 1 1 1 1 1 1 1 -1 1 1 1 1 -1 -1 -1 -1 -1 1 1 1 1
-1 1 -1 1 -1 1 -1 -1 -1 -1 1 -1 -1 1 -1 -1 1 1 1 -1 1 1 -1 1 -1 -1 24 -1 1 1 1 1 1 1 1
1 1 1 1 -1 -1 1 -1 -1 1 -1 1 -1 1 -1 -1 1 -1 1 -1 1 -1 1 -1 -1 1 -1 -1 1 -1 1 -1 -1 1 1
1 -1 -1 -1 25 -1 1 -1 -1 1 1 -1 1 1 -1 -1 1 -1 -1 1 1 1 1 1 -1 1 1 1 -1 -1 1 -1 -1 1 -1
1 -1 25 25 25 25 -1 -1 1 1 -1 -1 -1 -1 1 -1 -1 1 -1 1 -1 1 -1 1 -1 -1 1 -1 -1 -1 -1 1 -1 -1 -1
-1 -1 -1 -1 1 1 -1 1 1 -1 -1 1 -1 2 -1 -1 -1 -1 -1 -1 2 2 2 -1 3 -1 2 -1 2 2 -1 -1 -1 2 -1
1 1 1 1 1 -1 -1 -1 1 1 1 -1 2 2 2 2 2 -1 2 -1 -1 2 2 -1 -1 2 2 2 -1 -1 2 2 2 -1 -1
1 -1 -1 -1 -1 1 -1 -1 1 -1 1 -1 2 -1 -1 -1 2 2 2 2 2 2 -1 2 2 2 2 2 -1 2 2 -1 2 2 -1
1 -1 -1 -1 1 1 -1 -1 -1 1 -1 2 -1 2 2 -1 2 -1 -1 2 2 2 2 -1 -1 -1 -1 -1 -1 2 2 -1 2 -1 4
1 -1 -1 -1 1 1 1 1 1 1 1 -1 -1 -1 -1 2 -1 2 2 2 2 -1 2 -1 -1 -1 -1 2 -1 -1 2 -1 2 2 -1
-1 5 5 -1 -1 1 -1 -1 -1 -1 -1 2 -1 2 -1 2 -1 2 2 -1 2 2 2 2 -1 2 -1 2 -1 -1 -1 2 2 -1 -1
6 -1 -1 5 5 -1 -1 2 -1 -1 2 -1 2 2 2 2 2 -1 2 2 2 2 2 2 -1 2 -1 2 2 2 -1 2 -1 2 2
6 6 -1 5 -1 -1 -1 2 2 2 -1 2 -1 2 2 2 2 -1 2 2 2 -1 2 -1 -1 2 2 -1 -1 2 2 2 2 2 -1
6 6 -1 5 -1 2 -1 2 -1 2 -1 -1 -1 2 -1 2 2 2 2 2 2 -1 2 -1 2 2 2 2 2 2 -1 -1 2 -1 -1
-1 -1 -1 -1 -1 2 2 -1 2 2 2 2 -1 2 2 -1 2 2 2 2 -1 -1 2 2 2 2 2 -1 2 2 -1 2 2 -1 2
7 -1 -1 -1 2 2 -1 -1 2 2 -1 2 2 -1 -1 2 -1 2 2 2 -1 -1 2 2 -1 2 -1 2 2 2 2 2 2 2 2
-1 8 -1 -1 2 -1 2 -1 2 2 -1 2 2 2 -1 -1 2 2 -1 -1 2 2 -1 -1 2 2 -1 -1 -1 2 2 2 -1 2 -1
-1 8 -1 -1 -1 -1 2 -1 2 2 2 -1 -1 2 2 2 2 2 -1 2 2 -1 2 2 -1 2 -1 2 -1 2 -1 2 2 -1 2
8 -1 -1 2 2 -1 2 -1 2 2 2 2 2 -1 -1 2 -1 -1 2 2 2 -1 2 -1 -1 2 2 2 -1 2 2 2 -1 2 2
8 -1 2 2 2 -1 -1 2 -1 2 2 -1 -1 -1 -1 -1 2 2 2 -1 2 -1 -1 2 -1 -1 -1 2 -1 2 -1 -1 2 2 -1
-1 2 -1 2 2 2 -1 2 2 -1 2 2 2 2 -1 2 -1 -1 2 2 2 -1 2 2 2 -1 -1 2 -1 2 2 -1 -1 2 2
2 2 2 -1 2 2 -1 -1 -1 2 -1 -1 -1 2 2 -1 -1 -1 -1 -1 -1 2 2 -1 -1 2 2 2 2 2 2 -1 -1 2 2
2 2 -1 2 2 2 -1 2 2 -1 2 2 -1 2 2 -1 -1 -1 9 -1 -1 -1 -1 2 2 2 -1 -1 -1 -1 -1 -1 2 -1 2
2 2 -1 2 -1 -1 -1 2 2 2 2 -1 2 -1 -1 -1 9 9 9 -1 2 2 -1 2 2 -1 -1 10 -1 10 10 10 -1 -1 -1
-1 2 2 -1 2 2 2 2 -1 -1 -1 -1 -1 9 9 -1 9 9 -1 -1 -1 2 2 -1 -1 10 10 10 10 -1 10 10 10 10 10
2 2 -1 2 2 2 2 2 2 2 2 2 -1 9 9 9 9 -1 9 -1 -1 -1 -1 -1 -1 10 -1 10 -1 -1 10 10 -1 10 -1
-1 -1 2 2 -1 -1 2 2 2 -1 -1 2 -1 9 9 9 -1 9 -1 -1 11 11 11 -1 10 -1 10 10 -1 10 -1 -1 10 -1 12
2 2 2 2 2 2 2 -1 -1 2 2 2 -1 9 9 -1 -1 -1 9 -1 -1 -1 -1 11 -1 -1 10 -1 10 -1 -1 -1 -1 10 -1
2 2 2 2 -1 -1 2 2 2 2 2 -1 -1 9 -1 -1 13 -1 -1 13 -1 13 -1 11 -1 -1 -1 -1 -1 -1 13 -1 -1 -1 14
-1 -1 -1 2 -1 -1 2 2 2 2 -1 2 -1 -1 -1 13 13 13 13 13 -1 13 13 -1 -1 13 -1 -1 13 13 13 -1 13 -1 -1
15 -1 2 -1 -1 -1 -1 2 2 2 -1 2 2 -1 -1 13 -1 13 13 13 13 13 13 13 13 -1 -1 -1 -1 13 13 -1 13 -1 -1
15 -1 -1 -1 15 15 15 -1 2 2 2 -1 -1 -1 -1 -1 -1 -1 -1 13 13 13 13 13 13 13 13 13 -1 13 13 13 13 13 -1
15 -1 15 15 15 -1 -1 -1 -1 2 -1 -1 -1 -1 2 2 2 2 -1 13 -1 13 -1 13 13 -1 -1 13 -1 13 13 13 -1 13 13
-1 15 15 15 -1 -1 2 2 -1 -1 2 2 2 2 -1 2 2 -1 2 -1 13 13 -1 13 13 -1 13 13 13 13 -1 13 13 13 -1
-1 -1 15 -1 2 2 2 -1 2 2 2 2 -1 2 -1 2 2 -1 -1 13 -1 13 13 13 13 13 13 -1 -1 -1 13 13 13 -1 16
17 -1 15 -1 2 -1 -1 2 2 -1 -1 2 2 2 2 -1 2 -1 -1 13 -1 -1 13 -1 13 -1 -1 -1 -1 13 13 13 -1 13 -1
-1 -1 15 -1 2 2 -1 2 -1 2 2 -1 -1 2 -1 -1 2 -1 -1 -1 13 -1 13 13 13 13 -1 -1 -1 -1 13 13 13 13 -1
-1 15 -1 15 -1 2 -1 -1 2 2 -1 2 -1 2 2 2 -1 2 2 2 -1 13 13 -1 -1 13 -1 13 13 13 13 13 13 -1 13
15 15 15 -1 2 -1 2 -1 2 -1 2 -1 -1 2 -1 -1 2 -1 2 2 -1 13 13 13 13 -1 13 -1 -1 -1 -1 -1 13 13 -1
15 15 -1 15 -1 2 2 2 2 2 2 2 -1 2 2 2 2 2 2 2 2 -1 -1 13 13 -1 13 13 -1 18 18 -1 13 13 13
-1 -1 1 1 1 1 -1 1 1 1 -1 2 -1 3 -1 4 -1 3 3 -1 -1 3 -1 5 -1 3 -1 -1 6 -1 -1 7 7 7 7
1 1 1 -1 -1 1 -1 -1 -1 1 -1 -1 -1 3 -1 -1 -1 3 -1 3 3 3 -1 -1 3 3 3 -1 -1 7 7 -1 7 7 7
1 -1 1 -1 1 1 1 1 1 1 -1 -1 8 -1 3 3 -1 -1 3 3 3 -1 3 -1 3 3 -1 -1 7 7 7 7 -1 7 7
1 1 -1 1 1 -1 -1 1 1 -1 -1 8 8 -1 3 -1 9 -1 -1 -1 3 3 3 -1 3 -1 10 -1 7 7 7 7 -1 -1 -1
1 1 -1 1 1 1 1 -1 -1 1 -1 -1 8 -1 -1 3 -1 -1 3 -1 3 -1 3 3 3 3 -1 -1 7 -1 7 -1 -1 11 11
1 -1 -1 -1 1 1 1 1 -1 -1 -1 -1 -1 -1 3 3 -1 3 3 3 3 3 -1 3 -1 -1 -1 7 -1 -1 -1 7 -1 -1 -1
-1 1 -1 -1 -1 1 1 1 -1 1 -1 1 1 1 -1 3 3 -1 3 3 3 3 -1 3 -1 -1 -1 7 7 7 7 7 7 -1 -1
1 -1 -1 12 -1 -1 1 -1 -1 1 1 1 1 -1 -1 -1 3 3 -1 3 -1 3 3 -1 -1 7 7 -1 -1 7 -1 7 7 -1 7
1 1 1 -1 -1 1 -1 1 1 1 -1 -1 -1 -1 13 -1 -1 3 3 3 -1 3 -1 -1 -1 -1 -1 7 -1 7 7 -1 7 7 7
1 1 -1 -1 -1 1 1 1 -1 1 1 1 -1 -1 -1 -1 -1 3 -1 3 -1 -1 3 3 3 -1 7 7 -1 7 7 7 -1 -1 -1
1 -1 -1 -1 1 1 -1 -1 1 -1 1 -1 -1 -1 3 3 -1 3 3 -1 -1 3 3 -1 3 3 -1 -1 7 -1 7 -1 7 -1 14
1 -1 1 -1 1 -1 1 -1 -1 -1 -1 -1 -1 3 -1 3 -1 -1 3 3 -1 -1 -1 3 3 -1 -1 -1 -1 -1 7 7 -1 -1 14
1 -1 -1 1 -1 1 1 -1 -1 15 15 -1 3 3 3 3 3 3 -1 3 3 -1 3 3 3 -1 3 3 3 -1 -1 -1 -1 14 14
1 1 1 1 1 1 -1 3 -1 -1 -1 3 3 -1 -1 3 -1 3 3 -1 -1 -1 3 -1 -1 3 -1 3 -1 -1 3 -1 14 -1 14
-1 -1 -1 -1 -1 -1 -1 3 3 3 -1 3 -1 3 -1 3 -1 -1 -1 -1 3 3 3 3 -1 -1 -1 -1 3 -1 -1 3 -1 -1 14
16 16 -1 -1 3 -1 -1 3 3 -1 3 -1 3 -1 -1 3 3 3 -1 3 -1 3 3 3 -1 -1 -1 3 -1 3 3 -1 3 -1 -1
16 -1 -1 -1 -1 3 3 -1 3 3 -1 -1 -1 3 -1 3 3 3 -1 -1 3 -1 -1 3 -1 -1 3 3 3 3 3 3 3 3 -1
-1 3 -1 -1 3 3 -1 3 3 -1 3 3 3 -1 3 3 -1 3 3 -1 -1 3 3 3 3 3 3 -1 -1 3 3 -1 3 3 3
3 3 -1 3 3 3 3 3 3 -1 3 3 -1 -1 3 3 3 3 3 3 3 -1 3 -1 -1 3 -1 -1 3 -1 -1 -1 3 3 3
3 3 3 3 -1 3 3 -1 -1 -1 -1 3 -1 -1 -1 3 3 3 -1 -1 3 3 -1 -1 -1 3 -1 3 -1 -1 -1 -1 3 -1 -1
-1 3 3 -1 3 3 3 3 -1 3 3 3 3 -1 3 3 3 -1 -1 3 3 3 3 3 3 3 -1 -1 3 3 3 3 3 3 3
3 -1 3 3 3 3 -1 3 3 3 -1 3 -1 -1 3 -1 3 -1 -1 3 3 -1 3 3 3 3 -1 -1 -1 3 -1 3 3 3 3
-1 -1 3 -1 -1 3 -1 3 3 -1 -1 3 3 3 3 -1 -1 -1 3 3 3 -1 3 -1 -1 -1 3 3 -1 3 3 3 3 3 -1
3 -1 3 -1 -1 -1 -1 -1 3 -1 -1 -1 3 3 -1 3 3 -1 -1 3 3 -1 3 -1 3 -1 -1 -1 3 -1 3 3 3 3 3
3 3 3 -1 -1 17 17 -1 -1 3 -1 3 3 3 3 3 3 -1 3 3 3 3 3 3 -1 3 3 -1 -1 -1 -1 3 3 -1 3
-1 -1 3 3 -1 -1 17 17 -1 -1 3 3 3 3 3 -1 -1 3 3 3 -1 3 -1 3 3 -1 3 3 3 -1 3 3 -1 -1 3
18 18 -1 -1 -1 -1 -1 -1 -1 3 3 -1 3 3 -1 3 -1 -1 3 -1 -1 3 3 3 -1 -1 -1 3 3 3 -1 -1 -1 19 -1
18 18 -1 -1 3 3 -1 3 3 3 3 -1 -1 -1 -1 3 3 3 -1 3 3 3 -1 3 3 -1 -1 3 3 -1 3 3 -1 19 19
18 -1 18 -1 3 -1 -1 3 3 3 -1 -1 3 -1 -1 -1 -1 -1 -1 3 -1 3 3 3 3 3 3 -1 3 -1 -1 3 -1 -1 19
18 -1 -1 -1 3 3 3 -1 -1 -1 3 3 -1 3 -1 3 -1 -1 -1 3 3 3 -1 3 3 3 3 3 3 3 3 -1 -1 -1 19
-1 -1 20 -1 -1 -1 -1 3 3 3 -1 3 3 3 3 3 3 3 3 -1 3 -1 3 3 3 -1 3 3 -1 -1 3 -1 21 21 -1
-1 20 20 -1 -1 -1 3 -1 3 3 -1 -1 3 -1 3 3 -1 3 3 3 3 -1 3 3 -1 3 3 -1 3 3 3 -1 -1 -1 22
20 20 20 -1 -1 -1 -1 -1 3 -1 -1 3 3 3 -1 -1 3 3 -1 3 -1 -1 3 -1 -1 -1 3 3 3 3 3 -1 -1 -1 22
20 20 -1 23 -1 -1 3 3 3 3 3 3 -1 3 -1 3 3 3 -1 3 -1 -1 3 -1 3 3 3 3 -1 -1 -1 -1 22 22 22
20 -1 20 -1 23 23 -1 -1 -1 -1 -1 3 3 3 3 -1 3 -1 3 -1 -1 3 3 3 3 3 3 3 -1 -1 -1 22 22 22 -1
-1 1 1 1 1 -1 -1 -1 2 2 -1 3 3 3 3 -1 4 4 -1 5 5 -1 4 4 4 4 4 4 4 -1 -1 -1 4 -1 6
-1 -1 1 -1 -1 1 1 -1 -1 -1 -1 -1 -1 -1 -1 4 4 4 -1 -1 -1 4 -1 4 -1 4 -1 4 4 -1 -1 4 -1 6 6
-1 1 1 -1 1 -1 1 1 -1 -1 -1 7 -1 -1 -1 -1 4 4 -1 4 4 4 4 -1 -1 -1 -1 4 4 4 -1 4 -1 6 6
1 1 1 1 1 1 -1 1 1 -1 -1 -1 1 1 -1 -1 4 4 -1 4 -1 4 4 4 -1 4 4 -1 4 4 -1 4 -1 -1 6
1 -1 1 1 -1 -1 -1 -1 -1 1 1 -1 1 1 -1 8 -1 4 4 -1 -1 -1 -1 -1 -1 4 4 -1 -1 -1 4 4 -1 -1 6
1 -1 1 -1 8 8 8 -1 -1 -1 1 1 -1 -1 8 8 -1 -1 4 4 -1 -1 4 4 4 4 -1 -1 -1 4 -1 -1 -1 -1 6
-1 -1 -1 -1 -1 8 8 8 -1 -1 1 -1 -1 -1 8 8 8 -1 -1 4 -1 -1 4 -1 -1 -1 -1 9 -1 4 -1 -1 6 6 6
10 10 -1 8 8 -1 -1 -1 8 -1 -1 8 8 -1 8 -1 8 8 -1 4 4 4 4 4 -1 -1 9 -1 -1 4 4 -1 6 6 6
10 10 10 -1 8 8 8 8 -1 8 8 8 8 8 -1 8 8 -1 8 -1 4 4 4 4 4 -1 -1 -1 -1 4 4 -1 -1 6 6
10 10 -1 -1 -1 -1 -1 8 8 8 -1 -1 8 8 8 -1 8 -1 8 -1 -1 -1 -1 -1 -1 -1 -1 11 -1 -1 -1 12 -1 -1 6
10 -1 10 -1 -1 -1 8 8 8 -1 -1 -1 8 -1 -1 -1 -1 8 8 8 8 -1 13 13 13 -1 14 -1 11 11 -1 -1 -1 8 -1
-1 10 -1 8 8 8 8 8 8 -1 -1 -1 8 -1 -1 8 8 -1 8 8 8 -1 -1 13 -1 -1 14 -1 -1 -1 8 8 8 8 8
10 10 10 -1 -1 8 8 -1 -1 -1 -1 -1 -1 -1 8 8 -1 8 8 -1 -1 8 8 -1 -1 15 -1 -1 8 -1 -1 8 -1 8 8
-1 10 10 10 -1 -1 -1 8 -1 -1 8 -1 -1 -1 -1 8 8 8 8 8 -1 -1 8 8 -1 -1 8 8 8 -1 8 8 8 -1 8
10 10 10 10 -1 -1 -1 -1 8 8 -1 8 -1 -1 -1 -1 -1 8 8 8 8 -1 -1 8 -1 8 8 8 8 -1 8 -1 -1 -1 -1
-1 10 -1 -1 -1 -1 -1 8 8 -1 8 -1 8 8 -1 -1 -1 -1 8 8 -1 -1 -1 -1 8 -1 -1 -1 -1 8 -1 8 8 -1 16
-1 -1 10 -1 8 8 -1 -1 -1 8 -1 8 8 -1 -1 8 8 8 -1 8 -1 8 -1 -1 -1 8 8 -1 8 8 -1 8 -1 8 -1
-1 10 -1 8 8 -1 8 -1 -1 8 8 -1 8 -1 8 8 -1 -1 8 -1 8 8 -1 -1 8 -1 8 8 -1 -1 8 -1 8 -1 -1
-1 -1 -1 -1 8 8 -1 8 -1 -1 8 -1 8 8 -1 8 8 -1 -1 8 -1 8 8 -1 8 -1 -1 8 8 8 -1 -1 8 8 8
17 -1 -1 -1 -1 8 8 8 -1 8 8 -1 -1 -1 8 8 -1 -1 -1 8 8 8 8 -1 -1 8 8 -1 8 -1 -1 -1 8 -1 8
17 17 17 17 -1 -1 8 8 8 -1 8 8 8 8 8 -1 8 8 -1 -1 -1 -1 8 8 8 8 8 8 -1 8 8 8 8 8 8
17 17 17 -1 8 8 -1 -1 -1 -1 8 -1 8 -1 8 8 8 -1 -1 18 18 -1 -1 -1 -1 -1 -1 -1 -1 8 8 8 -1 -1 -1
17 17 17 17 -1 8 8 8 -1 8 8 -1 -1 -1 -1 -1 8 -1 -1 -1 18 -1 8 -1 8 8 -1 8 8 8 -1 8 -1 19 -1
-1 -1 17 -1 -1 -1 8 -1 8 -1 8 -1 -1 8 8 8 8 -1 -1 -1 -1 -1 8 -1 8 8 8 8 -1 8 -1 -1 -1 -1 8
20 -1 17 -1 -1 8 -1 8 8 -1 -1 8 -1 8 8 -1 8 -1 -1 8 -1 -1 8 8 8 -1 8 8 8 -1 8 8 8 -1 8
-1 -1 -1 -1 -1 8 8 -1 -1 21 -1 8 -1 8 -1 8 -1 -1 8 -1 8 8 8 8 8 -1 -1 -1 8 8 -1 8 -1 8 -1
22 22 -1 -1 8 8 -1 -1 -1 -1 -1 -1 -1 8 -1 -1 8 8 8 8 8 8 -1 -1 8 -1 8 8 8 -1 8 8 8 8 -1
-1 -1 8 8 8 8 -1 8 -1 23 -1 -1 8 -1 8 8 -1 -1 8 8 -1 -1 -1 -1 8 8 -1 -1 -1 -1 8 -1 8 8 -1
24 -1 8 -1 -1 8 8 8 -1 -1 -1 -1 -1 8 -1 -1 8 -1 8 8 8 -1 8 8 -1 -1 8 8 8 -1 -1 -1 8 8 8
24 -1 8 8 -1 8 -1 8 -1 -1 8 -1 -1 8 8 -1 8 8 8 8 8 8 -1 8 8 -1 -1 8 8 -1 8 -1 8 -1 8
-1 -1 8 8 -1 -1 8 -1 8 8 -1 8 8 -1 -1 8 8 8 8 -1 -1 -1 8 -1 8 -1 8 -1 8 8 -1 8 8 8 -1
-1 -1 -1 8 8 8 8 8 8 -1 8 -1 8 8 8 -1 8 -1 -1 8 8 8 -1 8 8 8 8 -1 8 -1 8 8 8 8 -1
25 25 25 -1 -1 8 8 -1 -1 8 -1 8 -1 8 -1 8 8 8 -1 -1 8 8 8 8 -1 8 8 -1 8 8 8 8 8 -1 -1
25 -1 25 25 -1 -1 8 8 -1 -1 8 8 8 8 -1 8 -1 -1 -1 8 -1 8 8 8 -1 -1 8 -1 8 8 8 -1 -1 26 -1
-1 25 -1 -1 25 -1 8 8 8 8 8 8 8 -1 8 -1 -1 -1 27 -1 -1 -1 8 8 8 8 8 8 -1 8 8 8 -1 -1 26
-1 1 -1 -1 -1 -1 -1 -1 2 2 2 2 2 2 2 -1 3 -1 2 2 -1 -1 4 4 -1 -1 -1 2 2 2 -1 2 -1 -1 -1
1 1 -1 2 2 2 2 2 2 -1 -1 2 -1 2 -1 -1 -1 2 -1 -1 2 -1 4 -1 2 2 2 -1 2 2 2 2 -1 5 -1
-1 1 -1 -1 -1 -1 -1 2 2 2 -1 2 2 2 -1 -1 2 2 2 2 2 -1 -1 -1 -1 2 2 -1 -1 -1 -1 2 -1 5 5
-1 -1 2 2 -1 2 -1 2 2 -1 -1 -1 2 2 -1 -1 2 2 -1 -1 2 -1 2 2 2 2 -1 -1 -1 6 -1 -1 5 -1 -1
2 2 2 2 2 2 2 2 2 2 2 -1 -1 -1 -1 2 2 -1 2 2 2 2 -1 2 -1 -1 2 -1 7 -1 6 -1 5 -1 -1
2 2 -1 -1 -1 -1 -1 2 -1 -1 -1 -1 -1 8 -1 2 -1 -1 2 -1 -1 -1 -1 -1 2 -1 2 -1 -1 6 6 -1 -1 -1 9
-1 2 -1 2 -1 2 -1 2 -1 2 2 2 -1 -1 -1 2 2 -1 -1 -1 -1 2 -1 -1 -1 2 2 2 2 -1 6 -1 -1 -1 -1
2 2 -1 2 -1 2 2 -1 -1 2 2 -1 2 2 -1 2 2 2 2 2 -1 2 2 -1 -1 2 2 -1 -1 -1 6 6 6 6 -1
2 2 -1 2 2 2 -1 2 2 2 2 2 -1 -1 2 -1 2 -1 2 -1 -1 2 -1 2 2 2 -1 -1 -1 10 -1 -1 6 -1 -1
2 -1 -1 -1 -1 -1 -1 2 2 2 2 -1 2 -1 2 2 2 -1 2 -1 -1 2 -1 -1 -1 2 2 -1 10 -1 2 -1 -1 2 -1
-1 -1 2 -1 -1 -1 -1 2 2 2 2 -1 -1 2 2 -1 -1 -1 -1 2 2 2 2 -1 -1 -1 2 -1 10 -1 2 2 -1 -1 2
-1 2 2 2 2 2 -1 2 2 2 2 2 -1 2 -1 2 2 -1 -1 -1 -1 2 2 2 2 2 -1 10 10 -1 2 2 2 2 -1
2 2 2 2 2 -1 -1 -1 -1 2 2 -1 2 -1 2 -1 -1 2 2 -1 -1 -1 -1 2 -1 -1 2 -1 -1 10 -1 2 2 -1 2
2 -1 -1 2 2 2 2 -1 2 -1 2 2 2 -1 -1 2 2 -1 2 -1 -1 -1 2 2 -1 2 -1 2 -1 -1 -1 -1 2 2 2
-1 2 -1 2 2 2 -1 -1 -1 2 -1 -1 -1 2 2 2 2 2 2 2 2 2 2 -1 -1 2 2 2 2 2 2 -1 2 2 -1
2 2 -1 2 2 2 -1 2 2 -1 -1 2 2 -1 -1 2 2 2 -1 -1 2 -1 -1 -1 -1 2 2 -1 -1 2 -1 2 -1 2 -1
-1 2 2 2 2 2 2 -1 2 2 -1 2 -1 -1 2 -1 -1 -1 -1 -1 2 -1 2 2 -1 -1 -1 2 2 2 -1 2 2 2 -1
2 -1 -1 2 2 -1 2 2 2 2 -1 -1 2 2 2 2 -1 2 -1 -1 2 2 2 -1 11 11 -1 -1 2 -1 2 -1 -1 2 2
2 2 -1 2 -1 -1 2 2 -1 2 2 -1 -1 -1 2 2 -1 2 -1 -1 -1 -1 -1 -1 -1 11 11 -1 -1 -1 -1 2 2 -1 -1
2 2 -1 2 2 2 -1 -1 -1 2 2 2 -1 -1 2 -1 2 -1 -1 2 -1 2 -1 -1 11 -1 -1 -1 12 -1 2 -1 2 -1 -1
-1 2 -1 2 2 2 2 2 2 2 2 -1 -1 2 2 2 2 2 2 2 2 2 -1 2 -1 -1 2 -1 12 -1 2 -1 -1 2 -1
2 2 -1 2 -1 -1 2 2 -1 2 -1 -1 -1 2 -1 2 -1 -1 -1 -1 2 2 -1 2 2 2 2 -1 -1 2 -1 -1 -1 2 -1
-1 2 2 -1 2 2 -1 -1 2 -1 2 -1 2 2 -1 -1 2 -1 2 2 -1 -1 2 2 2 2 2 -1 -1 2 -1 -1 2 2 -1
2 -1 2 -1 -1 2 -1 2 2 2 -1 -1 2 2 2 2 2 -1 -1 2 2 2 -1 -1 2 2 2 -1 2 2 2 -1 2 2 2
2 2 -1 2 -1 -1 -1 -1 -1 -1 2 2 2 -1 -1 -1 -1 2 -1 2 -1 -1 -1 -1 -1 2 2 2 -1 2 -1 -1 -1 2 -1
2 2 -1 2 -1 2 -1 -1 -1 -1 2 2 2 -1 13 -1 2 -1 2 2 2 2 -1 2 -1 2 2 -1 -1 -1 2 -1 2 2 2
2 2 2 -1 -1 2 2 2 2 2 -1 -1 2 -1 -1 -1 2 2 2 2 2 2 -1 2 2 2 -1 -1 2 2 2 -1 2 2 -1
2 2 2 -1 2 2 2 -1 2 2 2 -1 2 -1 -1 2 2 2 2 2 2 -1 2 2 2 2 -1 -1 2 2 2 2 -1 -1 -1
-1 2 -1 2 -1 2 -1 2 2 2 2 -1 2 -1 -1 -1 -1 2 2 -1 -1 -1 2 2 2 -1 -1 2 2 2 -1 -1 -1 -1 2
-1 -1 -1 2 -1 2 -1 2 2 2 2 -1 -1 14 14 -1 2 2 2 -1 -1 -1 2 2 -1 2 2 -1 -1 2 2 2 -1 -1 2
2 -1 2 2 -1 2 -1 -1 2 2 2 2 2 -1 -1 -1 -1 -1 -1 2 2 2 2 2 -1 -1 -1 2 2 2 2 2 -1 2 2
2 2 -1 2 -1 -1 2 2 2 2 -1 -1 2 2 2 2 2 2 2 -1 -1 2 2 2 -1 -1 2 -1 -1 2 2 2 2 2 2
-1 2 -1 -1 -1 2 2 -1 2 2 -1 15 -1 2 2 -1 -1 2 -1 -1 16 -1 2 2 2 -1 -1 -1 -1 2 2 -1 -1 2 -1
2 -1 -1 -1 2 2 2 2 2 -1 -1 -1 2 2 -1 2 -1 2 2 -1 -1 2 2 -1 2 2 2 2 2 2 2 2 -1 -1 17
-1 -1 -1 18 -1 -1 -1 -1 2 2 -1 2 2 2 -1 2 2 2 -1 -1 2 2 2 2 2 2 2 2 -1 -1 -1 -1 -1 19 -1
-1 -1 1 1 -1 2 -1 -1 2 2 2 2 -1 2 2 2 2 2 -1 2 2 2 -1 2 2 2 2 2 2 2 2 2 -1 -1 3
-1 -1 -1 -1 2 -1 2 2 2 2 2 2 2 2 -1 2 2 -1 -1 2 2 -1 2 -1 2 2 -1 2 -1 -1 -1 -1 3 3 3
-1 -1 4 -1 -1 2 2 2 -1 2 -1 2 2 2 2 2 -1 -1 2 -1 2 2 2 -1 2 2 2 2 2 -1 -1 -1 -1 -1 3
-1 4 -1 5 -1 -1 -1 2 2 -1 2 2 -1 -1 2 -1 2 -1 2 2 -1 -1 2 -1 -1 2 2 -1 -1 2 -1 2 2 -1 -1
4 4 4 -1 -1 6 -1 -1 -1 2 -1 2 2 2 2 2 2 2 -1 -1 2 2 2 2 2 2 -1 2 -1 -1 2 2 2 2 2
4 -1 -1 -1 -1 -1 7 -1 -1 -1 -1 2 -1 2 2 2 -1 2 2 -1 -1 2 2 -1 2 2 2 -1 2 2 2 2 -1 -1 2
4 -1 -1 2 2 2 -1 -1 8 8 -1 -1 2 2 2 2 2 -1 -1 -1 -1 2 -1 -1 -1 -1 2 2 -1 -1 -1 2 2 -1 -1
4 -1 2 2 -1 2 -1 8 8 8 -1 -1 -1 2 2 -1 2 2 2 2 2 -1 -1 2 -1 -1 2 -1 -1 -1 -1 2 2 -1 -1
-1 -1 2 2 2 -1 2 -1 8 8 -1 -1 -1 2 2 2 -1 2 2 2 -1 2 2 2 -1 2 -1 -1 2 2 2 2 -1 2 2
-1 2 2 -1 -1 -1 -1 8 -1 8 -1 2 -1 2 -1 2 -1 -1 -1 -1 2 2 -1 -1 2 2 2 2 2 -1 -1 -1 2 2 2
-1 -1 2 -1 8 8 8 8 -1 -1 -1 2 2 2 -1 -1 -1 -1 -1 -1 -1 2 2 2 2 -1 -1 2 -1 -1 -1 2 2 2 -1
9 -1 2 -1 -1 -1 -1 -1 2 2 2 2 2 -1 -1 -1 -1 -1 2 -1 2 2 2 -1 2 2 2 2 2 2 2 -1 -1 -1 2
-1 -1 2 -1 2 -1 -1 -1 2 2 2 2 -1 -1 2 -1 2 -1 -1 2 2 -1 -1 2 2 2 2 -1 -1 -1 2 -1 2 2 2
2 2 2 2 2 2 -1 2 2 2 -1 -1 10 -1 2 2 -1 -1 2 2 2 2 2 2 2 -1 -1 11 11 -1 -1 -1 2 -1 2
2 2 2 -1 -1 2 2 2 2 2 -1 12 -1 -1 2 -1 2 -1 -1 2 2 2 2 -1 -1 2 2 -1 -1 -1 2 2 2 2 2
-1 2 2 2 -1 -1 -1 2 2 -1 -1 12 12 -1 -1 2 2 -1 2 -1 2 2 2 -1 2 2 2 2 -1 2 -1 -1 2 -1 -1
-1 2 -1 2 -1 2 2 -1 -1 2 -1 12 -1 -1 2 2 2 2 2 -1 -1 2 2 -1 -1 2 -1 -1 2 2 2 2 -1 -1 -1
-1 -1 -1 -1 -1 2 2 2 2 -1 -1 -1 2 2 2 2 -1 2 -1 2 -1 -1 2 2 2 2 -1 -1 2 2 -1 2 -1 -1 -1
-1 13 13 13 13 -1 2 2 -1 -1 2 2 2 -1 -1 -1 -1 -1 -1 -1 2 2 -1 -1 2 -1 2 2 2 2 -1 2 -1 2 2
13 13 13 -1 -1 -1 2 2 -1 2 -1 -1 -1 2 -1 2 2 -1 -1 -1 2 2 2 -1 2 -1 2 2 -1 -1 -1 -1 2 2 2
13 13 -1 -1 -1 -1 2 2 -1 2 2 -1 -1 -1 2 2 2 2 2 2 2 2 2 2 2 -1 2 -1 2 -1 14 -1 -1 2 2
13 -1 -1 -1 -1 -1 2 -1 2 2 2 2 -1 2 -1 -1 2 2 -1 -1 2 2 -1 -1 2 -1 -1 -1 -1 -1 -1 -1 2 2 -1
13 -1 2 2 2 -1 2 2 2 2 -1 -1 2 -1 2 -1 2 -1 2 2 2 -1 2 2 2 -1 2 -1 2 -1 2 2 -1 2 2
-1 2 2 -1 -1 2 2 2 2 -1 2 2 -1 2 2 2 -1 -1 2 2 2 2 2 -1 2 2 -1 2 2 -1 -1 2 2 -1 -1
-1 2 2 2 2 2 2 2 2 -1 2 2 -1 2 -1 -1 -1 2 2 2 2 2 -1 -1 -1 2 -1 -1 2 -1 2 -1 -1 2 -1
2 2 -1 2 -1 2 2 -1 -1 2 2 2 2 2 -1 2 2 -1 2 2 -1 2 2 2 -1 2 2 2 2 2 2 -1 2 -1 15
-1 -1 2 -1 -1 -1 2 2 -1 2 -1 -1 2 -1 -1 2 -1 -1 2 -1 -1 2 2 2 -1 2 2 -1 2 -1 -1 2 -1 2 -1
2 2 -1 2 -1 -1 2 2 -1 2 2 -1 2 -1 2 2 2 -1 -1 -1 -1 2 2 2 -1 -1 -1 -1 2 2 2 -1 2 -1 16
2 2 -1 2 2 2 2 2 -1 -1 -1 2 2 2 -1 2 2 2 -1 17 -1 2 -1 2 -1 18 -1 -1 2 -1 -1 2 2 2 -1
2 -1 2 2 -1 -1 2 -1 2 2 2 -1 -1 -1 -1 2 -1 2 -1 -1 2 -1 2 -1 -1 -1 19 -1 -1 -1 2 -1 2 -1 -1
2 2 2 -1 -1 2 2 -1 2 2 2 2 -1 2 2 2 -1 2 2 2 2 2 -1 -1 2 2 -1 -1 2 -1 2 -1 2 2 2
2 -1 2 2 2 -1 -1 -1 -1 -1 2 -1 -1 -1 -1 2 -1 -1 2 -1 -1 -1 2 2 2 -1 2 -1 2 -1 2 -1 -1 -1 2
2 2 2 -1 2 -1 2 2 2 -1 -1 2 2 2 2 2 2 2 2 2 -1 2 2 2 2 2 2 2 -1 2 2 2 2 2 -1
2 2 2 -1 2 2 2 2 2 2 -1 -1 2 2 -1 2 2 2 -1 -1 -1 -1 -1 2 -1 -1 2 2 2 2 -1 2 2 2 2
-1 2 2 2 2 -1 -1 2 -1 -1 2 2 -1 -1 -1 -1 2 2 -1 20 20 -1 -1 2 2 2 -1 2 -1 2 2 2 2 -1 2
-1 1 -1 1 -1 1 -1 -1 1 -1 1 1 -1 1 -1 2 -1 -1 3 -1 -1 4 4 -1 -1 -1 -1 5 5 -1 6 -1 7 7 -1
1 1 1 1 -1 1 1 1 1 1 1 1 1 -1 2 -1 -1 -1 3 -1 -1 -1 -1 1 -1 8 -1 -1 -1 6 -1 7 7 -1 9
-1 -1 -1 1 1 1 1 -1 -1 -1 -1 1 1 1 -1 -1 1 1 -1 -1 -1 1 1 -1 1 -1 -1 -1 -1 -1 -1 7 7 -1 -1
-1 -1 1 1 -1 1 1 -1 -1 1 1 1 1 1 1 -1 1 -1 1 1 -1 -1 1 1 1 -1 -1 1 1 1 -1 7 -1 -1 10
1 -1 1 -1 1 -1 -1 1 1 1 -1 1 1 1 1 1 1 -1 1 1 -1 -1 1 -1 -1 1 -1 1 1 1 1 -1 -1 11 -1
1 1 1 1 1 -1 -1 1 -1 -1 1 -1 1 1 1 -1 1 1 1 1 1 1 -1 1 -1 1 1 -1 1 1 1 1 -1 -1 1
1 1 -1 1 1 1 1 -1 1 -1 1 1 1 1 -1 1 -1 -1 -1 -1 1 -1 1 -1 1 1 1 1 1 1 1 -1 1 1 1
1 -1 1 1 1 1 1 1 -1 -1 1 1 -1 -1 -1 -1 -1 -1 -1 1 1 -1 -1 1 -1 1 -1 -1 -1 1 -1 -1 1 1 1
-1 -1 -1 -1 1 -1 1 -1 -1 1 -1 -1 1 1 -1 1 1 1 1 1 1 1 -1 1 1 1 -1 1 1 1 1 1 1 -1 -1
-1 1 1 -1 -1 -1 -1 -1 1 1 1 1 -1 -1 -1 1 1 1 1 1 1 1 1 -1 1 1 -1 -1 1 1 1 -1 1 1 -1
-1 1 1 1 -1 12 -1 1 1 1 1 1 -1 1 1 1 -1 1 1 1 1 -1 1 -1 -1 1 -1 1 -1 1 -1 -1 -1 1 -1
-1 1 -1 -1 -1 -1 -1 -1 -1 1 1 1 1 1 -1 -1 1 -1 -1 1 -1 -1 1 -1 -1 1 1 1 1 1 1 -1 -1 -1 13
14 -1 1 1 1 1 1 -1 15 -1 -1 1 1 -1 1 -1 1 -1 -1 1 1 1 -1 -1 1 1 -1 1 1 1 1 1 -1 -1 13
-1 1 1 -1 -1 -1 1 -1 -1 1 1 -1 -1 -1 1 1 1 1 1 -1 1 1 1 -1 1 1 1 1 1 -1 1 1 1 -1 13
-1 1 -1 1 -1 -1 1 -1 -1 1 1 1 -1 1 1 1 -1 1 1 1 -1 -1 -1 -1 -1 -1 1 1 -1 -1 1 1 -1 -1 -1
1 -1 1 -1 1 -1 -1 -1 -1 -1 1 1 1 1 -1 -1 1 1 1 1 -1 -1 1 -1 1 1 1 1 -1 1 -1 -1 -1 16 16
1 -1 -1 1 1 1 1 1 1 1 -1 1 1 -1 -1 1 1 -1 1 1 1 1 -1 1 1 -1 -1 1 1 1 1 1 1 -1 -1
1 1 1 -1 -1 1 1 -1 -1 -1 -1 -1 1 1 1 -1 -1 -1 -1 1 -1 -1 -1 1 1 1 1 1 1 -1 -1 1 -1 1 1
1 -1 1 -1 1 1 -1 -1 -1 1 -1 -1 -1 1 1 -1 -1 1 1 1 -1 -1 1 1 -1 1 1 -1 1 1 1 -1 -1 -1 1
1 -1 1 1 -1 -1 1 -1 1 -1 -1 1 1 1 1 -1 -1 1 -1 -1 1 1 -1 1 1 1 1 1 1 -1 1 -1 1 1 -1
1 1 1 1 1 1 1 1 1 -1 1 -1 1 -1 1 -1 1 1 1 -1 -1 -1 1 -1 -1 -1 -1 1 -1 1 1 -1 1 1 1
1 1 -1 1 1 1 -1 1 1 -1 1 1 1 -1 1 1 1 1 -1 17 17 -1 -1 18 -1 19 -1 -1 -1 -1 1 1 -1 -1 -1
1 -1 1 -1 -1 -1 1 1 -1 -1 -1 1 -1 1 1 -1 -1 -1 -1 -1 -1 -1 -1 -1 -1 -1 -1 20 20 -1 -1 -1 1 1 1
1 1 -1 21 -1 1 1 1 1 -1 1 1 1 1 1 -1 -1 -1 22 -1 -1 -1 -1 -1 22 22 -1 20 -1 1 1 -1 -1 1 -1
-1 -1 -1 -1 21 -1 1 1 -1 1 1 -1 1 1 -1 1 -1 22 22 22 -1 -1 22 22 22 -1 -1 -1 -1 -1 -1 1 1 1 1
-1 23 23 -1 -1 -1 -1 1 1 -1 -1 -1 -1 1 1 -1 22 -1 22 -1 22 22 -1 22 -1 24 -1 -1 -1 25 -1 1 -1 -1 -1
-1 -1 23 -1 26 26 -1 -1 1 -1 1 -1 -1 -1 -1 1 -1 -1 22 22 22 22 22 -1 22 -1 24 -1 25 25 25 -1 1 1 -1
-1 -1 23 -1 -1 -1 1 1 1 1 -1 -1 -1 -1 1 -1 -1 22 -1 -1 22 22 -1 -1 -1 -1 -1 25 -1 25 25 -1 1 1 1
-1 -1 -1 -1 -1 -1 1 1 1 1 -1 27 -1 -1 -1 1 -1 22 -1 22 22 22 -1 22 22 -1 -1 25 25 25 -1 25 -1 -1 -1
-1 -1 1 1 -1 -1 1 1 -1 -1 27 27 -1 28 -1 -1 22 22 22 -1 22 -1 22 -1 -1 22 -1 25 25 25 25 -1 -1 -1 -1
-1 1 1 -1 -1 1 1 1 1 -1 27 -1 -1 28 28 -1 -1 22 -1 22 -1 22 -1 22 -1 22 22 -1 25 25 -1 25 -1 29 29
1 1 1 1 -1 1 -1 1 -1 27 -1 -1 -1 28 -1 -1 22 22 -1 22 -1 22 -1 22 -1 22 22 -1 25 25 -1 25 -1 -1 -1
-1 1 -1 1 1 1 -1 1 -1 27 -1 30 30 -1 -1 31 -1 22 22 22 22 -1 22 22 22 22 22 -1 -1 25 25 -1 -1 25 -1
-1 1 1 1 1 1 1 1 -1 -1 -1 30 -1 32 -1 -1 22 -1 -1 -1 22 -1 -1 -1 -1 22 22 -1 25 -1 25 25 25 -1 -1
33 -1 -1 1 -1 1 1 -1 -1 34 -1 30 -1 -1 -1 -1 -1 -1 35 35 -1 22 -1 22 22 22 -1 22 -1 -1 -1 -1 25 25 -1
-1 1 1 -1 1 1 -1 1 1 -1 1 1 1 1 -1 -1 -1 -1 1 -1 2 -1 -1 -1 1 -1 1 1 1 -1 3 3 3 3 3
-1 1 1 1 -1 1 -1 1 -1 -1 1 1 1 1 1 1 1 1 1 -1 2 -1 -1 1 1 1 1 1 1 -1 3 3 3 -1 -1
-1 1 1 1 1 1 1 -1 1 1 1 1 -1 1 -1 -1 1 -1 1 -1 -1 -1 -1 1 -1 1 1 1 1 1 -1 3 3 3 -1
1 1 1 -1 1 -1 1 -1 -1 1 1 -1 1 -1 -1 1 -1 1 1 -1 4 -1 1 1 -1 -1 1 1 -1 -1 3 -1 -1 -1 -1
1 1 1 1 1 1 1 1 1 1 1 1 -1 -1 1 1 1 1 -1 1 -1 -1 1 1 -1 -1 1 1 -1 1 -1 3 -1 -1 5
-1 1 -1 1 1 1 1 -1 -1 -1 -1 1 1 -1 -1 -1 1 -1 1 1 1 1 1 1 -1 -1 1 -1 1 1 -1 -1 6 -1 5
1 -1 -1 -1 1 1 1 -1 1 1 -1 -1 1 -1 1 1 -1 1 1 1 1 -1 -1 -1 1 1 -1 1 -1 1 -1 -1 -1 -1 -1
1 1 1 1 -1 1 -1 1 1 1 -1 1 1 -1 1 1 -1 -1 -1 1 -1 -1 -1 -1 -1 -1 -1 1 -1 1 1 1 1 1 1
-1 -1 1 -1 -1 -1 -1 -1 1 1 1 1 -1 -1 1 -1 -1 -1 1 -1 -1 1 1 1 -1 -1 1 1 1 1 -1 1 1 1 1
7 -1 1 -1 -1 -1 -1 -1 -1 1 -1 -1 1 1 1 1 -1 1 -1 1 1 1 1 1 -1 -1 1 1 -1 1 -1 -1 1 1 1
-1 7 -1 1 -1 -1 1 1 -1 1 -1 1 1 1 -1 1 -1 1 1 -1 1 1 1 1 -1 1 1 1 -1 -1 1 1 -1 -1 1
-1 -1 1 1 -1 1 -1 1 -1 -1 1 -1 -1 1 -1 -1 1 -1 1 1 1 -1 1 -1 1 -1 -1 -1 1 1 1 -1 1 1 -1
1 1 -1 1 1 1 1 -1 1 1 1 1 -1 -1 1 -1 1 -1 1 -1 -1 -1 -1 -1 -1 -1 1 1 1 -1 1 -1 -1 1 1
1 -1 -1 -1 1 1 1 1 -1 1 -1 1 -1 1 1 1 1 1 1 1 1 1 1 -1 1 1 -1 1 -1 1 1 -1 -1 1 1
1 1 1 1 1 -1 1 -1 -1 1 1 -1 -1 -1 -1 1 -1 -1 -1 1 -1 1 1 1 1 -1 1 -1 1 1 -1 -1 1 1 1
-1 -1 1 1 -1 1 -1 -1 -1 1 1 -1 8 -1 -1 -1 1 -1 -1 1 -1 1 -1 -1 -1 1 1 -1 -1 1 1 1 1 1 -1
1 -1 1 1 -1 1 1 1 -1 1 -1 -1 -1 -1 -1 -1 -1 1 1 -1 -1 -1 1 -1 1 1 -1 -1 1 1 -1 -1 1 -1 -1
1 1 1 1 -1 -1 1 1 -1 -1 -1 -1 -1 -1 1 -1 -1 1 -1 1 -1 -1 1 -1 1 -1 1 1 1 1 -1 1 1 -1 9
1 -1 1 1 -1 1 1 -1 1 -1 -1 -1 1 -1 -1 1 -1 -1 1 1 -1 1 1 1 -1 1 1 1 -1 -1 1 1 -1 -1 -1
-1 1 -1 -1 1 -1 1 1 1 -1 -1 -1 1 1 -1 1 -1 1 -1 1 1 1 1 1 1 1 -1 -1 1 -1 -1 -1 -1 1 1
-1 1 1 1 -1 -1 1 -1 -1 -1 1 -1 1 1 1 1 1 1 -1 1 1 1 -1 1 1 -1 -1 -1 1 1 1 -1 1 1 -1
-1 1 1 1 1 1 -1 -1 1 1 -1 -1 -1 1 1 -1 -1 1 -1 1 1 -1 -1 -1 1 -1 1 1 -1 -1 -1 1 -1 1 -1
-1 1 1 1 -1 -1 -1 1 1 1 1 1 1 1 -1 -1 -1 -1 1 1 1 -1 -1 1 -1 1 1 1 -1 1 1 -1 1 1 1
-1 1 -1 1 -1 10 -1 -1 1 1 -1 1 -1 -1 -1 -1 -1 -1 1 1 1 1 1 -1 -1 1 1 -1 1 1 -1 -1 1 1 -1
1 1 1 -1 1 -1 10 -1 1 1 -1 -1 1 1 1 1 -1 -1 1 1 1 -1 1 1 -1 1 1 1 1 1 1 1 1 1 1
1 1 1 1 -1 -1 -1 1 1 1 1 -1 1 -1 -1 1 -1 1 1 1 -1 1 1 1 1 1 1 1 1 -1 1 1 1 1 1
-1 1 1 -1 -1 1 -1 -1 1 1 1 -1 1 1 -1 -1 1 1 -1 1 -1 -1 1 -1 -1 -1 -1 -1 1 1 -1 1 1 1 -1
1 1 -1 1 1 1 1 -1 -1 -1 1 -1 -1 -1 -1 -1 1 1 1 -1 -1 -1 -1 11 -1 1 -1 1 1 -1 1 1 -1 1 1
1 1 -1 -1 1 -1 -1 1 -1 -1 1 1 1 1 1 1 -1 1 1 -1 -1 -1 11 11 11 -1 1 1 1 1 -1 -1 1 1 -1
1 -1 1 1 1 -1 1 1 -1 -1 1 1 -1 -1 1 -1 -1 1 1 -1 -1 -1 -1 -1 -1 -1 1 1 -1 -1 1 1 -1 -1 -1
-1 1 1 1 -1 -1 -1 1 1 -1 -1 -1 -1 1 1 1 -1 -1 1 -1 1 1 -1 -1 1 1 1 1 1 1 1 1 1 1 -1
1 -1 1 -1 1 -1 -1 -1 -1 -1 12 -1 1 1 -1 1 1 -1 1 1 -1 1 -1 1 1 1 1 -1 -1 1 -1 -1 1 1 1
-1 -1 1 1 1 -1 -1 13 13 -1 -1 12 -1 -1 1 -1 1 1 1 -1 1 1 1 1 1 -1 -1 -1 -1 1 -1 1 1 1 -1
-1 -1 -1 1 -1 13 13 13 13 13 -1 12 -1 -1 -1 -1 1 1 1 -1 1 1 -1 1 1 1 1 1 1 -1 1 1 1 1 1
14 14 14 -1 -1 13 -1 13 13 13 13 -1 12 12 -1 1 1 -1 1 1 1 -1 -1 1 1 1 -1 1 -1 1 1 1 1 1 1
