35 20
-1 1 1 -1 -1 -1 2 -1 -1 3 -1 -1 4 4 4 -1 5 -1 -1 -1 -1 6 -1 -1 -1 -1 7 -1 -1 -1 8 -1 -1 9 -1
-1 -1 -1 10 -1 2 -1 3 3 -1 -1 -1 -1 -1 -1 -1 5 -1 -1 -1 -1 6 -1 -1 -1 7 -1 11 11 -1 -1 -1 9 -1 12
-1 13 -1 -1 -1 2 2 -1 -1 -1 14 -1 -1 -1 15 -1 5 -1 -1 16 16 -1 -1 -1 -1 -1 -1 -1 -1 -1 17 -1 -1 -1 -1
13 -1 18 18 -1 -1 2 -1 -1 -1 -1 -1 -1 -1 -1 -1 5 -1 -1 -1 16 -1 -1 -1 19 -1 -1 -1 -1 17 17 -1 -1 -1 -1
-1 -1 -1 -1 -1 -1 -1 -1 -1 -1 -1 -1 20 20 -1 -1 -1 5 -1 21 -1 -1 -1 -1 -1 -1 -1 -1 -1 -1 -1 -1 -1 -1 -1
-1 -1 22 -1 23 23 -1 -1 -1 -1 24 -1 -1 -1 25 -1 -1 -1 -1 -1 -1 -1 -1 -1 -1 26 -1 -1 -1 -1 27 -1 28 -1 -1
-1 -1 -1 -1 -1 -1 -1 -1 29 -1 -1 -1 -1 -1 -1 -1 -1 -1 -1 30 -1 -1 -1 -1 -1 -1 -1 -1 31 -1 27 -1 28 -1 -1
-1 -1 -1 -1 32 32 -1 -1 -1 -1 -1 33 -1 -1 -1 -1 -1 -1 -1 30 -1 -1 34 -1 -1 35 -1 31 -1 -1 -1 -1 28 28 -1
-1 -1 -1 32 32 -1 -1 -1 -1 -1 36 -1 -1 37 37 37 -1 38 -1 -1 30 -1 -1 -1 -1 -1 -1 -1 -1 39 -1 -1 -1 -1 -1
-1 40 -1 -1 -1 -1 -1 -1 -1 36 -1 41 -1 -1 -1 -1 -1 38 -1 -1 -1 -1 -1 -1 42 -1 -1 -1 -1 -1 -1 -1 -1 -1 -1
-1 -1 -1 -1 43 -1 -1 -1 -1 -1 -1 -1 41 -1 -1 -1 -1 -1 38 38 -1 -1 -1 42 42 -1 -1 -1 -1 -1 -1 -1 -1 -1 44
-1 -1 45 -1 -1 46 46 -1 -1 -1 -1 41 -1 -1 47 -1 48 -1 -1 -1 -1 42 42 -1 -1 -1 49 -1 -1 -1 50 -1 -1 -1 44
-1 -1 45 -1 -1 -1 -1 -1 51 -1 -1 -1 -1 -1 -1 47 -1 -1 -1 52 -1 -1 -1 -1 -1 -1 -1 -1 53 -1 -1 -1 -1 -1 -1
-1 -1 -1 -1 -1 -1 51 51 -1 -1 -1 54 -1 -1 -1 -1 -1 -1 -1 -1 55 -1 -1 -1 56 -1 -1 53 -1 -1 -1 -1 57 -1 -1
-1 -1 -1 -1 -1 -1 -1 51 -1 58 -1 -1 -1 -1 59 -1 -1 -1 -1 60 -1 -1 61 -1 -1 -1 -1 -1 -1 -1 -1 -1 -1 -1 -1
-1 62 -1 63 -1 64 -1 -1 -1 58 -1 -1 -1 -1 -1 -1 65 -1 -1 -1 -1 -1 -1 -1 -1 -1 -1 -1 -1 -1 66 -1 67 -1 -1
68 -1 -1 -1 -1 -1 -1 -1 -1 58 -1 69 -1 -1 -1 -1 -1 -1 -1 -1 -1 -1 70 -1 -1 71 -1 -1 -1 -1 -1 -1 -1 -1 72
-1 -1 -1 -1 -1 73 -1 74 -1 58 -1 -1 -1 -1 -1 -1 -1 -1 -1 -1 70 70 -1 75 -1 -1 -1 -1 -1 76 76 -1 -1 72 72
-1 -1 -1 -1 77 -1 -1 -1 -1 -1 -1 -1 -1 78 -1 -1 -1 79 -1 -1 70 -1 -1 -1 -1 -1 -1 -1 -1 76 -1 -1 -1 72 -1
80 -1 -1 77 77 -1 -1 81 -1 -1 -1 -1 -1 78 -1 -1 -1 -1 82 -1 -1 83 -1 84 -1 -1 -1 85 -1 -1 -1 -1 -1 -1 -1
-1 -1 -1 -1 -1 -1 86 -1 -1 -1 87 -1 -1 -1 78 -1 -1 -1 -1 82 -1 83 -1 -1 -1 -1 -1 85 -1 -1 -1 -1 -1 88 88
-1 -1 -1 -1 -1 -1 86 -1 -1 -1 87 87 87 -1 -1 -1 -1 -1 82 -1 -1 -1 89 89 -1 -1 -1 -1 -1 -1 -1 88 88 88 -1
-1 90 -1 -1 91 -1 -1 -1 -1 92 -1 -1 87 -1 93 -1 -1 94 -1 -1 95 95 -1 -1 -1 -1 -1 96 -1 -1 -1 -1 -1 -1 -1
-1 -1 91 91 -1 -1 -1 -1 -1 92 -1 87 -1 -1 -1 94 94 -1 -1 95 -1 -1 -1 -1 -1 -1 -1 -1 -1 -1 -1 -1 -1 97 -1
-1 -1 -1 -1 -1 -1 -1 98 -1 -1 -1 -1 -1 -1 99 -1 -1 -1 -1 -1 -1 -1 -1 -1 -1 -1 100 -1 101 -1 -1 -1 -1 -1 -1
102 -1 -1 103 -1 -1 -1 -1 -1 -1 -1 -1 -1 99 -1 104 -1 -1 -1 -1 -1 -1 -1 -1 -1 -1 100 -1 -1 -1 -1 -1 -1 -1 -1
102 -1 -1 -1 -1 105 -1 106 106 -1 -1 -1 -1 99 -1 -1 -1 -1 -1 -1 -1 -1 -1 107 -1 -1 -1 -1 -1 -1 -1 -1 -1 -1 108
-1 -1 -1 109 -1 105 -1 -1 -1 -1 -1 -1 99 -1 -1 110 -1 -1 -1 111 -1 112 -1 -1 113 -1 -1 -1 -1 -1 -1 114 114 -1 108
-1 -1 -1 -1 109 -1 -1 115 -1 116 116 116 -1 -1 -1 110 110 -1 -1 -1 -1 -1 -1 -1 -1 113 113 -1 117 -1 118 -1 -1 -1 -1
-1 -1 -1 -1 -1 119 -1 -1 -1 -1 -1 -1 120 120 -1 -1 -1 121 -1 -1 -1 -1 -1 -1 -1 -1 113 -1 -1 -1 -1 122 -1 123 123
-1 124 124 -1 -1 -1 -1 -1 -1 -1 -1 -1 120 -1 120 -1 -1 -1 -1 -1 -1 -1 -1 -1 125 -1 113 -1 -1 126 -1 122 -1 -1 -1
-1 124 -1 -1 -1 -1 127 -1 -1 -1 -1 -1 -1 -1 -1 128 128 -1 -1 -1 -1 -1 -1 -1 -1 -1 -1 -1 -1 126 -1 -1 -1 -1 -1
-1 -1 124 -1 -1 -1 -1 -1 -1 129 -1 -1 -1 -1 -1 -1 -1 -1 -1 -1 130 -1 -1 131 131 131 -1 -1 -1 -1 -1 -1 -1 132 132
-1 -1 -1 133 133 133 -1 134 -1 -1 -1 -1 -1 -1 -1 -1 -1 -1 135 -1 -1 -1 -1 131 -1 -1 -1 -1 -1 -1 -1 136 -1 -1 -1
-1 -1 -1 133 -1 -1 -1 -1 -1 -1 -1 -1 137 -1 -1 -1 -1 -1 -1 -1 -1 -1 138 -1 -1 139 -1 -1 -1 -1 -1 -1 -1 -1 -1
-1 -1 -1 -1 -1 -1 1 -1 -1 2 -1 -1 -1 3 -1 -1 -1 -1 -1 -1 4 -1 -1 -1 -1 -1 -1 -1 -1 -1 5 -1 -1 -1 6
-1 -1 -1 -1 -1 -1 -1 7 -1 -1 8 -1 3 -1 9 -1 -1 -1 -1 4 -1 10 -1 11 -1 12 12 -1 -1 -1 -1 -1 -1 -1 -1
-1 -1 13 -1 -1 14 -1 -1 7 -1 8 -1 -1 -1 -1 -1 -1 -1 15 -1 -1 -1 -1 -1 -1 -1 -1 -1 -1 -1 -1 -1 -1 -1 -1
-1 -1 -1 -1 -1 -1 16 -1 -1 -1 -1 -1 -1 -1 -1 -1 -1 -1 -1 -1 -1 -1 -1 -1 -1 -1 -1 -1 -1 17 -1 -1 18 -1 -1
-1 -1 -1 19 19 -1 16 -1 -1 20 20 -1 -1 -1 -1 -1 -1 -1 21 -1 22 -1 -1 -1 -1 -1 -1 -1 -1 -1 -1 23 -1 -1 -1
-1 -1 -1 -1 -1 -1 -1 24 -1 -1 -1 -1 -1 -1 -1 -1 25 -1 -1 -1 -1 -1 -1 -1 -1 -1 -1 -1 -1 -1 -1 -1 -1 -1 -1
-1 -1 -1 -1 -1 -1 -1 -1 24 -1 -1 -1 26 -1 -1 -1 -1 -1 -1 27 -1 -1 -1 -1 -1 -1 -1 -1 -1 -1 -1 28 -1 -1 29
-1 -1 -1 -1 -1 30 -1 -1 -1 -1 -1 -1 -1 -1 -1 -1 31 -1 -1 27 -1 -1 -1 -1 -1 -1 -1 -1 -1 32 -1 28 28 -1 -1
33 -1 -1 -1 -1 -1 -1 -1 -1 -1 -1 -1 -1 -1 -1 -1 -1 -1 -1 -1 -1 -1 34 -1 -1 -1 -1 35 -1 32 -1 28 28 -1 -1
-1 -1 -1 -1 -1 -1 -1 -1 -1 36 -1 -1 -1 -1 -1 -1 -1 -1 -1 -1 -1 34 34 -1 -1 37 -1 -1 -1 -1 28 -1 -1 38 -1
-1 -1 -1 -1 -1 -1 39 -1 40 -1 36 -1 -1 -1 -1 -1 -1 -1 -1 -1 -1 34 -1 -1 -1 -1 -1 -1 -1 -1 28 -1 -1 -1 -1
-1 -1 -1 -1 41 -1 -1 40 40 -1 -1 -1 -1 -1 42 -1 -1 -1 -1 -1 -1 -1 -1 -1 43 43 -1 -1 -1 28 28 -1 44 -1 -1
-1 -1 45 -1 -1 41 41 -1 -1 -1 -1 46 -1 47 -1 42 42 42 -1 -1 -1 -1 -1 -1 -1 43 -1 -1 -1 28 -1 -1 -1 -1 48
-1 -1 -1 -1 -1 -1 -1 -1 -1 -1 46 -1 -1 -1 -1 -1 42 42 -1 -1 -1 -1 -1 -1 43 43 -1 49 -1 -1 -1 -1 -1 -1 -1
-1 -1 -1 50 -1 -1 -1 -1 -1 46 -1 46 -1 51 -1 -1 42 -1 -1 -1 -1 -1 -1 -1 -1 -1 -1 -1 -1 -1 -1 -1 -1 52 52
50 50 50 -1 -1 -1 -1 -1 -1 46 46 46 -1 51 -1 -1 -1 -1 -1 -1 -1 -1 -1 -1 -1 -1 -1 -1 -1 -1 -1 -1 -1 -1 52
-1 -1 50 -1 53 -1 -1 -1 54 -1 -1 46 -1 -1 51 -1 55 -1 -1 -1 -1 -1 -1 -1 -1 -1 -1 56 56 -1 57 -1 58 -1 -1
-1 -1 -1 -1 -1 -1 -1 -1 54 -1 -1 -1 -1 -1 -1 -1 -1 -1 59 -1 -1 -1 -1 -1 -1 -1 -1 56 -1 -1 -1 -1 -1 -1 -1
60 -1 -1 -1 -1 -1 -1 -1 -1 54 -1 61 61 -1 62 -1 -1 -1 -1 -1 -1 -1 -1 -1 -1 -1 -1 -1 56 -1 -1 63 -1 -1 -1
-1 64 -1 -1 -1 -1 -1 -1 -1 -1 -1 61 -1 -1 -1 -1 -1 -1 -1 -1 -1 65 -1 66 -1 67 -1 -1 -1 -1 -1 -1 -1 -1 -1
-1 -1 64 64 -1 68 68 -1 -1 69 69 -1 -1 -1 70 -1 -1 -1 -1 -1 71 -1 -1 -1 -1 -1 67 -1 72 -1 -1 -1 -1 73 -1
-1 -1 -1 -1 -1 68 -1 69 69 -1 -1 -1 -1 -1 -1 74 74 -1 71 71 -1 -1 75 -1 -1 -1 -1 72 -1 76 -1 -1 -1 -1 -1
77 -1 -1 -1 -1 -1 68 -1 69 -1 -1 -1 -1 -1 -1 -1 -1 -1 71 -1 -1 -1 75 -1 -1 78 -1 -1 -1 -1 -1 79 -1 -1 -1
-1 80 -1 81 -1 -1 -1 -1 -1 -1 -1 82 -1 -1 -1 -1 -1 -1 -1 -1 -1 -1 75 -1 -1 -1 83 -1 84 -1 -1 -1 -1 -1 -1
85 -1 -1 -1 -1 -1 -1 -1 86 -1 -1 -1 82 -1 -1 -1 -1 -1 -1 -1 -1 -1 75 -1 -1 87 -1 83 -1 84 -1 -1 88 -1 -1
-1 -1 89 -1 -1 -1 -1 -1 -1 90 -1 -1 -1 -1 -1 -1 -1 -1 -1 91 91 -1 -1 -1 -1 -1 -1 -1 -1 84 -1 -1 -1 -1 -1
-1 -1 -1 -1 92 -1 -1 -1 -1 -1 -1 -1 -1 -1 -1 -1 -1 -1 91 91 91 -1 -1 -1 93 -1 -1 -1 94 -1 -1 95 -1 -1 -1
-1 -1 -1 -1 -1 -1 -1 -1 -1 -1 96 -1 -1 -1 -1 -1 97 -1 -1 91 -1 -1 -1 -1 93 -1 -1 -1 -1 -1 -1 -1 -1 -1 -1
98 -1 99 99 -1 -1 -1 100 100 -1 -1 -1 -1 -1 -1 101 -1 -1 -1 -1 -1 -1 -1 -1 93 -1 -1 102 102 -1 103 -1 -1 -1 104
-1 -1 -1 -1 -1 -1 -1 100 -1 -1 -1 -1 105 -1 -1 -1 -1 -1 -1 106 -1 -1 -1 -1 -1 107 -1 -1 102 -1 -1 -1 -1 104 104
108 108 108 -1 -1 109 109 -1 -1 -1 -1 -1 105 -1 -1 -1 -1 -1 -1 -1 106 -1 -1 -1 -1 -1 -1 -1 -1 -1 -1 -1 -1 -1 -1
-1 -1 108 -1 -1 -1 -1 110 -1 -1 -1 105 -1 -1 -1 -1 -1 -1 -1 -1 -1 -1 111 -1 -1 112 -1 -1 -1 -1 -1 -1 -1 -1 -1
-1 -1 -1 -1 -1 -1 -1 -1 -1 -1 -1 -1 -1 -1 -1 -1 -1 -1 -1 -1 -1 -1 -1 111 111 -1 -1 -1 -1 -1 -1 113 113 -1 114
-1 -1 -1 -1 -1 115 -1 116 116 -1 -1 -1 -1 -1 -1 -1 -1 117 -1 -1 -1 -1 -1 -1 -1 -1 -1 -1 -1 -1 -1 113 -1 -1 -1
-1 -1 -1 -1 -1 -1 -1 -1 -1 -1 -1 -1 -1 -1 118 -1 -1 -1 117 -1 -1 119 -1 -1 -1 120 120 -1 -1 -1 -1 -1 -1 -1 -1
-1 -1 1 1 1 -1 2 -1 -1 -1 -1 -1 -1 3 -1 -1 -1 -1 -1 -1 -1 -1 -1 -1 -1 -1 4 -1 -1 -1 -1 -1 -1 -1 -1
5 -1 -1 -1 1 -1 -1 6 -1 7 7 -1 3 -1 8 -1 9 9 -1 -1 -1 -1 10 -1 -1 4 -1 11 -1 -1 12 -1 -1 -1 -1
-1 -1 -1 -1 1 -1 -1 6 -1 7 -1 -1 -1 -1 -1 -1 -1 9 -1 -1 -1 -1 -1 -1 -1 -1 4 -1 11 -1 -1 -1 -1 -1 -1
-1 -1 -1 -1 -1 -1 -1 -1 -1 -1 -1 13 -1 -1 14 -1 -1 -1 -1 -1 -1 -1 -1 15 15 -1 4 -1 11 11 -1 16 -1 -1 -1
-1 -1 -1 -1 -1 17 -1 -1 18 18 -1 -1 -1 -1 14 -1 -1 -1 -1 -1 -1 -1 -1 15 15 -1 4 4 -1 -1 -1 -1 16 -1 -1
-1 19 -1 -1 -1 -1 -1 -1 -1 -1 -1 -1 -1 14 -1 -1 20 20 -1 -1 -1 -1 -1 -1 -1 -1 -1 4 -1 21 -1 16 -1 -1 -1
-1 -1 -1 -1 -1 -1 -1 22 22 22 -1 -1 -1 -1 -1 -1 -1 -1 -1 -1 -1 -1 23 -1 -1 24 24 -1 -1 21 21 -1 -1 25 -1
-1 -1 -1 -1 -1 -1 -1 -1 -1 -1 26 -1 26 -1 -1 -1 27 -1 -1 23 23 23 -1 -1 -1 24 -1 -1 -1 -1 -1 -1 25 -1 -1
28 -1 29 -1 -1 -1 30 -1 31 -1 -1 26 26 26 -1 -1 -1 -1 -1 -1 -1 -1 -1 -1 -1 -1 -1 -1 -1 32 -1 33 -1 25 -1
-1 -1 -1 -1 -1 -1 -1 -1 31 31 -1 -1 26 -1 34 -1 35 -1 -1 -1 36 36 -1 -1 -1 -1 -1 -1 32 -1 -1 -1 -1 25 -1
-1 -1 -1 -1 -1 -1 -1 -1 -1 -1 -1 -1 26 -1 -1 -1 -1 35 -1 -1 -1 -1 -1 -1 -1 -1 37 37 -1 32 -1 -1 -1 -1 -1
-1 -1 -1 -1 38 -1 -1 -1 -1 -1 -1 -1 -1 39 39 -1 -1 -1 -1 -1 -1 -1 -1 40 -1 -1 -1 -1 -1 -1 41 -1 -1 41 -1
42 -1 -1 43 -1 -1 -1 -1 -1 44 -1 45 -1 39 39 -1 -1 46 -1 -1 -1 -1 -1 -1 -1 -1 -1 47 -1 -1 -1 41 41 41 41
42 -1 43 -1 -1 48 -1 49 -1 -1 -1 -1 -1 -1 -1 -1 -1 -1 -1 -1 -1 -1 -1 50 -1 -1 -1 47 -1 -1 -1 -1 -1 -1 -1
-1 -1 -1 -1 51 -1 -1 -1 -1 52 -1 -1 -1 -1 -1 -1 -1 -1 -1 -1 53 -1 -1 -1 -1 54 -1 -1 -1 -1 -1 -1 55 -1 -1
-1 -1 56 -1 -1 -1 -1 -1 -1 52 -1 -1 -1 -1 -1 57 57 57 -1 -1 -1 -1 58 -1 -1 54 -1 59 -1 -1 -1 55 55 55 -1
-1 60 -1 -1 -1 -1 61 -1 -1 -1 -1 -1 -1 -1 -1 -1 -1 -1 -1 -1 -1 -1 -1 -1 -1 -1 -1 -1 59 -1 -1 -1 -1 -1 -1
-1 60 -1 62 -1 -1 -1 -1 -1 -1 -1 -1 -1 63 -1 -1 -1 -1 64 -1 -1 -1 65 -1 -1 66 -1 -1 -1 -1 -1 67 -1 68 -1
-1 60 -1 -1 -1 -1 -1 -1 69 -1 70 -1 -1 -1 -1 -1 -1 -1 -1 64 -1 -1 -1 -1 -1 66 -1 -1 -1 -1 -1 -1 -1 -1 -1
-1 -1 -1 -1 -1 -1 -1 69 -1 70 70 -1 -1 -1 -1 -1 71 -1 -1 -1 72 72 -1 -1 -1 -1 -1 -1 -1 -1 -1 -1 -1 73 73
74 -1 -1 -1 -1 -1 75 -1 -1 -1 70 -1 -1 -1 76 76 -1 -1 -1 -1 -1 -1 -1 -1 -1 -1 -1 -1 -1 -1 -1 73 73 73 -1
-1 -1 77 -1 -1 -1 -1 -1 -1 70 -1 -1 -1 76 -1 -1 -1 -1 78 -1 79 -1 80 80 80 -1 -1 81 -1 -1 73 -1 -1 -1 -1
-1 -1 -1 -1 -1 -1 -1 -1 -1 70 -1 -1 -1 76 -1 -1 -1 -1 -1 -1 -1 -1 -1 -1 80 -1 -1 -1 -1 -1 -1 -1 -1 -1 -1
82 -1 -1 -1 -1 -1 -1 83 -1 -1 -1 -1 -1 76 -1 -1 -1 -1 -1 -1 -1 -1 -1 80 -1 -1 -1 -1 -1 -1 -1 84 -1 85 -1
-1 82 82 -1 -1 86 -1 -1 -1 -1 -1 -1 -1 -1 -1 -1 -1 -1 -1 -1 -1 -1 -1 -1 -1 -1 -1 -1 -1 -1 -1 -1 -1 -1 -1
-1 -1 -1 -1 -1 -1 87 87 -1 -1 88 -1 -1 -1 -1 89 -1 -1 -1 -1 -1 -1 -1 -1 -1 -1 -1 90 -1 -1 -1 91 -1 92 -1
-1 -1 -1 -1 -1 -1 -1 -1 -1 -1 -1 -1 -1 -1 -1 -1 89 -1 93 -1 -1 -1 -1 -1 -1 94 -1 -1 90 90 -1 -1 -1 -1 -1
-1 -1 95 -1 96 -1 -1 -1 -1 -1 -1 -1 -1 -1 -1 -1 -1 93 -1 -1 97 -1 98 -1 -1 -1 -1 -1 -1 -1 -1 -1 -1 -1 -1
-1 -1 95 -1 -1 -1 -1 99 -1 100 -1 -1 -1 -1 -1 -1 -1 -1 93 93 -1 -1 98 -1 -1 -1 -1 -1 101 101 -1 -1 -1 -1 -1
-1 -1 -1 -1 -1 -1 -1 -1 -1 100 -1 -1 102 102 102 -1 -1 -1 -1 -1 103 -1 98 -1 -1 -1 -1 -1 -1 -1 -1 -1 -1 104 -1
-1 -1 105 -1 -1 -1 -1 -1 -1 -1 100 -1 -1 102 -1 -1 -1 -1 106 -1 -1 -1 -1 -1 -1 -1 -1 -1 -1 -1 -1 -1 107 -1 -1
-1 105 -1 -1 -1 108 -1 -1 -1 100 -1 102 102 -1 -1 -1 -1 -1 -1 -1 109 -1 -1 -1 -1 -1 -1 -1 -1 -1 -1 -1 -1 -1 110
105 105 -1 -1 -1 -1 -1 -1 -1 -1 -1 -1 102 -1 -1 111 -1 112 -1 113 -1 -1 -1 114 -1 -1 -1 -1 -1 -1 115 -1 -1 -1 -1
-1 105 -1 -1 -1 116 -1 -1 -1 117 -1 -1 -1 -1 -1 -1 -1 -1 -1 -1 -1 -1 -1 114 114 -1 -1 -1 118 -1 -1 -1 -1 -1 -1
-1 105 105 -1 119 -1 116 -1 -1 -1 117 -1 -1 120 120 120 -1 121 -1 -1 -1 -1 -1 -1 -1 -1 122 -1 118 -1 -1 123 -1 -1 -1
-1 1 -1 -1 -1 2 -1 3 -1 -1 -1 -1 -1 4 -1 5 -1 -1 -1 -1 6 -1 -1 7 -1 -1 -1 -1 -1 -1 -1 -1 8 -1 -1
-1 1 -1 -1 -1 -1 3 3 -1 -1 -1 9 -1 -1 -1 -1 -1 -1 -1 -1 -1 -1 -1 -1 10 10 -1 -1 -1 -1 -1 -1 -1 -1 11
-1 -1 -1 -1 -1 -1 -1 3 -1 -1 -1 -1 -1 -1 12 -1 13 -1 -1 -1 -1 -1 14 -1 10 -1 -1 -1 -1 -1 -1 -1 -1 -1 -1
-1 15 15 -1 16 -1 -1 -1 -1 -1 -1 -1 17 -1 -1 -1 -1 -1 -1 18 -1 -1 -1 -1 -1 -1 -1 -1 -1 19 -1 -1 -1 -1 20
-1 -1 -1 -1 -1 -1 -1 -1 -1 21 -1 17 17 -1 22 -1 -1 -1 -1 18 -1 -1 -1 -1 -1 -1 -1 23 -1 -1 -1 -1 -1 -1 20
-1 -1 -1 -1 -1 -1 24 24 -1 -1 -1 -1 -1 -1 22 -1 25 -1 -1 18 -1 26 -1 -1 27 -1 -1 23 -1 28 -1 -1 -1 -1 -1
-1 -1 -1 -1 -1 -1 -1 24 -1 -1 29 29 -1 -1 -1 -1 -1 -1 -1 -1 -1 26 -1 -1 -1 -1 30 -1 -1 -1 -1 -1 -1 -1 -1
-1 31 -1 -1 32 -1 -1 -1 -1 -1 -1 -1 -1 33 -1 -1 34 -1 -1 35 -1 -1 -1 -1 -1 -1 30 -1 -1 -1 -1 -1 36 36 36
-1 -1 -1 -1 -1 -1 -1 -1 -1 -1 -1 -1 -1 -1 33 -1 -1 -1 -1 -1 35 -1 35 -1 37 -1 -1 -1 -1 -1 -1 -1 -1 -1 -1
-1 38 -1 -1 -1 -1 -1 -1 -1 39 -1 -1 -1 -1 -1 -1 -1 -1 -1 -1 35 35 -1 -1 -1 -1 -1 40 -1 41 -1 -1 -1 -1 -1
-1 -1 -1 -1 -1 -1 -1 -1 -1 -1 39 -1 -1 -1 -1 42 -1 -1 -1 -1 -1 -1 35 -1 -1 43 -1 -1 -1 -1 -1 -1 -1 44 44
-1 45 -1 -1 -1 -1 -1 -1 -1 39 39 -1 -1 -1 42 -1 46 46 -1 -1 -1 -1 -1 47 -1 -1 48 -1 -1 -1 -1 -1 -1 -1 -1
-1 -1 -1 -1 -1 -1 -1 -1 -1 -1 39 -1 -1 -1 42 -1 -1 -1 -1 -1 -1 -1 -1 -1 47 -1 -1 -1 -1 -1 -1 -1 -1 -1 49
-1 50 -1 -1 -1 -1 -1 -1 51 -1 -1 -1 -1 -1 -1 -1 -1 -1 -1 52 -1 -1 -1 -1 -1 -1 -1 53 -1 -1 54 54 -1 -1 -1
-1 -1 -1 -1 -1 -1 -1 55 -1 51 -1 -1 -1 56 -1 -1 -1 -1 -1 -1 52 -1 57 -1 -1 -1 -1 -1 -1 -1 54 54 -1 -1 -1
58 -1 -1 -1 -1 59 -1 -1 51 51 -1 -1 -1 -1 -1 -1 -1 -1 -1 52 52 -1 -1 -1 -1 60 -1 -1 -1 -1 -1 -1 -1 -1 -1
-1 -1 -1 61 61 -1 -1 -1 51 -1 -1 -1 62 -1 -1 -1 -1 -1 -1 -1 -1 52 -1 -1 -1 -1 -1 -1 63 -1 -1 -1 64 64 -1
-1 -1 -1 -1 -1 -1 -1 -1 -1 -1 -1 -1 -1 -1 -1 -1 -1 -1 -1 65 -1 -1 -1 -1 -1 -1 66 -1 -1 -1 -1 64 -1 -1 -1
-1 -1 -1 -1 67 -1 -1 -1 68 -1 69 -1 -1 70 -1 71 -1 -1 -1 -1 65 65 65 -1 72 -1 -1 -1 -1 -1 -1 -1 64 -1 -1
-1 -1 -1 -1 -1 -1 73 -1 -1 -1 -1 74 -1 -1 -1 -1 -1 -1 -1 -1 -1 65 -1 -1 -1 -1 -1 -1 -1 -1 75 -1 -1 76 -1
-1 77 -1 -1 -1 73 73 -1 -1 -1 78 -1 74 -1 79 -1 -1 -1 -1 80 -1 -1 -1 -1 -1 -1 -1 -1 -1 81 -1 75 -1 76 -1
-1 -1 -1 -1 73 -1 -1 82 -1 -1 -1 -1 74 -1 -1 -1 -1 -1 80 -1 83 -1 -1 -1 -1 -1 -1 -1 -1 -1 -1 -1 -1 -1 -1
-1 84 -1 85 -1 73 -1 -1 -1 -1 86 86 -1 -1 -1 -1 87 -1 -1 80 -1 -1 -1 -1 -1 -1 -1 -1 88 88 88 -1 -1 -1 -1
-1 -1 -1 -1 -1 -1 -1 -1 -1 86 -1 -1 -1 -1 -1 -1 -1 -1 80 80 -1 89 -1 90 -1 -1 -1 -1 -1 -1 -1 -1 -1 -1 -1
-1 -1 -1 91 -1 -1 -1 -1 86 86 86 -1 -1 -1 -1 -1 -1 -1 80 -1 -1 89 -1 -1 -1 -1 -1 -1 -1 -1 -1 -1 -1 -1 92
93 -1 -1 -1 94 94 -1 -1 -1 86 -1 -1 -1 95 -1 -1 -1 -1 -1 -1 -1 -1 -1 96 96 -1 -1 -1 -1 97 -1 -1 -1 -1 -1
-1 -1 -1 -1 -1 94 -1 -1 98 -1 -1 -1 -1 -1 -1 -1 -1 99 -1 -1 -1 100 -1 -1 -1 -1 -1 -1 101 -1 -1 102 -1 -1 -1
-1 -1 -1 -1 -1 -1 -1 98 -1 -1 -1 -1 -1 -1 103 -1 -1 -1 -1 -1 -1 -1 -1 -1 -1 -1 -1 -1 -1 -1 102 102 -1 -1 -1
-1 -1 -1 -1 -1 -1 98 98 -1 -1 -1 -1 -1 -1 -1 -1 -1 -1 -1 -1 -1 104 -1 -1 -1 105 -1 -1 106 -1 -1 -1 -1 -1 -1
-1 -1 -1 -1 -1 -1 -1 -1 -1 -1 -1 107 107 -1 -1 -1 108 -1 -1 -1 -1 -1 -1 -1 -1 -1 -1 -1 -1 -1 -1 109 109 109 -1
-1 -1 110 110 -1 -1 -1 -1 -1 -1 -1 107 -1 -1 -1 -1 -1 -1 -1 -1 -1 -1 -1 -1 -1 -1 -1 -1 111 -1 -1 109 -1 -1 -1
-1 -1 -1 -1 -1 -1 -1 -1 -1 -1 -1 107 -1 -1 -1 112 112 -1 -1 -1 -1 -1 -1 -1 -1 -1 -1 -1 -1 -1 -1 -1 -1 113 -1
-1 114 -1 -1 -1 -1 115 -1 -1 116 -1 -1 -1 -1 -1 -1 112 112 -1 -1 -1 -1 -1 -1 -1 -1 -1 117 -1 117 117 117 -1 -1 -1
-1 -1 118 -1 -1 -1 -1 -1 -1 -1 -1 119 -1 -1 -1 -1 -1 -1 120 -1 -1 120 -1 -1 -1 -1 -1 117 117 -1 -1 -1 121 -1 -1
-1 -1 -1 -1 -1 -1 -1 -1 -1 -1 -1 -1 -1 -1 -1 -1 -1 -1 -1 120 120 120 -1 -1 -1 -1 -1 -1 117 117 -1 -1 -1 -1 -1
-1 -1 -1 -1 -1 -1 -1 1 -1 -1 -1 -1 2 -1 -1 -1 -1 -1 3 3 -1 3 3 -1 -1 -1 4 -1 -1 5 -1 -1 -1 -1 -1
-1 -1 -1 -1 -1 1 1 -1 -1 -1 -1 -1 -1 -1 -1 -1 -1 -1 -1 3 3 -1 -1 6 -1 4 -1 -1 -1 5 -1 -1 7 -1 -1
8 8 -1 -1 -1 -1 1 -1 9 -1 -1 -1 -1 -1 -1 -1 -1 10 10 -1 -1 3 -1 -1 -1 -1 -1 -1 -1 -1 -1 -1 -1 7 7
-1 -1 -1 -1 -1 1 -1 9 -1 -1 -1 -1 -1 11 -1 -1 -1 -1 -1 -1 -1 3 -1 -1 -1 12 12 -1 -1 13 -1 -1 -1 -1 -1
-1 -1 -1 -1 -1 -1 -1 -1 -1 -1 14 14 -1 -1 -1 -1 -1 -1 -1 -1 3 3 3 -1 -1 -1 -1 -1 -1 -1 -1 -1 -1 -1 -1
15 -1 -1 -1 -1 -1 -1 -1 -1 -1 -1 -1 -1 -1 -1 -1 16 -1 -1 -1 3 -1 -1 17 -1 -1 -1 18 18 -1 -1 -1 -1 -1 -1
15 -1 -1 -1 -1 -1 19 -1 -1 -1 -1 -1 -1 -1 -1 -1 -1 -1 20 -1 -1 -1 -1 -1 -1 -1 -1 -1 -1 -1 -1 -1 -1 -1 -1
-1 -1 -1 -1 -1 -1 -1 21 -1 -1 22 -1 -1 -1 -1 -1 20 20 -1 -1 -1 -1 -1 23 -1 24 24 -1 -1 -1 -1 25 25 -1 -1
-1 -1 -1 26 -1 -1 -1 -1 21 -1 22 -1 -1 27 -1 -1 -1 20 -1 28 -1 -1 -1 -1 -1 24 -1 -1 29 -1 -1 -1 -1 -1 -1
30 -1 -1 -1 -1 -1 -1 -1 -1 22 22 22 -1 -1 -1 -1 20 -1 -1 28 -1 -1 -1 24 24 -1 -1 -1 -1 -1 -1 -1 31 -1 -1
-1 -1 32 -1 -1 33 -1 -1 -1 -1 -1 22 -1 -1 -1 -1 -1 -1 -1 -1 -1 -1 34 -1 -1 -1 -1 -1 -1 -1 35 35 -1 -1 -1
-1 -1 -1 -1 -1 33 -1 -1 -1 -1 22 -1 36 -1 -1 -1 -1 37 37 -1 -1 34 -1 -1 -1 -1 -1 -1 -1 -1 -1 -1 -1 -1 38
-1 -1 -1 39 -1 -1 -1 -1 -1 -1 -1 -1 -1 -1 40 -1 -1 -1 37 37 37 -1 -1 -1 -1 -1 41 -1 -1 -1 -1 -1 -1 -1 38
-1 -1 -1 -1 42 -1 -1 -1 -1 -1 -1 -1 -1 -1 -1 -1 43 -1 -1 -1 -1 -1 -1 -1 -1 -1 -1 -1 -1 -1 44 -1 -1 -1 -1
-1 -1 -1 45 -1 42 -1 -1 -1 46 -1 -1 -1 -1 -1 -1 -1 -1 47 -1 -1 48 -1 -1 -1 -1 49 49 49 -1 -1 -1 -1 -1 50
-1 -1 -1 45 -1 -1 -1 -1 46 -1 -1 -1 -1 -1 -1 -1 -1 47 -1 -1 -1 48 -1 -1 -1 49 -1 -1 -1 -1 -1 -1 -1 -1 50
-1 -1 45 45 -1 -1 51 51 -1 -1 -1 -1 -1 -1 -1 -1 52 -1 47 -1 53 -1 48 -1 -1 -1 -1 -1 54 -1 -1 -1 -1 -1 -1
-1 -1 -1 -1 -1 -1 -1 -1 55 -1 -1 -1 -1 -1 -1 52 -1 47 -1 53 -1 -1 -1 56 -1 -1 -1 -1 54 -1 -1 -1 57 57 -1
-1 -1 58 -1 -1 -1 -1 -1 -1 -1 -1 59 -1 -1 -1 -1 -1 -1 -1 -1 -1 -1 -1 -1 -1 -1 -1 -1 -1 -1 60 -1 57 -1 57
-1 58 58 -1 -1 -1 -1 -1 -1 -1 -1 -1 -1 -1 61 -1 -1 62 -1 -1 -1 63 -1 -1 -1 -1 -1 64 -1 -1 -1 57 -1 -1 57
-1 58 -1 58 -1 -1 -1 -1 -1 -1 65 -1 -1 -1 -1 -1 -1 -1 62 -1 -1 -1 -1 -1 -1 -1 -1 -1 -1 -1 -1 -1 -1 66 -1
-1 -1 -1 -1 -1 -1 67 -1 -1 -1 -1 -1 -1 -1 -1 -1 -1 -1 -1 -1 68 -1 -1 69 -1 -1 -1 -1 -1 -1 -1 70 -1 -1 -1
-1 -1 -1 -1 -1 -1 -1 -1 71 71 -1 -1 -1 -1 -1 -1 -1 -1 72 -1 -1 -1 -1 -1 -1 -1 -1 73 -1 -1 -1 -1 -1 -1 74
-1 -1 -1 -1 -1 -1 -1 -1 -1 -1 75 -1 -1 -1 -1 -1 -1 -1 72 -1 76 -1 -1 77 -1 -1 -1 -1 -1 -1 -1 -1 -1 74 -1
-1 78 78 -1 79 -1 -1 -1 -1 -1 -1 -1 -1 -1 -1 80 -1 81 -1 -1 -1 -1 -1 -1 -1 82 -1 -1 -1 83 -1 -1 -1 -1 -1
-1 -1 -1 -1 79 -1 -1 -1 84 -1 -1 85 85 -1 -1 80 -1 -1 -1 86 86 -1 -1 82 82 -1 -1 -1 -1 -1 -1 -1 87 -1 -1
-1 -1 -1 -1 79 -1 -1 -1 -1 84 -1 -1 -1 -1 -1 80 -1 -1 -1 86 -1 86 -1 82 -1 -1 88 88 88 -1 -1 -1 -1 -1 -1
-1 89 -1 -1 -1 -1 90 -1 -1 -1 -1 -1 -1 -1 -1 -1 -1 -1 -1 -1 86 86 -1 -1 -1 -1 -1 -1 88 88 88 -1 -1 91 91
-1 -1 -1 -1 -1 -1 -1 90 -1 -1 92 -1 -1 93 -1 -1 -1 94 -1 -1 -1 -1 -1 95 -1 -1 -1 -1 88 -1 -1 -1 -1 -1 -1
-1 -1 -1 -1 96 -1 90 90 -1 -1 -1 -1 93 93 -1 -1 -1 -1 97 -1 -1 -1 -1 -1 -1 -1 -1 -1 -1 -1 -1 -1 -1 98 -1
-1 -1 99 -1 -1 -1 90 -1 -1 100 -1 101 -1 -1 -1 102 -1 103 -1 -1 -1 -1 -1 -1 -1 -1 104 -1 105 -1 -1 -1 -1 -1 -1
-1 99 -1 106 -1 -1 -1 -1 100 100 -1 101 -1 -1 102 -1 -1 -1 -1 -1 -1 -1 107 -1 -1 -1 -1 -1 -1 -1 -1 108 -1 -1 -1
-1 99 -1 -1 -1 109 -1 -1 -1 -1 -1 -1 -1 -1 -1 -1 -1 110 -1 -1 111 111 -1 -1 -1 -1 -1 -1 -1 112 112 -1 -1 -1 -1
-1 -1 -1 109 109 -1 -1 -1 113 -1 -1 -1 114 -1 -1 110 110 110 -1 -1 111 -1 -1 -1 -1 -1 -1 -1 112 112 -1 -1 -1 -1 -1
115 115 -1 -1 -1 109 -1 -1 113 -1 116 -1 -1 -1 -1 -1 -1 -1 -1 -1 -1 -1 -1 -1 -1 -1 -1 -1 112 -1 -1 -1 -1 117 -1
-1 -1 -1 1 -1 -1 -1 -1 2 -1 3 -1 -1 -1 4 -1 5 5 -1 6 6 -1 -1 -1 -1 -1 -1 -1 -1 -1 -1 -1 -1 -1 -1
-1 -1 1 1 -1 -1 -1 -1 2 -1 -1 -1 -1 4 -1 -1 -1 -1 -1 -1 -1 -1 -1 -1 -1 7 -1 -1 8 -1 -1 -1 -1 9 -1
10 -1 -1 -1 -1 -1 -1 -1 -1 -1 -1 -1 -1 -1 -1 -1 -1 -1 -1 -1 -1 -1 -1 -1 -1 7 -1 11 -1 8 -1 -1 -1 -1 -1
10 -1 -1 -1 -1 -1 -1 -1 12 -1 -1 -1 -1 -1 -1 -1 -1 13 -1 -1 14 14 -1 -1 -1 -1 -1 -1 8 -1 -1 15 15 -1 -1
-1 10 -1 -1 -1 -1 -1 16 -1 -1 -1 17 -1 -1 -1 -1 18 -1 -1 -1 -1 -1 -1 -1 19 -1 -1 -1 -1 8 -1 -1 -1 -1 -1
10 -1 20 -1 -1 -1 -1 16 -1 -1 -1 -1 -1 -1 -1 -1 -1 -1 -1 -1 -1 -1 -1 -1 -1 21 21 -1 8 -1 22 -1 -1 -1 -1
-1 -1 -1 20 20 -1 -1 -1 -1 -1 -1 23 23 -1 -1 -1 -1 -1 24 -1 25 -1 26 -1 -1 -1 -1 -1 -1 -1 -1 22 -1 -1 -1
-1 -1 -1 -1 -1 -1 -1 -1 -1 27 -1 23 -1 -1 -1 -1 28 -1 -1 -1 -1 -1 -1 -1 -1 -1 -1 -1 -1 -1 22 -1 29 -1 -1
-1 -1 -1 -1 30 -1 -1 -1 -1 -1 -1 -1 23 -1 -1 31 -1 -1 -1 -1 -1 32 32 -1 -1 -1 -1 -1 -1 -1 -1 -1 -1 -1 33
-1 -1 -1 -1 -1 -1 -1 -1 -1 34 -1 -1 -1 -1 31 -1 -1 35 -1 -1 -1 -1 -1 36 -1 37 -1 38 -1 -1 -1 -1 39 -1 -1
-1 -1 -1 -1 -1 -1 -1 -1 -1 -1 34 -1 -1 -1 31 -1 -1 -1 35 -1 -1 -1 40 -1 -1 -1 -1 -1 -1 41 -1 -1 -1 -1 -1
-1 -1 -1 -1 -1 -1 -1 42 42 -1 -1 43 -1 -1 -1 44 -1 35 -1 -1 -1 -1 -1 -1 -1 -1 -1 45 -1 -1 -1 -1 46 46 -1
-1 47 -1 -1 -1 48 -1 -1 -1 42 -1 -1 -1 -1 49 -1 -1 -1 -1 -1 -1 -1 -1 50 -1 -1 -1 -1 -1 -1 -1 -1 -1 -1 46
47 -1 -1 -1 -1 -1 -1 -1 -1 42 -1 -1 51 -1 49 -1 -1 -1 -1 52 -1 -1 -1 -1 -1 -1 -1 -1 -1 -1 -1 -1 -1 -1 -1
-1 -1 53 -1 54 -1 -1 -1 -1 42 -1 55 -1 -1 -1 49 49 -1 -1 -1 -1 -1 -1 -1 56 -1 56 -1 -1 -1 -1 -1 -1 57 -1
-1 -1 -1 -1 -1 -1 -1 -1 42 -1 -1 -1 -1 -1 -1 49 -1 -1 -1 -1 -1 -1 -1 -1 56 56 -1 -1 -1 -1 -1 -1 -1 -1 -1
58 -1 -1 59 -1 -1 -1 60 -1 -1 -1 -1 -1 -1 -1 -1 -1 -1 61 -1 -1 -1 -1 -1 56 -1 -1 -1 62 -1 62 -1 -1 -1 -1
58 -1 -1 -1 -1 -1 60 -1 -1 63 63 -1 64 -1 -1 -1 -1 -1 -1 65 65 -1 -1 -1 -1 -1 -1 62 -1 62 62 -1 66 -1 -1
-1 -1 67 67 -1 60 60 -1 -1 -1 -1 -1 -1 -1 -1 -1 68 -1 69 -1 -1 65 -1 -1 -1 -1 70 -1 62 62 62 -1 -1 66 -1
-1 -1 -1 -1 -1 -1 -1 -1 -1 -1 -1 -1 -1 -1 -1 -1 68 -1 -1 71 -1 65 -1 -1 -1 -1 -1 -1 -1 -1 -1 72 -1 -1 -1
73 73 73 -1 -1 74 -1 -1 -1 -1 75 -1 -1 -1 -1 -1 -1 68 -1 -1 -1 65 -1 -1 76 -1 77 77 -1 -1 -1 -1 72 72 -1
-1 -1 -1 78 -1 74 -1 79 -1 -1 -1 80 -1 -1 -1 -1 -1 68 -1 65 65 -1 -1 -1 76 -1 77 -1 -1 -1 81 -1 -1 -1 82
-1 -1 -1 78 -1 -1 -1 -1 -1 -1 -1 -1 -1 -1 83 -1 -1 -1 -1 -1 65 -1 -1 -1 -1 -1 -1 -1 84 -1 -1 -1 85 -1 82
-1 -1 -1 -1 -1 -1 -1 -1 -1 -1 -1 -1 -1 -1 83 -1 -1 -1 -1 -1 -1 -1 -1 -1 -1 -1 -1 -1 -1 -1 85 85 -1 -1 -1
-1 -1 -1 -1 86 -1 87 87 -1 -1 -1 -1 -1 -1 83 -1 -1 -1 -1 -1 -1 -1 -1 -1 -1 -1 88 88 -1 -1 -1 -1 -1 89 -1
-1 -1 -1 86 86 -1 -1 -1 90 -1 -1 91 -1 -1 83 -1 92 92 -1 -1 -1 -1 -1 93 -1 88 88 -1 94 -1 -1 -1 -1 -1 -1
-1 95 -1 -1 -1 -1 -1 96 -1 -1 97 -1 -1 -1 -1 -1 -1 -1 -1 -1 -1 -1 98 -1 -1 -1 -1 -1 94 -1 -1 -1 99 -1 -1
-1 -1 -1 -1 -1 96 96 -1 -1 -1 -1 -1 100 -1 -1 -1 -1 -1 -1 -1 -1 -1 -1 -1 -1 101 -1 94 -1 -1 102 -1 99 -1 -1
-1 103 -1 104 -1 96 96 96 -1 -1 -1 -1 -1 -1 -1 -1 -1 105 105 105 105 -1 -1 106 -1 -1 101 -1 -1 107 -1 -1 -1 99 -1
103 -1 -1 -1 96 -1 -1 -1 -1 -1 -1 -1 108 -1 -1 -1 -1 -1 -1 -1 -1 -1 -1 -1 -1 -1 -1 -1 107 -1 -1 -1 -1 99 -1
103 -1 109 -1 -1 -1 -1 110 -1 111 -1 112 -1 -1 113 -1 -1 -1 -1 114 -1 -1 -1 -1 -1 -1 -1 107 107 -1 -1 -1 -1 -1 99
-1 -1 -1 -1 -1 -1 110 -1 -1 -1 -1 112 -1 -1 -1 -1 -1 -1 -1 -1 -1 -1 -1 -1 -1 -1 -1 -1 -1 -1 -1 -1 -1 -1 -1
115 -1 116 -1 -1 -1 -1 -1 117 -1 -1 -1 112 112 -1 -1 -1 -1 -1 -1 -1 -1 -1 -1 -1 118 -1 -1 -1 119 119 -1 -1 -1 -1
-1 -1 116 -1 -1 -1 -1 -1 -1 120 -1 -1 -1 -1 -1 -1 -1 -1 -1 -1 121 -1 -1 -1 118 -1 -1 -1 -1 119 -1 -1 -1 -1 122
-1 -1 -1 -1 123 -1 -1 -1 -1 -1 -1 -1 124 124 -1 125 -1 -1 -1 -1 -1 121 121 -1 -1 -1 -1 -1 119 119 -1 -1 -1 -1 -1
-1 -1 -1 -1 -1 -1 -1 -1 1 -1 2 -1 -1 -1 -1 3 -1 -1 4 -1 -1 -1 -1 -1 -1 -1 5 -1 6 -1 -1 7 -1 8 8
-1 9 -1 -1 10 -1 -1 -1 -1 2 -1 -1 -1 -1 -1 -1 -1 -1 4 -1 -1 -1 11 -1 5 5 5 -1 -1 12 -1 -1 -1 -1 -1
-1 -1 -1 -1 10 10 -1 -1 -1 -1 -1 -1 13 13 13 -1 14 -1 -1 -1 -1 -1 -1 -1 -1 -1 5 -1 -1 12 -1 15 15 -1 -1
-1 -1 -1 -1 -1 10 -1 -1 -1 -1 -1 13 -1 -1 -1 -1 -1 -1 -1 -1 -1 -1 -1 16 -1 -1 -1 -1 -1 -1 -1 -1 -1 -1 17
-1 -1 -1 18 18 -1 -1 -1 -1 -1 -1 -1 -1 -1 -1 -1 19 -1 -1 -1 -1 -1 -1 -1 -1 -1 -1 -1 -1 20 -1 21 -1 -1 -1
-1 -1 -1 -1 -1 22 -1 -1 -1 -1 -1 -1 -1 -1 23 -1 -1 24 -1 -1 -1 -1 -1 -1 -1 -1 25 -1 -1 -1 -1 21 -1 -1 -1
-1 -1 -1 -1 -1 22 -1 -1 -1 -1 -1 -1 -1 -1 -1 -1 -1 24 -1 -1 -1 -1 -1 -1 26 -1 -1 -1 -1 -1 -1 -1 -1 -1 27
-1 28 -1 -1 22 -1 -1 -1 -1 -1 -1 -1 -1 -1 -1 -1 24 -1 -1 -1 -1 -1 -1 -1 -1 -1 -1 -1 -1 -1 -1 -1 27 27 -1
-1 28 -1 -1 -1 22 -1 29 -1 -1 -1 30 -1 -1 31 -1 24 -1 32 -1 -1 33 -1 34 -1 -1 -1 -1 -1 -1 -1 -1 27 -1 -1
-1 28 -1 -1 -1 -1 -1 29 -1 30 30 -1 -1 31 -1 24 -1 -1 32 -1 -1 -1 34 -1 -1 -1 -1 -1 -1 -1 -1 -1 -1 -1 35
-1 -1 -1 -1 -1 -1 29 29 -1 -1 -1 -1 -1 -1 -1 -1 -1 -1 -1 -1 -1 -1 34 -1 -1 -1 36 -1 -1 -1 -1 -1 -1 -1 35
-1 -1 -1 -1 -1 -1 -1 -1 -1 -1 -1 -1 -1 -1 -1 -1 37 37 37 -1 38 -1 34 -1 -1 36 -1 -1 -1 -1 -1 -1 -1 -1 -1
39 -1 -1 -1 40 -1 41 -1 42 -1 43 -1 -1 -1 -1 -1 37 -1 -1 -1 -1 -1 -1 -1 44 -1 -1 -1 -1 -1 -1 -1 -1 -1 45
-1 40 40 40 -1 -1 -1 -1 -1 -1 43 -1 -1 -1 46 -1 -1 47 -1 -1 -1 -1 -1 -1 -1 48 -1 -1 49 -1 -1 50 -1 -1 -1
-1 40 -1 -1 -1 -1 -1 51 -1 -1 -1 -1 -1 -1 46 -1 -1 -1 -1 -1 -1 52 -1 53 53 -1 48 -1 -1 -1 -1 50 50 -1 -1
-1 -1 -1 -1 -1 -1 -1 -1 54 -1 -1 55 -1 -1 -1 -1 -1 56 -1 -1 -1 -1 53 53 -1 -1 48 -1 -1 -1 -1 -1 -1 -1 -1
-1 57 -1 58 -1 -1 59 59 -1 -1 -1 -1 55 -1 60 -1 -1 -1 -1 -1 61 -1 -1 -1 53 -1 -1 -1 62 -1 -1 63 -1 -1 -1
-1 -1 -1 -1 -1 -1 59 -1 -1 -1 64 -1 55 -1 -1 -1 -1 -1 -1 61 -1 65 -1 -1 -1 -1 -1 -1 -1 -1 -1 -1 -1 -1 -1
66 -1 -1 -1 -1 -1 -1 -1 -1 -1 -1 -1 -1 55 -1 -1 67 -1 -1 61 61 -1 65 65 -1 -1 68 -1 -1 -1 -1 -1 -1 -1 -1
-1 -1 -1 -1 -1 69 -1 -1 -1 -1 70 -1 -1 55 55 -1 -1 -1 -1 -1 -1 65 -1 -1 -1 68 68 -1 71 -1 -1 72 72 -1 73
-1 -1 -1 -1 74 -1 -1 -1 75 -1 70 70 -1 -1 -1 -1 -1 76 -1 -1 -1 -1 -1 -1 -1 -1 -1 -1 71 -1 -1 -1 -1 72 -1
77 -1 -1 -1 -1 -1 -1 -1 75 -1 -1 -1 78 78 -1 -1 -1 -1 -1 -1 -1 79 -1 -1 -1 -1 -1 -1 -1 -1 -1 -1 -1 -1 80
77 -1 -1 -1 -1 -1 -1 81 -1 75 75 -1 -1 -1 -1 -1 -1 -1 -1 82 -1 -1 -1 -1 -1 83 83 -1 -1 -1 -1 84 -1 -1 80
-1 -1 -1 -1 -1 -1 -1 -1 -1 75 -1 -1 -1 -1 -1 85 -1 -1 -1 82 -1 86 86 -1 -1 -1 -1 -1 87 87 -1 -1 -1 -1 -1
88 -1 -1 -1 -1 -1 -1 -1 -1 -1 -1 -1 89 -1 -1 -1 -1 -1 -1 -1 82 -1 -1 86 -1 -1 -1 -1 -1 -1 -1 -1 90 90 -1
88 -1 91 -1 92 -1 -1 -1 -1 -1 -1 -1 -1 93 -1 94 -1 95 -1 -1 -1 -1 -1 86 -1 -1 -1 -1 -1 -1 -1 -1 -1 90 -1
-1 -1 -1 -1 -1 92 -1 -1 -1 -1 -1 -1 93 93 -1 -1 94 -1 -1 -1 96 -1 -1 -1 86 86 86 -1 97 -1 98 -1 -1 -1 -1
-1 -1 -1 -1 -1 -1 -1 -1 99 -1 100 -1 -1 -1 -1 -1 94 -1 -1 -1 96 -1 -1 -1 -1 -1 -1 -1 -1 -1 98 -1 -1 -1 -1
101 -1 -1 -1 -1 -1 -1 102 -1 -1 -1 100 -1 103 -1 103 -1 -1 -1 -1 -1 -1 -1 -1 104 104 -1 -1 -1 -1 -1 98 -1 -1 -1
-1 -1 -1 -1 -1 -1 -1 -1 -1 105 -1 -1 103 103 103 -1 106 -1 -1 -1 -1 -1 107 -1 -1 -1 -1 108 -1 -1 -1 98 -1 109 -1
-1 -1 110 -1 -1 111 -1 -1 -1 -1 -1 -1 -1 -1 -1 103 -1 -1 -1 -1 112 112 -1 -1 -1 113 -1 -1 -1 -1 -1 98 -1 -1 -1
-1 -1 -1 -1 -1 -1 -1 -1 -1 -1 114 -1 -1 -1 -1 -1 115 -1 112 112 -1 -1 -1 -1 -1 113 -1 -1 -1 -1 -1 -1 -1 -1 -1
-1 -1 -1 -1 -1 116 -1 -1 -1 -1 -1 -1 -1 117 -1 -1 -1 -1 112 112 -1 118 -1 -1 -1 -1 -1 -1 119 -1 120 -1 -1 -1 -1
-1 -1 -1 -1 -1 -1 -1 -1 -1 -1 -1 -1 -1 -1 -1 -1 -1 -1 112 -1 -1 -1 -1 -1 -1 121 -1 119 -1 -1 120 -1 -1 -1 -1
-1 -1 -1 122 -1 -1 -1 -1 -1 -1 123 -1 -1 -1 -1 -1 -1 124 -1 -1 125 -1 126 -1 127 -1 -1 -1 119 -1 -1 -1 -1 -1 -1
-1 1 -1 -1 -1 -1 -1 -1 2 -1 3 -1 -1 -1 -1 -1 -1 -1 -1 -1 -1 -1 -1 -1 -1 4 -1 -1 5 -1 -1 -1 6 6 -1
1 -1 -1 -1 -1 -1 -1 -1 -1 -1 -1 -1 -1 -1 -1 7 -1 8 -1 9 9 -1 -1 10 -1 4 -1 -1 -1 -1 11 -1 -1 -1 -1
-1 -1 -1 -1 -1 -1 -1 -1 -1 12 -1 -1 -1 13 -1 -1 -1 -1 8 -1 -1 9 -1 10 10 -1 -1 14 14 -1 -1 -1 -1 -1 -1
-1 -1 15 -1 -1 -1 -1 -1 -1 12 -1 -1 13 -1 16 -1 -1 -1 8 -1 -1 -1 -1 -1 -1 -1 -1 -1 -1 -1 17 -1 -1 -1 -1
-1 15 15 -1 -1 -1 -1 -1 18 -1 12 -1 -1 -1 -1 -1 -1 19 -1 -1 -1 -1 -1 20 -1 -1 -1 -1 -1 17 17 -1 21 -1 -1
-1 15 -1 -1 22 -1 -1 18 -1 12 -1 -1 -1 -1 -1 -1 -1 -1 -1 -1 -1 -1 -1 -1 -1 -1 -1 -1 -1 -1 -1 -1 -1 -1 -1
-1 -1 -1 -1 -1 22 -1 -1 -1 12 -1 23 -1 24 -1 -1 -1 25 -1 26 -1 -1 -1 -1 27 27 -1 -1 28 28 -1 -1 -1 -1 -1
-1 -1 -1 -1 -1 -1 -1 -1 -1 -1 -1 -1 24 24 24 24 -1 -1 -1 -1 -1 -1 -1 27 -1 -1 -1 -1 -1 -1 -1 29 29 -1 -1
-1 30 -1 -1 -1 31 -1 32 -1 -1 -1 -1 -1 -1 -1 -1 -1 -1 33 -1 -1 27 27 27 -1 -1 34 34 -1 -1 35 -1 -1 -1 -1
-1 -1 -1 -1 -1 -1 -1 32 -1 36 -1 -1 -1 -1 -1 37 -1 -1 -1 -1 -1 -1 -1 -1 -1 -1 -1 -1 38 -1 -1 39 -1 -1 -1
-1 -1 -1 -1 -1 -1 -1 32 -1 -1 36 -1 -1 -1 40 -1 -1 41 -1 42 -1 -1 43 -1 -1 -1 -1 -1 -1 -1 44 -1 -1 -1 -1
-1 -1 45 -1 -1 -1 -1 -1 -1 36 -1 -1 -1 40 -1 -1 -1 41 -1 -1 -1 -1 -1 -1 -1 -1 -1 -1 44 44 -1 -1 -1 -1 44
-1 -1 -1 -1 -1 -1 46 -1 47 -1 -1 -1 -1 -1 -1 -1 48 -1 -1 -1 -1 -1 -1 -1 -1 -1 -1 -1 44 -1 44 44 44 44 44
-1 -1 -1 46 46 46 -1 -1 47 -1 -1 -1 -1 -1 -1 -1 -1 -1 -1 49 -1 -1 -1 50 -1 -1 51 -1 -1 -1 -1 -1 -1 44 -1
-1 46 46 46 -1 -1 -1 -1 47 -1 52 -1 -1 -1 -1 -1 -1 -1 53 -1 -1 -1 -1 50 50 50 -1 51 -1 -1 -1 -1 -1 -1 -1
-1 -1 -1 46 -1 -1 -1 -1 -1 -1 52 -1 -1 -1 -1 -1 -1 -1 53 53 53 -1 -1 50 50 -1 51 -1 -1 -1 -1 -1 -1 -1 54
-1 -1 -1 -1 -1 -1 -1 -1 -1 -1 -1 -1 -1 -1 -1 -1 55 -1 -1 -1 -1 -1 -1 -1 50 -1 -1 -1 56 -1 -1 57 -1 -1 -1
-1 58 -1 -1 -1 59 -1 -1 -1 -1 -1 -1 -1 -1 -1 -1 -1 -1 -1 -1 -1 60 -1 -1 -1 -1 61 -1 -1 -1 -1 -1 -1 -1 62
-1 -1 -1 -1 -1 -1 -1 63 -1 -1 -1 64 -1 -1 -1 -1 65 65 -1 -1 -1 -1 -1 -1 -1 -1 61 -1 -1 -1 -1 -1 -1 -1 -1
-1 -1 -1 63 63 63 63 -1 -1 66 -1 -1 -1 -1 -1 -1 -1 -1 -1 -1 -1 67 -1 -1 -1 -1 -1 68 -1 -1 -1 69 69 -1 -1
-1 -1 -1 -1 -1 63 -1 -1 -1 -1 66 -1 -1 -1 -1 -1 -1 -1 -1 -1 -1 -1 -1 -1 -1 -1 -1 -1 -1 -1 -1 -1 -1 69 69
70 70 -1 -1 63 -1 -1 -1 -1 66 -1 -1 -1 -1 71 -1 -1 -1 -1 -1 -1 -1 -1 -1 -1 -1 -1 -1 -1 -1 -1 -1 -1 69 -1
-1 -1 -1 63 63 -1 -1 -1 -1 -1 -1 -1 -1 -1 -1 -1 -1 -1 72 -1 -1 -1 73 -1 -1 -1 -1 -1 -1 74 -1 -1 75 -1 -1
-1 76 -1 -1 -1 -1 77 77 -1 -1 -1 -1 -1 -1 -1 -1 -1 -1 -1 -1 78 -1 -1 -1 79 79 -1 80 -1 -1 81 -1 -1 -1 -1
-1 -1 -1 82 -1 83 -1 -1 -1 -1 -1 -1 -1 -1 -1 -1 -1 -1 -1 -1 -1 -1 84 -1 -1 79 -1 -1 -1 -1 -1 -1 -1 85 85
-1 -1 -1 -1 -1 -1 -1 86 -1 -1 87 -1 88 -1 89 -1 -1 90 -1 -1 -1 -1 -1 91 -1 -1 -1 92 92 -1 -1 -1 -1 -1 85
-1 -1 -1 -1 -1 -1 -1 -1 -1 93 -1 -1 -1 -1 -1 89 -1 -1 -1 -1 -1 -1 -1 91 -1 -1 -1 -1 -1 92 -1 -1 -1 -1 -1
-1 -1 -1 -1 -1 -1 -1 94 -1 -1 -1 -1 -1 -1 -1 -1 -1 -1 -1 95 -1 -1 91 -1 -1 -1 -1 -1 -1 -1 96 -1 -1 -1 -1
-1 -1 -1 -1 97 -1 -1 94 -1 -1 98 -1 -1 -1 -1 -1 99 -1 -1 -1 -1 -1 91 -1 -1 -1 -1 -1 -1 -1 -1 -1 -1 100 100
101 -1 -1 97 -1 -1 -1 -1 -1 -1 -1 -1 102 -1 -1 99 -1 -1 -1 -1 -1 91 -1 -1 103 -1 -1 -1 -1 104 -1 -1 -1 100 -1
-1 -1 -1 97 -1 105 -1 -1 -1 -1 -1 -1 -1 102 -1 -1 99 99 99 -1 -1 91 -1 -1 -1 -1 -1 -1 -1 -1 -1 -1 -1 -1 -1
-1 -1 -1 -1 105 -1 -1 -1 -1 -1 -1 -1 102 -1 -1 -1 -1 -1 -1 -1 -1 -1 -1 -1 -1 -1 -1 106 -1 107 107 107 -1 108 108
-1 -1 -1 -1 -1 -1 -1 109 -1 -1 -1 -1 -1 -1 -1 110 -1 -1 111 -1 -1 -1 -1 -1 -1 -1 -1 -1 106 -1 -1 -1 -1 108 -1
-1 -1 -1 -1 -1 -1 -1 -1 112 -1 -1 113 -1 114 -1 -1 -1 -1 -1 115 -1 116 -1 -1 -1 -1 -1 -1 -1 -1 -1 -1 108 -1 -1
-1 -1 -1 -1 -1 -1 117 -1 -1 112 -1 -1 -1 -1 -1 -1 -1 -1 118 -1 -1 116 -1 -1 119 -1 -1 -1 -1 120 -1 -1 -1 -1 -1
-1 -1 -1 1 1 1 -1 -1 2 2 2 -1 3 -1 -1 -1 -1 -1 -1 -1 -1 -1 -1 -1 4 -1 5 -1 6 6 -1 7 -1 -1 -1
-1 -1 -1 -1 -1 1 -1 -1 -1 -1 2 -1 3 3 -1 -1 -1 -1 -1 -1 -1 -1 -1 -1 -1 5 -1 -1 -1 6 -1 -1 -1 -1 -1
-1 8 8 -1 -1 -1 1 -1 -1 -1 -1 2 -1 3 -1 -1 -1 -1 -1 9 -1 -1 -1 10 -1 5 -1 -1 -1 -1 -1 -1 -1 -1 -1
-1 8 -1 11 -1 -1 -1 -1 -1 -1 -1 -1 -1 -1 -1 -1 -1 -1 9 9 9 -1 -1 -1 -1 -1 -1 -1 12 -1 13 13 -1 -1 -1
-1 -1 8 -1 -1 -1 -1 14 -1 -1 -1 -1 -1 15 -1 -1 -1 -1 -1 9 -1 -1 -1 -1 16 -1 -1 -1 -1 -1 13 -1 -1 -1 -1
-1 -1 -1 -1 -1 -1 -1 -1 -1 17 17 -1 -1 -1 -1 18 -1 -1 -1 9 -1 -1 -1 -1 -1 -1 -1 -1 -1 -1 -1 -1 -1 -1 19
-1 20 -1 -1 -1 21 21 -1 -1 -1 17 -1 -1 -1 -1 -1 -1 22 -1 9 -1 -1 -1 -1 23 -1 -1 -1 -1 -1 -1 24 24 -1 -1
20 -1 -1 -1 -1 21 -1 -1 -1 17 -1 -1 -1 -1 -1 -1 -1 -1 -1 -1 -1 25 25 -1 -1 -1 -1 -1 -1 -1 24 -1 -1 -1 -1
-1 -1 -1 26 -1 21 -1 -1 -1 -1 -1 -1 27 -1 -1 -1 -1 28 28 -1 29 -1 -1 -1 -1 30 30 -1 -1 -1 -1 -1 -1 -1 -1
31 -1 26 -1 -1 -1 32 -1 -1 33 -1 27 -1 34 -1 -1 -1 -1 -1 -1 -1 -1 -1 -1 -1 -1 -1 -1 -1 -1 35 35 -1 -1 36
31 -1 -1 -1 -1 -1 -1 32 -1 -1 -1 -1 -1 -1 -1 37 -1 -1 -1 -1 -1 -1 38 -1 39 -1 -1 40 -1 41 -1 -1 -1 42 -1
-1 43 -1 -1 32 32 32 -1 -1 -1 -1 -1 -1 -1 -1 -1 -1 -1 -1 -1 38 38 -1 -1 39 -1 40 -1 41 41 -1 -1 -1 -1 -1
-1 -1 43 -1 -1 -1 -1 -1 -1 44 -1 -1 -1 -1 -1 -1 -1 -1 -1 -1 -1 -1 -1 45 -1 39 -1 -1 -1 -1 41 -1 -1 -1 -1
46 -1 -1 47 -1 -1 48 -1 -1 -1 49 -1 -1 -1 -1 -1 -1 -1 -1 -1 50 -1 -1 -1 -1 39 -1 -1 -1 -1 -1 -1 51 -1 -1
-1 -1 -1 -1 47 -1 -1 -1 -1 -1 -1 49 -1 -1 -1 -1 -1 52 -1 -1 -1 50 50 -1 53 -1 -1 -1 54 -1 -1 -1 -1 51 -1
-1 -1 -1 -1 -1 -1 -1 -1 -1 -1 -1 -1 -1 55 -1 -1 -1 52 -1 -1 -1 -1 -1 -1 -1 -1 -1 -1 -1 -1 56 -1 -1 -1 -1
-1 -1 -1 -1 -1 -1 -1 -1 -1 -1 -1 57 -1 -1 -1 -1 -1 52 -1 -1 58 -1 -1 -1 -1 -1 -1 59 59 -1 -1 -1 -1 -1 -1
-1 -1 -1 -1 60 -1 -1 -1 -1 -1 -1 -1 -1 61 -1 -1 -1 -1 -1 -1 -1 -1 -1 62 -1 -1 -1 59 -1 -1 -1 -1 -1 -1 -1
-1 -1 -1 63 -1 -1 -1 64 -1 65 -1 -1 -1 -1 -1 66 -1 -1 -1 -1 -1 -1 -1 -1 -1 -1 59 59 -1 -1 -1 67 -1 68 -1
69 -1 63 -1 -1 70 -1 -1 65 -1 -1 -1 -1 -1 -1 66 -1 -1 -1 -1 -1 71 -1 -1 -1 -1 -1 -1 -1 -1 67 -1 68 -1 -1
-1 -1 -1 -1 72 -1 -1 -1 -1 65 65 -1 -1 -1 -1 -1 -1 -1 -1 -1 -1 -1 -1 -1 -1 -1 -1 -1 73 73 -1 -1 -1 68 -1
-1 -1 74 -1 -1 -1 -1 -1 -1 -1 65 -1 -1 -1 -1 75 75 -1 -1 -1 -1 -1 -1 -1 76 -1 77 -1 -1 73 73 73 -1 -1 -1
-1 -1 -1 -1 -1 -1 78 -1 -1 79 -1 65 65 -1 -1 -1 -1 -1 -1 -1 -1 -1 -1 -1 76 -1 -1 -1 -1 -1 73 -1 -1 -1 -1
-1 -1 -1 -1 80 -1 -1 -1 -1 -1 -1 -1 -1 -1 -1 -1 -1 -1 -1 -1 -1 -1 -1 -1 76 76 -1 -1 -1 -1 -1 81 -1 -1 -1
-1 -1 -1 -1 -1 -1 -1 -1 82 -1 83 -1 -1 -1 -1 -1 -1 -1 84 -1 -1 -1 -1 -1 -1 -1 -1 -1 -1 -1 -1 81 -1 -1 -1
-1 -1 -1 -1 -1 85 -1 82 -1 -1 -1 -1 -1 -1 -1 86 -1 -1 -1 -1 -1 -1 -1 87 -1 -1 -1 -1 -1 88 -1 -1 -1 -1 -1
-1 -1 -1 -1 -1 -1 -1 -1 82 -1 -1 -1 89 -1 -1 -1 -1 -1 -1 -1 -1 -1 -1 -1 87 -1 -1 -1 -1 -1 88 -1 90 -1 -1
-1 -1 -1 -1 91 -1 -1 -1 82 82 -1 -1 -1 -1 -1 -1 -1 -1 92 92 -1 -1 -1 -1 -1 -1 -1 -1 -1 -1 -1 -1 90 -1 -1
-1 -1 -1 -1 -1 -1 -1 93 -1 -1 -1 -1 -1 -1 -1 -1 -1 -1 -1 92 92 -1 -1 -1 -1 -1 -1 94 -1 -1 -1 -1 -1 -1 -1
-1 -1 95 95 -1 -1 -1 -1 -1 -1 -1 -1 96 96 -1 -1 -1 97 -1 -1 -1 98 -1 99 99 99 -1 -1 100 -1 -1 -1 -1 101 -1
-1 -1 -1 -1 -1 -1 -1 -1 -1 -1 102 -1 -1 -1 -1 -1 103 -1 -1 -1 -1 -1 -1 99 -1 -1 99 -1 -1 -1 -1 -1 -1 -1 -1
-1 -1 -1 -1 -1 -1 -1 104 -1 -1 -1 -1 -1 -1 -1 103 -1 -1 -1 -1 -1 -1 -1 -1 -1 -1 -1 105 -1 -1 106 -1 -1 -1 -1
-1 -1 -1 107 -1 -1 104 104 104 -1 -1 -1 108 -1 109 -1 103 -1 -1 -1 110 110 -1 -1 -1 111 -1 -1 -1 -1 -1 -1 -1 -1 -1
-1 -1 -1 -1 -1 -1 -1 -1 -1 -1 -1 -1 -1 109 -1 -1 -1 -1 -1 110 -1 -1 -1 -1 111 -1 -1 -1 -1 -1 -1 -1 -1 -1 112
-1 -1 -1 -1 113 -1 -1 -1 114 -1 -1 115 -1 -1 -1 116 -1 -1 -1 110 -1 -1 -1 -1 111 -1 -1 -1 -1 -1 -1 -1 117 -1 -1
-1 -1 -1 -1 1 -1 -1 -1 2 2 2 -1 -1 -1 3 -1 -1 -1 -1 -1 -1 -1 -1 -1 -1 -1 -1 -1 4 -1 -1 -1 -1 -1 -1
-1 -1 -1 -1 -1 -1 5 -1 -1 -1 2 -1 6 -1 -1 7 -1 -1 -1 -1 -1 -1 -1 -1 -1 4 4 4 4 -1 -1 -1 8 -1 -1
-1 -1 -1 -1 -1 -1 -1 -1 -1 -1 -1 -1 -1 -1 -1 -1 -1 9 -1 -1 -1 -1 -1 -1 -1 -1 -1 4 -1 -1 10 -1 -1 -1 -1
-1 -1 -1 11 -1 -1 -1 -1 -1 -1 12 -1 -1 -1 -1 -1 -1 -1 -1 -1 -1 -1 -1 13 -1 14 -1 -1 -1 -1 -1 -1 -1 -1 -1
-1 15 15 -1 -1 -1 16 -1 -1 -1 -1 -1 -1 -1 -1 -1 -1 -1 -1 -1 -1 -1 13 13 -1 -1 14 -1 -1 -1 -1 -1 -1 -1 -1
-1 -1 -1 -1 -1 -1 -1 17 -1 18 -1 -1 -1 -1 19 19 -1 -1 -1 -1 -1 13 13 -1 20 -1 -1 -1 -1 -1 -1 -1 21 -1 21
-1 -1 -1 -1 -1 -1 -1 -1 -1 18 -1 -1 -1 -1 -1 -1 -1 -1 -1 -1 -1 -1 -1 -1 20 -1 22 -1 23 -1 24 -1 -1 21 21
25 -1 26 -1 27 27 -1 -1 -1 -1 -1 -1 -1 -1 28 -1 -1 -1 -1 -1 -1 -1 29 -1 -1 -1 -1 -1 -1 -1 -1 -1 -1 -1 -1
-1 -1 -1 -1 -1 27 -1 -1 30 -1 31 -1 -1 -1 -1 -1 32 -1 33 -1 -1 -1 29 -1 -1 -1 -1 -1 -1 -1 -1 -1 34 34 -1
-1 -1 35 -1 -1 27 27 -1 30 -1 -1 -1 36 -1 -1 -1 32 -1 -1 -1 -1 -1 -1 -1 -1 37 -1 -1 -1 38 -1 -1 -1 -1 -1
39 -1 -1 -1 -1 27 -1 -1 -1 -1 40 -1 -1 36 -1 -1 -1 -1 -1 -1 41 -1 -1 42 -1 37 -1 -1 43 -1 -1 -1 44 -1 -1
-1 -1 45 -1 -1 -1 46 46 46 -1 -1 -1 36 -1 -1 -1 47 -1 -1 41 -1 -1 -1 42 -1 -1 -1 -1 43 -1 -1 -1 44 44 -1
-1 45 45 -1 -1 48 -1 -1 -1 -1 49 -1 -1 -1 -1 -1 -1 47 47 -1 41 -1 50 -1 -1 -1 51 51 -1 43 43 -1 -1 -1 -1
-1 -1 -1 -1 -1 -1 -1 -1 -1 -1 -1 -1 52 52 -1 -1 -1 -1 -1 41 -1 -1 -1 -1 -1 -1 -1 -1 -1 43 43 -1 53 -1 -1
-1 -1 -1 -1 -1 54 -1 -1 -1 -1 -1 -1 -1 -1 -1 -1 55 -1 -1 41 -1 -1 -1 -1 -1 -1 -1 -1 -1 -1 43 43 -1 -1 56
-1 -1 57 -1 -1 -1 -1 -1 -1 -1 -1 -1 -1 -1 -1 -1 -1 -1 41 -1 -1 58 -1 -1 -1 -1 -1 59 -1 -1 43 43 43 -1 -1
-1 -1 -1 -1 -1 -1 -1 -1 -1 -1 -1 -1 60 -1 -1 -1 -1 -1 -1 -1 -1 -1 -1 -1 -1 -1 -1 -1 59 -1 -1 -1 -1 43 -1
-1 -1 -1 61 61 -1 -1 -1 -1 -1 -1 -1 -1 -1 -1 -1 -1 -1 -1 -1 -1 -1 62 -1 -1 -1 -1 -1 -1 -1 -1 -1 -1 -1 -1
-1 -1 -1 -1 -1 -1 -1 -1 63 -1 -1 -1 -1 -1 -1 -1 -1 64 -1 -1 65 -1 -1 -1 -1 -1 -1 -1 -1 -1 -1 -1 -1 -1 -1
-1 -1 -1 66 -1 -1 -1 -1 63 -1 -1 -1 -1 -1 -1 -1 -1 64 -1 65 65 65 65 -1 -1 -1 -1 -1 67 -1 -1 -1 68 68 -1
-1 -1 -1 -1 -1 69 -1 -1 -1 -1 70 -1 -1 -1 -1 -1 -1 -1 64 -1 65 -1 -1 -1 -1 -1 -1 -1 -1 -1 -1 -1 -1 -1 -1
-1 -1 -1 -1 -1 69 -1 -1 -1 -1 -1 71 71 -1 -1 -1 -1 -1 -1 65 -1 -1 -1 -1 -1 -1 -1 -1 -1 -1 -1 -1 -1 -1 -1
-1 -1 -1 72 -1 -1 -1 -1 73 -1 -1 -1 -1 71 71 -1 74 -1 -1 -1 -1 -1 -1 -1 -1 -1 75 -1 -1 -1 -1 -1 76 76 -1
77 -1 72 -1 78 -1 -1 -1 -1 79 79 -1 -1 -1 -1 -1 74 -1 -1 80 -1 -1 -1 -1 -1 75 -1 -1 -1 -1 -1 -1 76 -1 81
-1 -1 -1 -1 -1 -1 82 -1 -1 79 -1 -1 -1 83 -1 -1 74 -1 -1 -1 -1 -1 -1 -1 -1 -1 -1 84 84 -1 -1 -1 -1 -1 -1
85 -1 -1 -1 -1 -1 -1 -1 -1 -1 -1 -1 -1 83 -1 -1 -1 -1 -1 -1 86 -1 -1 87 87 -1 -1 -1 -1 -1 -1 88 -1 -1 -1
-1 -1 89 -1 -1 90 -1 -1 -1 -1 -1 -1 -1 -1 -1 -1 -1 -1 91 -1 86 -1 -1 -1 -1 -1 -1 -1 -1 -1 -1 -1 -1 -1 -1
-1 -1 -1 -1 -1 -1 -1 -1 -1 92 -1 -1 93 -1 -1 94 94 -1 -1 -1 -1 -1 -1 -1 -1 95 -1 -1 96 96 -1 -1 -1 97 97
-1 -1 98 -1 -1 -1 -1 99 -1 -1 -1 -1 93 -1 -1 -1 -1 -1 100 -1 -1 -1 -1 -1 -1 95 -1 -1 -1 -1 -1 -1 -1 97 -1
101 -1 -1 -1 -1 99 99 -1 -1 -1 -1 93 93 -1 -1 -1 -1 100 -1 102 102 -1 -1 103 -1 -1 -1 -1 -1 104 104 104 -1 97 -1
101 -1 -1 -1 -1 -1 -1 -1 -1 -1 105 -1 -1 -1 -1 -1 106 -1 -1 102 -1 -1 -1 -1 103 -1 -1 -1 -1 -1 -1 -1 104 -1 -1
-1 -1 -1 -1 107 -1 -1 -1 -1 -1 -1 -1 -1 -1 -1 -1 106 -1 -1 -1 -1 -1 -1 -1 -1 -1 -1 108 108 -1 -1 -1 -1 -1 -1
-1 -1 -1 109 -1 -1 -1 110 -1 -1 -1 -1 -1 -1 -1 -1 -1 -1 -1 -1 -1 -1 -1 -1 111 -1 -1 -1 -1 -1 -1 -1 -1 -1 -1
-1 112 -1 -1 113 -1 -1 -1 -1 -1 114 -1 115 -1 -1 -1 -1 -1 -1 116 -1 -1 111 111 -1 -1 -1 -1 -1 -1 117 -1 -1 118 -1
-1 -1 -1 -1 -1 113 -1 -1 -1 -1 -1 114 -1 -1 -1 -1 -1 -1 -1 -1 116 -1 -1 -1 -1 -1 -1 -1 -1 117 117 -1 -1 118 -1
-1 -1 -1 -1 -1 -1 -1 -1 -1 -1 -1 -1 -1 -1 -1 -1 1 -1 -1 2 -1 -1 -1 3 3 -1 4 -1 -1 -1 -1 -1 -1 -1 -1
-1 -1 5 5 5 -1 6 -1 7 7 -1 -1 -1 -1 8 -1 -1 -1 -1 2 -1 9 -1 -1 -1 4 -1 -1 -1 10 10 -1 -1 -1 -1
-1 -1 -1 -1 -1 -1 -1 6 -1 -1 -1 -1 11 -1 -1 -1 -1 -1 12 -1 2 -1 -1 -1 -1 -1 -1 -1 -1 -1 10 10 -1 13 13
-1 -1 -1 -1 -1 -1 -1 -1 -1 -1 14 -1 -1 -1 -1 -1 -1 12 -1 2 -1 -1 -1 -1 -1 -1 -1 -1 -1 -1 -1 -1 13 13 -1
-1 -1 -1 15 -1 16 -1 -1 17 -1 -1 -1 -1 -1 -1 -1 -1 -1 -1 -1 -1 18 -1 -1 -1 -1 -1 19 -1 -1 -1 -1 -1 -1 13
-1 -1 15 -1 -1 -1 20 -1 -1 -1 -1 21 -1 -1 -1 -1 -1 22 -1 -1 18 -1 -1 23 -1 24 -1 -1 -1 -1 -1 -1 25 -1 13
-1 26 -1 15 -1 -1 -1 -1 -1 -1 -1 -1 21 -1 -1 -1 -1 -1 -1 -1 -1 18 -1 -1 23 -1 -1 -1 -1 -1 -1 -1 -1 -1 -1
-1 -1 15 -1 -1 -1 27 -1 -1 -1 -1 21 -1 -1 -1 28 -1 -1 -1 -1 -1 -1 -1 23 -1 -1 -1 -1 -1 29 -1 30 -1 -1 -1
-1 -1 -1 -1 -1 31 -1 -1 -1 -1 -1 -1 -1 -1 -1 28 -1 -1 32 -1 -1 -1 -1 -1 23 -1 -1 -1 33 -1 29 -1 -1 -1 -1
-1 -1 -1 -1 -1 31 31 -1 -1 -1 -1 -1 -1 34 -1 -1 -1 -1 -1 35 -1 -1 -1 -1 -1 -1 -1 33 -1 -1 29 -1 -1 36 36
-1 -1 37 -1 38 -1 -1 -1 -1 39 -1 40 -1 34 -1 -1 -1 -1 -1 -1 -1 41 -1 -1 -1 -1 42 -1 33 -1 -1 -1 -1 -1 -1
-1 -1 -1 -1 -1 -1 -1 -1 -1 -1 -1 40 -1 -1 -1 43 -1 -1 -1 -1 -1 -1 -1 44 -1 -1 -1 33 33 -1 -1 -1 -1 -1 -1
-1 -1 -1 -1 -1 -1 -1 -1 -1 -1 -1 40 40 -1 -1 43 -1 45 -1 -1 -1 46 46 -1 -1 -1 -1 -1 -1 -1 47 -1 -1 -1 -1
-1 48 -1 -1 49 -1 -1 -1 -1 -1 -1 -1 -1 50 -1 -1 -1 -1 -1 -1 -1 -1 -1 -1 51 -1 52 -1 -1 47 -1 -1 -1 53 -1
-1 -1 -1 54 -1 -1 -1 -1 55 -1 -1 -1 -1 -1 -1 56 -1 57 -1 58 58 -1 -1 -1 -1 -1 -1 -1 -1 -1 -1 -1 -1 -1 -1
-1 -1 -1 -1 59 -1 -1 -1 -1 -1 -1 -1 -1 60 -1 -1 -1 -1 -1 -1 -1 -1 61 -1 -1 -1 -1 -1 -1 -1 -1 -1 -1 -1 62
63 -1 -1 -1 -1 -1 -1 -1 64 64 -1 -1 -1 -1 -1 -1 65 65 -1 -1 66 66 -1 -1 -1 -1 -1 67 -1 -1 68 -1 -1 -1 -1
63 -1 -1 -1 69 -1 -1 -1 -1 64 -1 -1 -1 -1 -1 -1 -1 -1 -1 -1 66 -1 -1 -1 -1 -1 -1 -1 -1 68 -1 -1 -1 -1 -1
-1 -1 -1 -1 69 -1 70 -1 71 -1 -1 72 -1 -1 73 -1 -1 -1 -1 74 -1 -1 75 -1 -1 -1 -1 76 -1 -1 -1 -1 77 -1 -1
-1 -1 -1 -1 69 -1 -1 -1 71 -1 -1 72 -1 -1 -1 78 -1 -1 -1 -1 -1 75 -1 -1 79 -1 -1 -1 -1 -1 -1 -1 -1 80 -1
81 -1 82 -1 -1 -1 -1 -1 -1 -1 83 -1 -1 -1 -1 -1 -1 -1 -1 -1 -1 75 -1 -1 -1 -1 84 84 -1 -1 -1 -1 -1 -1 80
-1 82 -1 85 -1 -1 -1 -1 -1 -1 -1 -1 -1 -1 -1 -1 -1 -1 -1 -1 -1 75 -1 -1 -1 -1 -1 -1 -1 -1 -1 -1 86 -1 -1
-1 -1 -1 -1 -1 -1 87 87 -1 -1 88 -1 -1 -1 -1 -1 -1 -1 89 -1 90 -1 -1 -1 -1 91 -1 -1 92 -1 -1 -1 -1 86 -1
-1 -1 93 93 93 -1 -1 -1 -1 -1 -1 -1 -1 -1 -1 -1 94 -1 -1 -1 90 -1 -1 -1 -1 91 -1 92 -1 95 -1 -1 -1 -1 96
97 -1 -1 -1 -1 93 -1 98 98 -1 -1 -1 -1 -1 94 94 94 94 -1 -1 -1 90 -1 -1 -1 91 -1 -1 -1 -1 -1 -1 99 -1 -1
-1 100 -1 101 -1 -1 98 -1 -1 -1 -1 -1 -1 -1 -1 94 -1 -1 -1 -1 -1 90 -1 -1 -1 -1 102 -1 -1 -1 -1 -1 -1 -1 -1
-1 100 100 -1 -1 -1 -1 98 -1 103 -1 -1 -1 -1 -1 -1 -1 -1 104 -1 -1 -1 90 -1 -1 105 -1 102 -1 106 -1 107 -1 -1 -1
-1 -1 100 -1 -1 -1 -1 -1 -1 103 -1 -1 -1 -1 108 108 -1 104 -1 -1 -1 -1 -1 -1 -1 -1 -1 -1 -1 -1 -1 -1 -1 -1 -1
-1 -1 100 -1 -1 -1 109 109 -1 -1 -1 -1 -1 -1 -1 -1 -1 -1 -1 -1 -1 -1 -1 -1 -1 -1 -1 -1 -1 -1 -1 110 -1 -1 -1
-1 -1 100 -1 -1 109 -1 -1 111 111 -1 -1 -1 -1 112 112 -1 -1 -1 -1 -1 -1 -1 -1 -1 -1 -1 113 -1 -1 110 -1 114 114 114
-1 115 -1 -1 -1 -1 -1 -1 -1 -1 -1 -1 -1 -1 -1 -1 112 112 -1 -1 -1 -1 -1 116 -1 -1 -1 113 -1 -1 -1 -1 -1 -1 -1
-1 -1 117 117 -1 118 -1 -1 119 -1 -1 -1 -1 -1 120 -1 -1 -1 -1 121 121 -1 -1 -1 122 -1 -1 113 -1 -1 -1 -1 -1 -1 -1
-1 -1 117 -1 -1 -1 -1 123 -1 -1 -1 -1 -1 -1 -1 -1 -1 -1 -1 121 -1 121 -1 -1 -1 -1 -1 113 -1 -1 -1 -1 -1 -1 124
-1 -1 -1 -1 -1 -1 -1 -1 125 -1 126 -1 -1 -1 -1 127 127 -1 -1 -1 -1 121 121 -1 -1 -1 -1 -1 -1 128 -1 -1 -1 -1 -1
129 -1 130 -1 -1 -1 -1 -1 -1 125 -1 -1 131 -1 132 -1 -1 127 -1 -1 -1 -1 -1 -1 -1 -1 -1 -1 -1 -1 -1 133 -1 -1 -1
-1 -1 1 1 -1 -1 -1 -1 -1 -1 -1 -1 -1 -1 -1 -1 2 -1 -1 -1 -1 3 3 -1 -1 -1 -1 -1 -1 -1 -1 -1 4 -1 5
-1 1 -1 -1 -1 -1 -1 -1 -1 -1 -1 -1 -1 6 -1 2 -1 7 -1 -1 -1 3 3 -1 -1 8 -1 9 -1 -1 -1 -1 -1 5 5
-1 -1 -1 -1 10 -1 -1 -1 -1 -1 11 -1 -1 -1 -1 -1 -1 -1 -1 -1 12 -1 3 -1 8 8 -1 9 -1 -1 -1 -1 -1 -1 -1
13 -1 -1 -1 10 -1 14 -1 -1 -1 11 11 -1 15 15 -1 -1 -1 -1 -1 -1 -1 3 -1 8 -1 -1 -1 -1 -1 -1 16 -1 17 -1
-1 -1 -1 -1 10 -1 -1 14 -1 -1 -1 -1 -1 -1 15 -1 -1 -1 -1 -1 18 -1 -1 -1 8 -1 -1 19 -1 -1 -1 16 16 -1 -1
-1 -1 -1 -1 -1 20 -1 -1 -1 -1 21 -1 -1 15 -1 -1 -1 -1 -1 -1 18 -1 22 -1 -1 -1 -1 -1 -1 -1 16 16 -1 -1 -1
-1 -1 -1 -1 23 -1 -1 24 -1 -1 -1 -1 -1 15 -1 -1 -1 -1 -1 -1 -1 -1 -1 -1 -1 -1 -1 -1 -1 -1 -1 -1 16 -1 -1
-1 -1 -1 -1 -1 -1 -1 24 -1 -1 25 -1 -1 -1 26 -1 -1 27 -1 -1 27 -1 -1 -1 -1 -1 -1 -1 -1 -1 28 -1 -1 -1 -1
29 -1 30 -1 31 31 -1 -1 -1 -1 -1 -1 32 -1 -1 -1 -1 -1 27 27 27 -1 33 -1 -1 -1 -1 -1 34 -1 -1 -1 -1 35 -1
-1 -1 -1 -1 -1 31 31 -1 -1 -1 -1 -1 -1 -1 -1 -1 -1 27 27 -1 27 -1 33 -1 33 -1 -1 -1 34 -1 -1 -1 -1 -1 -1
-1 36 36 -1 -1 -1 31 -1 -1 -1 37 -1 37 37 -1 -1 -1 -1 27 -1 -1 -1 -1 33 33 -1 -1 -1 34 -1 -1 38 -1 -1 -1
-1 -1 -1 -1 -1 -1 -1 -1 -1 -1 37 37 37 -1 -1 -1 -1 -1 27 -1 -1 -1 -1 -1 33 33 -1 34 -1 -1 -1 -1 -1 -1 39
-1 -1 -1 40 -1 -1 -1 -1 -1 41 -1 -1 -1 -1 -1 42 -1 -1 -1 -1 -1 -1 43 43 -1 -1 -1 -1 34 -1 44 -1 -1 -1 -1
45 -1 -1 -1 -1 -1 41 41 41 41 -1 46 -1 47 -1 -1 48 48 -1 49 -1 43 -1 -1 50 -1 -1 -1 34 -1 -1 51 -1 -1 -1
-1 -1 -1 -1 52 -1 -1 -1 -1 -1 -1 -1 -1 -1 -1 -1 -1 -1 -1 -1 49 -1 -1 -1 -1 -1 -1 -1 -1 -1 -1 -1 -1 -1 -1
-1 53 -1 52 -1 -1 -1 -1 -1 -1 -1 -1 -1 -1 -1 -1 -1 -1 -1 -1 -1 -1 -1 -1 -1 -1 -1 -1 -1 -1 -1 -1 54 -1 -1
-1 53 53 -1 -1 -1 -1 -1 -1 55 -1 -1 -1 56 56 -1 -1 -1 -1 -1 -1 -1 57 -1 -1 -1 -1 -1 -1 -1 -1 -1 -1 -1 -1
-1 -1 -1 -1 -1 58 -1 -1 -1 -1 -1 -1 -1 -1 -1 59 -1 60 60 -1 -1 -1 -1 -1 -1 61 -1 -1 -1 -1 62 62 62 -1 -1
63 -1 -1 -1 -1 -1 -1 -1 -1 -1 -1 -1 -1 -1 -1 -1 -1 -1 -1 -1 -1 -1 -1 -1 -1 61 -1 -1 -1 -1 -1 -1 62 -1 -1
-1 -1 -1 -1 -1 -1 64 -1 65 -1 66 -1 67 -1 -1 -1 -1 -1 -1 -1 -1 -1 68 -1 61 -1 -1 -1 -1 -1 -1 -1 -1 -1 -1
-1 -1 -1 -1 -1 69 -1 -1 -1 -1 -1 -1 -1 -1 -1 -1 70 -1 -1 71 -1 -1 -1 -1 -1 -1 -1 -1 -1 -1 -1 -1 -1 -1 -1
-1 -1 -1 -1 69 -1 -1 -1 72 -1 -1 -1 -1 -1 -1 -1 70 -1 -1 -1 -1 -1 -1 -1 73 73 73 73 -1 -1 74 -1 -1 -1 -1
75 -1 -1 69 69 69 -1 -1 -1 -1 -1 -1 76 -1 -1 -1 -1 -1 -1 -1 -1 -1 -1 77 -1 -1 -1 73 -1 -1 74 74 -1 78 -1
-1 -1 -1 69 -1 -1 -1 -1 -1 -1 -1 -1 -1 79 79 -1 -1 -1 -1 -1 -1 -1 77 -1 -1 80 -1 -1 81 -1 -1 74 -1 78 78
-1 69 69 69 -1 -1 -1 -1 -1 -1 -1 -1 -1 -1 -1 -1 82 -1 -1 -1 83 -1 -1 -1 84 -1 -1 -1 -1 -1 -1 -1 -1 -1 78
-1 69 69 -1 -1 -1 -1 -1 -1 -1 -1 -1 -1 -1 -1 -1 82 -1 -1 -1 -1 85 -1 -1 -1 -1 -1 -1 -1 -1 -1 -1 78 78 -1
-1 -1 -1 -1 -1 -1 -1 -1 86 -1 87 -1 -1 88 -1 82 82 -1 -1 89 -1 -1 -1 90 -1 -1 -1 91 -1 -1 -1 -1 78 -1 -1
-1 92 -1 93 -1 94 -1 86 -1 87 87 -1 -1 -1 -1 -1 -1 -1 -1 -1 -1 95 -1 -1 96 -1 -1 -1 -1 -1 -1 78 -1 -1 -1
-1 -1 -1 -1 -1 94 -1 86 -1 87 87 -1 -1 97 -1 -1 -1 -1 -1 -1 -1 -1 95 -1 -1 -1 98 98 -1 -1 -1 -1 -1 99 -1
100 -1 -1 -1 -1 -1 -1 86 -1 -1 -1 -1 -1 -1 -1 -1 101 -1 102 -1 -1 -1 95 -1 -1 -1 98 -1 -1 103 103 -1 -1 99 99
-1 100 -1 104 104 -1 -1 86 -1 -1 -1 -1 -1 105 105 -1 -1 -1 -1 -1 106 -1 -1 -1 107 -1 -1 -1 -1 103 -1 -1 -1 -1 99
-1 -1 -1 104 104 -1 86 -1 -1 -1 -1 -1 -1 -1 -1 108 -1 -1 -1 -1 -1 -1 -1 -1 -1 109 -1 110 -1 -1 -1 -1 -1 -1 -1
-1 -1 -1 -1 -1 104 -1 -1 -1 111 -1 -1 112 -1 113 -1 -1 -1 -1 -1 -1 -1 -1 -1 -1 -1 -1 -1 -1 -1 -1 -1 -1 -1 114
-1 -1 -1 -1 -1 -1 -1 -1 -1 -1 112 112 -1 -1 -1 -1 -1 -1 -1 -1 -1 -1 115 -1 -1 116 -1 117 -1 -1 -1 -1 114 114 -1
-1 -1 -1 118 118 -1 -1 -1 119 -1 -1 -1 -1 -1 -1 -1 -1 -1 -1 -1 -1 -1 115 -1 -1 -1 -1 -1 -1 120 120 -1 -1 -1 -1
-1 -1 -1 -1 -1 -1 -1 1 -1 -1 -1 -1 2 -1 -1 -1 -1 -1 -1 -1 -1 -1 -1 -1 -1 -1 3 -1 -1 -1 4 -1 -1 -1 -1
5 -1 -1 -1 -1 6 -1 -1 -1 -1 -1 2 -1 -1 -1 -1 -1 -1 -1 -1 -1 -1 -1 -1 -1 3 -1 -1 -1 4 -1 -1 -1 -1 -1
-1 -1 -1 -1 -1 6 -1 -1 7 -1 8 -1 -1 -1 -1 -1 -1 -1 -1 -1 -1 9 -1 -1 -1 -1 -1 -1 -1 -1 -1 -1 -1 -1 -1
-1 -1 -1 -1 6 -1 7 7 7 -1 8 -1 -1 -1 -1 -1 -1 -1 -1 -1 -1 9 9 -1 -1 -1 -1 -1 -1 -1 -1 -1 -1 10 -1
-1 -1 -1 -1 -1 -1 -1 -1 -1 -1 -1 -1 -1 -1 11 -1 -1 -1 -1 -1 -1 -1 -1 -1 -1 -1 -1 -1 -1 -1 -1 -1 -1 -1 10
-1 12 -1 -1 -1 -1 -1 -1 -1 -1 -1 13 -1 -1 11 -1 -1 -1 -1 14 -1 -1 -1 -1 -1 15 -1 -1 -1 16 -1 -1 -1 -1 -1
12 12 -1 -1 17 -1 -1 18 -1 -1 -1 -1 -1 -1 -1 -1 -1 -1 19 -1 14 -1 -1 -1 -1 15 -1 -1 -1 16 -1 20 -1 -1 -1
-1 -1 -1 -1 17 -1 18 -1 -1 -1 -1 -1 -1 21 -1 -1 -1 -1 -1 -1 -1 -1 -1 -1 -1 -1 -1 22 -1 -1 -1 -1 -1 -1 23
24 -1 -1 25 -1 17 -1 -1 -1 -1 -1 -1 -1 -1 -1 -1 26 26 26 -1 -1 -1 -1 -1 -1 -1 -1 -1 -1 -1 -1 27 -1 -1 -1
-1 -1 -1 -1 -1 17 -1 -1 -1 -1 -1 -1 -1 28 -1 -1 -1 -1 -1 -1 29 29 -1 -1 -1 -1 -1 30 -1 -1 -1 -1 31 -1 32
-1 33 -1 -1 -1 -1 -1 -1 -1 -1 -1 -1 -1 28 -1 -1 34 34 -1 -1 29 29 -1 -1 -1 -1 -1 -1 -1 -1 -1 -1 31 -1 -1
-1 -1 -1 -1 -1 35 -1 -1 -1 36 -1 -1 -1 28 -1 -1 34 -1 -1 -1 -1 29 29 -1 -1 -1 -1 -1 -1 -1 -1 -1 -1 -1 -1
-1 37 -1 -1 -1 -1 35 -1 -1 -1 36 -1 28 28 -1 -1 34 -1 -1 -1 -1 -1 29 -1 -1 -1 -1 -1 -1 -1 38 38 38 38 -1
-1 -1 -1 -1 -1 35 -1 -1 -1 -1 -1 -1 -1 28 -1 -1 -1 -1 -1 -1 -1 29 -1 39 -1 -1 -1 -1 -1 -1 -1 -1 -1 -1 -1
-1 -1 -1 -1 -1 -1 -1 -1 -1 -1 -1 40 -1 -1 28 -1 -1 41 41 -1 -1 -1 -1 -1 -1 42 -1 43 -1 -1 -1 -1 -1 44 44
-1 45 -1 -1 46 -1 -1 -1 -1 -1 -1 40 -1 -1 -1 47 -1 -1 -1 48 48 -1 -1 -1 -1 -1 -1 -1 -1 -1 -1 -1 -1 -1 -1
-1 -1 -1 -1 -1 -1 -1 -1 -1 49 -1 -1 40 40 -1 -1 -1 -1 -1 -1 48 48 -1 -1 -1 -1 -1 -1 -1 -1 -1 -1 50 -1 -1
-1 -1 -1 -1 -1 -1 -1 -1 -1 -1 -1 -1 -1 -1 -1 -1 -1 -1 51 -1 -1 -1 -1 52 -1 -1 53 53 53 -1 -1 50 -1 -1 54
-1 55 55 -1 -1 56 56 -1 -1 -1 -1 -1 -1 -1 57 -1 -1 -1 51 -1 -1 58 -1 -1 52 -1 -1 -1 53 53 -1 50 -1 -1 54
-1 -1 -1 -1 -1 -1 -1 -1 59 59 -1 -1 57 57 -1 60 60 -1 -1 -1 -1 -1 -1 -1 52 52 -1 -1 53 -1 -1 -1 -1 -1 -1
-1 -1 -1 -1 -1 -1 -1 -1 -1 -1 -1 -1 -1 57 -1 -1 60 -1 -1 -1 -1 -1 -1 -1 52 52 -1 -1 -1 53 -1 -1 61 -1 -1
-1 -1 -1 -1 -1 -1 -1 -1 -1 62 -1 -1 57 -1 63 -1 -1 64 -1 -1 -1 -1 65 -1 -1 -1 -1 66 -1 -1 -1 -1 -1 -1 -1
-1 -1 -1 -1 -1 67 -1 -1 68 -1 -1 -1 -1 -1 -1 -1 -1 -1 -1 -1 -1 -1 -1 -1 -1 -1 69 -1 66 66 -1 -1 -1 70 -1
-1 -1 -1 -1 -1 -1 -1 68 -1 71 -1 -1 -1 72 -1 73 -1 -1 -1 74 -1 -1 -1 -1 -1 -1 69 -1 -1 -1 -1 -1 70 -1 -1
-1 -1 -1 -1 75 -1 -1 -1 -1 -1 -1 -1 -1 -1 -1 -1 73 -1 -1 -1 -1 -1 -1 -1 -1 -1 -1 -1 -1 -1 76 76 -1 -1 -1
77 77 -1 -1 -1 -1 -1 -1 78 78 78 78 -1 79 -1 73 -1 -1 -1 80 -1 81 -1 -1 -1 -1 82 82 -1 -1 76 -1 -1 -1 83
-1 -1 -1 84 84 84 -1 -1 -1 -1 -1 -1 -1 -1 -1 -1 -1 85 -1 -1 -1 -1 -1 -1 -1 -1 -1 -1 -1 -1 -1 76 -1 -1 -1
-1 -1 -1 -1 -1 -1 -1 -1 -1 -1 -1 86 -1 -1 -1 -1 -1 -1 87 -1 -1 -1 88 -1 89 -1 -1 90 -1 -1 -1 -1 -1 -1 -1
-1 91 -1 -1 -1 -1 92 92 -1 -1 -1 86 86 -1 -1 93 -1 87 87 -1 -1 94 -1 -1 -1 89 -1 -1 -1 -1 -1 -1 -1 -1 95
-1 -1 96 -1 -1 -1 -1 -1 -1 -1 -1 -1 -1 -1 -1 -1 -1 -1 -1 -1 -1 -1 -1 -1 -1 -1 -1 -1 -1 -1 97 97 -1 95 -1
-1 -1 -1 -1 98 98 98 98 -1 99 -1 -1 -1 -1 -1 -1 -1 -1 -1 -1 -1 -1 -1 100 -1 -1 101 -1 -1 -1 -1 -1 -1 -1 95
-1 -1 -1 -1 -1 -1 -1 -1 -1 -1 -1 -1 102 -1 -1 -1 103 -1 -1 -1 -1 -1 -1 -1 104 -1 -1 -1 105 105 -1 -1 -1 -1 95
-1 -1 -1 -1 -1 -1 106 -1 -1 -1 -1 -1 -1 -1 -1 -1 -1 -1 -1 -1 107 -1 -1 -1 -1 -1 -1 -1 -1 -1 -1 -1 -1 -1 -1
-1 -1 108 -1 -1 -1 -1 -1 -1 -1 -1 -1 -1 -1 -1 -1 -1 109 -1 -1 -1 -1 -1 -1 -1 -1 -1 -1 -1 -1 -1 -1 -1 -1 -1
-1 -1 -1 -1 -1 -1 110 -1 -1 -1 -1 -1 -1 -1 -1 -1 -1 -1 -1 -1 -1 -1 -1 -1 -1 -1 111 111 -1 -1 -1 -1 112 -1 -1
-1 -1 1 -1 -1 2 -1 3 -1 -1 -1 -1 -1 -1 -1 4 -1 5 5 -1 -1 -1 -1 -1 -1 -1 -1 -1 -1 6 6 -1 -1 7 -1
-1 -1 -1 -1 -1 -1 -1 -1 -1 -1 -1 8 -1 -1 -1 -1 5 -1 -1 9 -1 -1 -1 -1 -1 10 -1 -1 -1 -1 -1 -1 7 -1 -1
-1 11 11 -1 -1 -1 -1 -1 -1 -1 -1 -1 -1 -1 -1 -1 -1 -1 -1 -1 -1 -1 -1 -1 -1 -1 10 10 -1 12 -1 -1 -1 -1 -1
-1 11 -1 -1 -1 -1 -1 -1 13 -1 -1 -1 -1 -1 -1 -1 -1 -1 -1 -1 10 10 10 10 10 10 10 -1 -1 -1 -1 -1 -1 14 -1
-1 -1 -1 -1 -1 15 -1 -1 -1 -1 -1 -1 16 16 -1 -1 -1 -1 -1 17 -1 -1 -1 -1 -1 -1 10 -1 -1 -1 -1 -1 -1 -1 -1
18 -1 -1 19 -1 -1 -1 -1 -1 -1 -1 -1 -1 -1 -1 -1 -1 -1 17 -1 -1 -1 20 -1 -1 -1 -1 -1 21 21 -1 -1 -1 -1 -1
-1 -1 -1 -1 -1 -1 22 -1 23 -1 24 -1 -1 -1 -1 -1 -1 -1 17 -1 -1 -1 20 -1 -1 -1 -1 25 -1 -1 -1 -1 -1 -1 -1
-1 26 -1 -1 -1 -1 -1 -1 -1 -1 -1 -1 27 -1 28 28 -1 -1 -1 -1 -1 -1 -1 -1 29 -1 25 25 -1 -1 -1 -1 -1 -1 -1
-1 -1 26 -1 -1 -1 30 -1 -1 -1 -1 -1 -1 -1 -1 -1 -1 -1 31 -1 -1 -1 32 -1 -1 -1 -1 25 -1 -1 33 33 -1 -1 -1
34 -1 -1 -1 -1 30 -1 -1 -1 -1 35 -1 36 -1 -1 -1 -1 -1 -1 -1 -1 32 -1 37 -1 -1 -1 -1 -1 -1 -1 -1 -1 -1 -1
-1 -1 -1 -1 30 30 -1 -1 -1 35 35 -1 36 -1 -1 38 38 -1 -1 -1 -1 -1 -1 -1 -1 -1 -1 -1 -1 -1 -1 -1 -1 39 -1
40 40 -1 -1 -1 -1 -1 35 35 -1 -1 -1 -1 -1 -1 -1 -1 -1 -1 41 -1 -1 -1 -1 -1 -1 -1 -1 -1 -1 -1 39 39 -1 -1
40 -1 -1 -1 -1 -1 -1 -1 35 -1 -1 -1 -1 42 -1 -1 -1 -1 -1 41 -1 43 -1 -1 -1 -1 -1 -1 -1 -1 44 -1 -1 -1 -1
-1 -1 45 -1 -1 -1 -1 -1 -1 -1 46 -1 42 42 -1 -1 -1 -1 -1 -1 -1 43 -1 -1 -1 47 -1 -1 -1 -1 -1 -1 -1 48 48
-1 -1 -1 -1 -1 -1 49 -1 -1 -1 -1 -1 -1 -1 -1 -1 50 -1 -1 -1 -1 -1 43 -1 -1 -1 -1 -1 51 -1 -1 -1 52 -1 -1
-1 -1 -1 -1 -1 -1 -1 -1 -1 -1 53 -1 -1 -1 -1 -1 -1 -1 -1 -1 -1 -1 -1 -1 -1 -1 -1 51 -1 -1 -1 52 -1 54 54
-1 -1 -1 -1 -1 -1 -1 -1 -1 -1 -1 -1 -1 55 -1 -1 56 -1 57 -1 -1 -1 -1 -1 -1 -1 -1 -1 -1 -1 -1 -1 -1 -1 -1
58 58 -1 59 -1 -1 60 -1 -1 -1 -1 -1 55 55 -1 -1 -1 -1 57 -1 -1 61 -1 -1 -1 -1 -1 -1 -1 -1 -1 -1 -1 -1 -1
-1 -1 -1 -1 59 -1 -1 -1 -1 62 -1 63 -1 -1 -1 64 -1 -1 -1 -1 -1 -1 -1 -1 -1 65 -1 -1 -1 -1 66 -1 -1 67 -1
-1 -1 -1 -1 59 -1 -1 -1 -1 -1 -1 -1 -1 64 64 -1 -1 -1 -1 68 68 -1 65 65 65 -1 69 -1 -1 -1 66 -1 -1 -1 -1
-1 -1 -1 -1 -1 59 -1 -1 70 -1 -1 -1 -1 -1 -1 -1 71 -1 72 -1 -1 -1 -1 -1 -1 65 -1 -1 73 -1 -1 -1 -1 -1 -1
-1 74 -1 75 -1 -1 76 -1 -1 -1 -1 -1 -1 77 -1 -1 -1 -1 -1 -1 -1 -1 78 -1 -1 65 -1 73 -1 -1 -1 -1 79 -1 -1
-1 74 -1 75 -1 -1 -1 -1 -1 -1 -1 80 -1 -1 -1 -1 -1 -1 81 -1 -1 -1 78 -1 82 -1 -1 -1 -1 -1 -1 -1 -1 79 -1
-1 74 -1 -1 -1 -1 -1 -1 -1 -1 -1 -1 -1 -1 -1 -1 -1 -1 81 -1 83 -1 -1 -1 -1 -1 -1 -1 -1 84 -1 -1 -1 79 -1
-1 74 74 -1 85 -1 -1 -1 -1 -1 -1 -1 86 86 -1 -1 87 -1 -1 -1 -1 -1 88 88 -1 89 -1 -1 -1 -1 -1 -1 -1 -1 -1
-1 74 -1 -1 -1 90 -1 91 91 -1 -1 86 -1 -1 -1 -1 -1 -1 -1 -1 -1 88 -1 -1 -1 89 -1 -1 -1 92 -1 93 -1 -1 -1
94 -1 -1 95 -1 -1 -1 -1 -1 -1 -1 -1 86 -1 -1 -1 -1 -1 -1 -1 -1 88 -1 -1 96 -1 -1 -1 -1 -1 -1 -1 -1 -1 -1
-1 95 95 95 -1 -1 -1 -1 -1 -1 -1 86 -1 -1 -1 -1 -1 -1 -1 -1 -1 -1 -1 -1 96 -1 -1 97 -1 -1 -1 -1 98 -1 -1
99 -1 -1 -1 -1 -1 -1 100 -1 101 -1 -1 -1 102 -1 -1 -1 103 -1 -1 104 -1 -1 -1 -1 -1 -1 -1 -1 105 -1 -1 -1 98 -1
-1 -1 -1 -1 106 -1 -1 -1 -1 -1 -1 -1 -1 -1 -1 107 -1 -1 -1 -1 104 -1 -1 -1 -1 108 -1 -1 -1 -1 -1 -1 -1 98 -1
-1 -1 -1 -1 106 -1 -1 -1 -1 -1 -1 -1 -1 -1 -1 -1 -1 109 -1 104 104 -1 -1 -1 -1 108 -1 -1 -1 -1 -1 -1 -1 -1 -1
-1 -1 -1 -1 -1 110 -1 -1 -1 111 111 -1 -1 -1 -1 -1 -1 -1 104 -1 -1 -1 -1 112 -1 -1 -1 -1 -1 -1 -1 -1 113 -1 -1
114 -1 -1 -1 -1 110 -1 -1 -1 -1 -1 -1 -1 -1 -1 -1 115 -1 -1 -1 -1 -1 -1 -1 -1 116 -1 116 -1 -1 -1 -1 -1 113 -1
-1 117 -1 118 -1 -1 -1 -1 119 119 -1 -1 -1 -1 120 -1 -1 -1 -1 -1 -1 -1 -1 -1 -1 116 116 -1 -1 -1 -1 -1 -1 113 -1
-1 117 117 -1 -1 -1 -1 -1 -1 119 -1 -1 -1 -1 -1 -1 -1 -1 121 121 -1 -1 -1 -1 -1 -1 116 116 -1 122 122 -1 -1 -1 -1
-1 1 -1 2 -1 -1 -1 -1 -1 -1 -1 -1 -1 -1 3 -1 -1 -1 -1 -1 -1 -1 -1 -1 -1 -1 4 -1 -1 -1 -1 -1 -1 -1 -1
-1 1 -1 -1 5 -1 -1 -1 -1 6 -1 -1 -1 -1 -1 -1 -1 -1 7 -1 -1 -1 -1 8 -1 4 4 -1 9 -1 -1 -1 -1 -1 10
-1 -1 -1 -1 -1 -1 -1 -1 -1 6 -1 -1 11 -1 -1 -1 -1 -1 -1 -1 -1 -1 12 -1 -1 -1 -1 -1 9 -1 -1 13 13 -1 -1
-1 -1 14 -1 -1 -1 -1 -1 -1 -1 -1 -1 -1 -1 -1 -1 -1 -1 -1 -1 -1 -1 -1 -1 -1 -1 -1 -1 -1 -1 -1 13 13 -1 15
-1 -1 -1 -1 -1 -1 16 16 -1 -1 -1 -1 -1 -1 -1 -1 17 17 -1 -1 18 -1 -1 19 19 -1 -1 -1 -1 -1 -1 -1 -1 -1 -1
20 -1 -1 21 21 -1 -1 -1 -1 -1 22 22 -1 -1 -1 -1 -1 17 17 -1 -1 -1 -1 -1 -1 -1 -1 -1 23 -1 -1 -1 -1 -1 -1
-1 -1 -1 -1 -1 -1 -1 -1 24 24 -1 -1 22 -1 -1 -1 -1 -1 -1 17 -1 25 -1 -1 -1 -1 -1 26 -1 -1 -1 -1 27 27 27
-1 -1 -1 -1 -1 -1 28 -1 -1 -1 -1 -1 -1 -1 -1 -1 -1 -1 -1 -1 -1 25 -1 -1 29 -1 26 -1 -1 30 -1 -1 -1 27 -1
-1 -1 -1 -1 -1 -1 -1 -1 -1 -1 -1 -1 31 -1 -1 -1 -1 -1 32 32 -1 -1 -1 -1 -1 -1 -1 -1 -1 -1 -1 -1 -1 -1 27
-1 -1 -1 -1 -1 -1 -1 33 -1 -1 -1 -1 -1 -1 -1 -1 34 -1 -1 -1 -1 -1 -1 35 -1 36 -1 -1 -1 -1 -1 -1 -1 -1 27
-1 -1 -1 -1 -1 -1 -1 -1 -1 -1 -1 -1 -1 -1 37 -1 34 -1 -1 38 -1 -1 -1 -1 -1 -1 36 36 -1 -1 -1 39 -1 -1 -1
-1 -1 -1 -1 40 -1 -1 -1 -1 -1 -1 -1 -1 -1 -1 -1 -1 -1 -1 -1 -1 -1 -1 -1 41 -1 -1 -1 -1 42 -1 39 -1 -1 -1
-1 -1 -1 -1 40 -1 -1 -1 43 43 -1 -1 44 -1 -1 -1 -1 -1 -1 -1 45 -1 -1 46 -1 -1 -1 -1 -1 42 -1 39 -1 -1 -1
47 -1 -1 -1 -1 -1 -1 -1 -1 -1 -1 44 -1 -1 -1 48 -1 -1 -1 -1 -1 -1 -1 -1 -1 -1 -1 -1 42 -1 39 -1 -1 -1 49
-1 -1 -1 -1 50 50 50 -1 -1 -1 -1 -1 -1 -1 -1 -1 -1 -1 -1 -1 -1 -1 -1 51 -1 -1 -1 -1 -1 -1 -1 -1 -1 -1 -1
-1 -1 -1 -1 50 -1 -1 -1 -1 -1 -1 -1 -1 -1 -1 -1 -1 -1 -1 -1 -1 -1 51 -1 -1 -1 -1 -1 -1 -1 -1 -1 -1 -1 -1
-1 -1 -1 -1 50 -1 -1 -1 -1 -1 -1 -1 -1 -1 -1 -1 -1 -1 52 -1 53 -1 -1 -1 -1 -1 54 -1 -1 -1 55 -1 56 -1 -1
-1 -1 -1 -1 -1 57 57 57 -1 -1 58 -1 59 -1 -1 -1 -1 -1 -1 -1 -1 -1 60 -1 -1 -1 -1 -1 -1 -1 -1 -1 -1 -1 -1
-1 -1 -1 -1 -1 -1 -1 -1 -1 -1 58 -1 59 -1 61 -1 -1 -1 -1 -1 -1 62 -1 -1 -1 -1 -1 -1 -1 -1 -1 -1 -1 -1 -1
-1 -1 -1 -1 -1 -1 -1 -1 -1 -1 -1 -1 -1 -1 -1 -1 -1 -1 -1 -1 -1 -1 -1 63 -1 -1 -1 64 -1 -1 -1 -1 -1 -1 -1
-1 -1 65 -1 -1 -1 -1 -1 -1 -1 -1 66 -1 -1 -1 -1 -1 -1 -1 67 67 -1 -1 -1 -1 68 -1 -1 -1 -1 -1 -1 -1 -1 -1
-1 -1 65 -1 -1 -1 -1 -1 -1 -1 -1 66 -1 -1 -1 -1 -1 -1 -1 -1 -1 69 69 -1 68 -1 -1 -1 -1 -1 70 -1 -1 71 -1
-1 -1 -1 -1 72 -1 -1 -1 -1 -1 -1 -1 -1 73 73 -1 -1 -1 -1 -1 -1 -1 -1 -1 -1 -1 -1 -1 -1 -1 -1 -1 -1 71 -1
74 -1 -1 -1 -1 -1 75 -1 76 -1 -1 -1 73 -1 -1 -1 -1 -1 77 -1 -1 -1 -1 -1 -1 -1 -1 -1 -1 -1 78 -1 -1 -1 -1
-1 -1 -1 -1 -1 -1 75 -1 -1 76 76 -1 -1 -1 -1 -1 79 -1 77 -1 -1 -1 -1 -1 80 -1 81 81 -1 78 78 -1 82 -1 -1
-1 -1 -1 -1 -1 75 -1 -1 -1 76 -1 -1 83 -1 -1 79 -1 -1 -1 -1 84 84 -1 -1 -1 81 -1 -1 78 -1 -1 -1 -1 -1 -1
85 -1 -1 86 -1 -1 75 -1 -1 -1 -1 -1 -1 -1 -1 79 -1 -1 -1 84 84 84 -1 87 -1 -1 -1 -1 -1 -1 -1 -1 88 -1 -1
-1 -1 -1 -1 89 -1 75 -1 -1 -1 -1 90 90 -1 -1 -1 -1 -1 -1 84 -1 -1 -1 -1 -1 91 -1 -1 92 92 -1 88 -1 93 93
-1 -1 -1 89 89 -1 -1 -1 -1 -1 94 -1 -1 -1 -1 -1 95 -1 -1 -1 -1 -1 -1 -1 96 -1 -1 -1 -1 -1 -1 88 -1 -1 -1
-1 -1 -1 -1 89 -1 94 94 94 94 94 94 -1 -1 97 -1 95 -1 98 -1 -1 -1 -1 -1 -1 -1 99 99 -1 -1 -1 -1 -1 100 -1
-1 -1 -1 -1 -1 -1 -1 -1 -1 -1 -1 -1 -1 -1 -1 -1 -1 -1 -1 -1 -1 101 -1 102 -1 -1 -1 -1 -1 103 -1 -1 104 -1 -1
105 -1 106 -1 -1 -1 -1 -1 -1 -1 -1 -1 -1 -1 -1 -1 -1 -1 -1 107 -1 -1 102 102 102 -1 -1 -1 -1 -1 -1 -1 -1 108 -1
-1 -1 -1 -1 -1 -1 -1 -1 -1 -1 -1 -1 109 -1 110 110 -1 -1 107 107 -1 -1 102 -1 -1 -1 -1 -1 -1 -1 -1 111 -1 108 -1
-1 -1 112 -1 -1 -1 -1 -1 -1 -1 -1 -1 109 -1 110 -1 -1 -1 107 -1 102 102 -1 -1 -1 -1 113 -1 -1 -1 -1 -1 -1 -1 -1
-1 -1 -1 -1 -1 -1 -1 114 -1 -1 -1 -1 -1 -1 -1 -1 -1 -1 -1 -1 -1 -1 -1 -1 -1 -1 -1 113 -1 -1 -1 -1 -1 115 -1
-1 -1 -1 -1 1 -1 -1 -1 -1 -1 -1 -1 -1 -1 -1 -1 -1 -1 2 -1 -1 3 -1 -1 -1 4 -1 -1 -1 -1 -1 -1 5 -1 -1
-1 -1 -1 1 -1 -1 6 -1 7 -1 8 -1 9 -1 -1 -1 10 -1 -1 -1 3 -1 11 -1 -1 4 -1 -1 -1 -1 12 -1 -1 -1 -1
-1 -1 1 1 -1 -1 -1 -1 7 -1 -1 -1 -1 -1 -1 -1 -1 -1 -1 -1 -1 3 -1 -1 13 -1 -1 -1 -1 -1 -1 -1 -1 -1 -1
-1 -1 -1 -1 -1 14 -1 -1 -1 15 -1 16 -1 -1 -1 -1 -1 17 -1 18 -1 -1 -1 -1 -1 -1 19 -1 -1 -1 -1 -1 -1 -1 -1
-1 -1 -1 -1 -1 -1 -1 -1 -1 15 -1 -1 -1 -1 -1 -1 -1 -1 -1 -1 -1 20 20 -1 -1 -1 -1 -1 -1 -1 -1 -1 -1 -1 -1
-1 21 21 21 -1 -1 22 -1 -1 -1 -1 -1 23 23 23 -1 -1 -1 24 -1 -1 20 -1 25 25 -1 26 -1 -1 -1 -1 27 -1 -1 -1
-1 -1 -1 21 -1 -1 -1 -1 28 -1 -1 -1 -1 23 -1 -1 -1 -1 -1 24 -1 -1 -1 25 -1 -1 26 26 -1 -1 -1 27 -1 -1 -1
-1 -1 -1 -1 29 -1 -1 -1 -1 -1 -1 30 -1 -1 31 -1 -1 -1 -1 -1 -1 -1 -1 -1 26 26 -1 -1 -1 -1 -1 -1 -1 -1 -1
-1 32 -1 -1 -1 -1 -1 -1 -1 -1 -1 30 -1 33 -1 31 -1 -1 34 -1 -1 -1 35 -1 26 -1 -1 -1 -1 -1 -1 -1 -1 -1 -1
-1 -1 -1 -1 -1 -1 -1 36 -1 -1 30 30 -1 -1 -1 31 -1 -1 -1 -1 -1 -1 -1 -1 26 -1 -1 -1 -1 37 -1 -1 -1 -1 -1
-1 -1 -1 -1 -1 -1 -1 -1 -1 -1 30 -1 -1 -1 -1 -1 31 -1 -1 -1 38 -1 -1 -1 -1 26 -1 -1 -1 -1 -1 -1 39 -1 -1
-1 -1 -1 -1 -1 -1 -1 -1 -1 -1 -1 -1 -1 -1 -1 -1 31 -1 -1 -1 38 -1 -1 -1 -1 -1 -1 -1 -1 -1 -1 39 -1 -1 -1
-1 -1 -1 -1 40 -1 -1 -1 -1 -1 -1 -1 -1 -1 -1 -1 -1 -1 -1 -1 -1 -1 -1 -1 -1 41 -1 42 -1 -1 -1 -1 -1 -1 -1
-1 -1 -1 -1 -1 -1 -1 -1 -1 -1 -1 -1 -1 -1 43 43 -1 -1 -1 -1 -1 -1 -1 -1 -1 -1 -1 -1 -1 -1 -1 -1 -1 -1 44
-1 45 -1 -1 -1 -1 46 -1 -1 -1 -1 -1 -1 -1 -1 -1 -1 -1 -1 -1 -1 -1 -1 47 -1 -1 -1 -1 -1 -1 48 -1 -1 49 -1
-1 -1 -1 -1 -1 -1 46 46 -1 -1 -1 -1 -1 -1 -1 -1 50 -1 -1 -1 -1 -1 -1 -1 -1 -1 51 -1 -1 -1 -1 -1 -1 -1 -1
52 52 -1 -1 -1 -1 -1 -1 -1 -1 -1 53 53 -1 -1 -1 -1 -1 -1 -1 -1 -1 54 -1 -1 -1 51 -1 -1 -1 -1 55 -1 56 -1
-1 -1 -1 -1 -1 -1 -1 -1 -1 57 -1 -1 -1 -1 -1 -1 -1 -1 -1 -1 58 -1 -1 -1 -1 51 -1 59 -1 60 -1 -1 -1 -1 -1
-1 61 -1 62 -1 63 -1 -1 -1 -1 57 -1 -1 -1 -1 -1 -1 -1 -1 -1 -1 -1 -1 64 -1 -1 -1 -1 -1 -1 -1 -1 -1 -1 65
-1 61 -1 -1 -1 -1 66 66 -1 -1 -1 -1 -1 -1 -1 -1 67 67 -1 -1 -1 -1 64 64 -1 -1 68 -1 68 -1 -1 -1 -1 -1 65
69 -1 -1 -1 70 70 -1 -1 -1 71 -1 72 -1 73 -1 -1 -1 67 -1 -1 -1 74 -1 -1 -1 -1 68 68 68 -1 75 -1 76 -1 -1
-1 -1 -1 -1 70 -1 -1 -1 -1 -1 -1 -1 73 -1 -1 77 -1 -1 -1 -1 -1 -1 -1 -1 -1 68 -1 -1 -1 75 -1 -1 -1 -1 -1
-1 -1 -1 78 -1 -1 -1 -1 -1 -1 -1 -1 -1 -1 -1 -1 77 -1 -1 -1 79 -1 -1 80 -1 68 68 68 -1 -1 -1 -1 -1 -1 -1
-1 -1 -1 -1 -1 -1 -1 -1 81 81 -1 -1 -1 -1 -1 -1 -1 -1 -1 -1 -1 -1 -1 -1 -1 -1 -1 -1 -1 -1 -1 -1 82 82 -1
83 -1 -1 -1 -1 -1 -1 84 -1 -1 -1 -1 -1 -1 85 -1 86 86 -1 -1 -1 -1 -1 -1 -1 -1 -1 -1 -1 -1 -1 -1 -1 -1 82
83 -1 -1 87 -1 -1 84 -1 -1 -1 -1 -1 -1 -1 -1 -1 -1 -1 -1 88 -1 89 -1 -1 90 -1 -1 -1 -1 -1 91 -1 -1 82 82
83 -1 -1 87 87 -1 -1 84 -1 -1 -1 -1 92 -1 -1 -1 93 -1 -1 -1 -1 -1 89 -1 -1 -1 94 -1 -1 91 91 -1 -1 -1 82
-1 -1 -1 87 -1 -1 -1 -1 95 -1 -1 92 -1 -1 96 -1 -1 -1 -1 97 -1 89 -1 -1 -1 -1 -1 -1 -1 -1 -1 -1 -1 -1 -1
-1 -1 -1 -1 -1 -1 -1 -1 -1 -1 -1 -1 92 -1 -1 -1 -1 -1 -1 97 -1 -1 -1 -1 -1 98 -1 -1 -1 -1 -1 -1 -1 99 -1
-1 100 -1 -1 -1 -1 -1 -1 -1 -1 101 -1 -1 -1 -1 -1 -1 -1 -1 -1 -1 -1 102 -1 -1 -1 -1 -1 103 -1 -1 99 99 99 -1
-1 -1 -1 104 -1 -1 105 -1 -1 -1 101 -1 -1 -1 -1 106 -1 -1 107 -1 -1 108 -1 -1 -1 -1 -1 109 -1 -1 -1 -1 -1 -1 -1
110 -1 -1 -1 -1 -1 -1 111 -1 101 -1 -1 -1 -1 -1 -1 112 -1 107 -1 -1 -1 -1 113 -1 -1 -1 -1 114 -1 -1 115 -1 -1 -1
-1 -1 116 -1 -1 -1 -1 -1 -1 -1 -1 -1 -1 -1 -1 -1 -1 -1 -1 -1 -1 -1 117 -1 -1 -1 -1 -1 -1 -1 -1 -1 -1 -1 -1
-1 -1 -1 -1 -1 -1 118 118 -1 -1 -1 -1 -1 -1 119 -1 -1 120 -1 -1 121 -1 -1 -1 -1 -1 122 -1 -1 -1 -1 -1 -1 123 -1
-1 124 -1 -1 -1 125 -1 -1 118 -1 -1 -1 126 -1 -1 -1 -1 -1 -1 -1 -1 -1 -1 -1 -1 127 -1 122 -1 128 128 128 -1 -1 -1
-1 -1 -1 -1 -1 -1 -1 -1 -1 -1 -1 -1 1 -1 -1 -1 2 -1 -1 3 -1 -1 4 -1 -1 -1 5 -1 -1 -1 -1 -1 -1 -1 -1
-1 -1 6 -1 -1 7 7 -1 -1 -1 8 -1 1 -1 -1 -1 -1 9 -1 3 -1 -1 -1 -1 -1 5 -1 -1 -1 -1 -1 -1 -1 -1 -1
-1 -1 -1 6 -1 -1 -1 -1 -1 -1 -1 -1 -1 -1 -1 -1 -1 9 -1 3 -1 -1 -1 -1 -1 -1 -1 -1 -1 -1 -1 -1 -1 10 10
11 -1 -1 -1 -1 -1 -1 -1 -1 12 -1 -1 13 -1 14 -1 -1 -1 -1 -1 15 -1 -1 16 -1 -1 -1 -1 -1 -1 17 -1 -1 -1 -1
-1 -1 -1 -1 18 -1 -1 -1 -1 12 -1 -1 13 -1 -1 -1 -1 19 -1 -1 -1 -1 -1 -1 -1 -1 -1 -1 -1 -1 -1 -1 20 -1 -1
-1 -1 -1 18 -1 -1 -1 -1 -1 -1 -1 -1 13 -1 -1 -1 -1 -1 -1 21 -1 -1 -1 22 22 -1 23 -1 -1 -1 24 -1 -1 -1 -1
-1 -1 -1 -1 -1 -1 -1 -1 -1 -1 -1 -1 -1 -1 -1 -1 25 -1 -1 -1 -1 -1 22 22 -1 -1 -1 23 23 -1 24 -1 -1 -1 -1
-1 26 -1 -1 -1 27 27 -1 -1 28 -1 -1 -1 29 -1 -1 -1 -1 -1 -1 -1 -1 22 -1 -1 -1 -1 -1 -1 -1 -1 -1 -1 -1 30
-1 -1 -1 31 -1 -1 27 27 27 -1 -1 -1 -1 -1 -1 -1 -1 32 32 -1 32 -1 -1 -1 -1 -1 -1 -1 -1 -1 33 -1 -1 -1 30
-1 -1 -1 -1 -1 -1 -1 -1 27 -1 -1 -1 -1 -1 -1 32 32 32 32 32 -1 -1 34 -1 -1 -1 -1 -1 35 -1 -1 -1 -1 -1 30
-1 -1 36 -1 37 -1 38 -1 -1 27 -1 39 -1 -1 40 -1 32 -1 -1 -1 -1 -1 -1 -1 -1 -1 -1 -1 -1 35 -1 -1 -1 -1 -1
36 -1 36 -1 -1 38 -1 -1 -1 -1 -1 39 39 -1 -1 32 -1 -1 41 -1 -1 42 -1 43 -1 44 44 44 -1 -1 -1 45 -1 46 -1
-1 36 36 -1 -1 38 -1 -1 -1 -1 -1 -1 39 -1 -1 -1 -1 -1 -1 -1 -1 42 -1 -1 43 -1 44 44 -1 -1 -1 -1 -1 -1 -1
-1 -1 -1 -1 -1 -1 47 -1 -1 48 -1 -1 -1 -1 -1 49 -1 50 -1 -1 42 -1 -1 -1 -1 -1 -1 -1 -1 -1 -1 51 51 -1 52
-1 53 53 -1 -1 -1 47 47 -1 -1 48 -1 -1 -1 -1 -1 -1 -1 -1 -1 -1 -1 54 -1 -1 -1 -1 -1 -1 -1 -1 -1 -1 -1 -1
-1 -1 53 -1 -1 -1 47 47 -1 -1 -1 -1 -1 -1 -1 -1 -1 -1 55 -1 -1 54 -1 56 56 -1 -1 -1 -1 -1 57 -1 -1 57 -1
-1 -1 -1 -1 58 -1 -1 47 -1 -1 -1 -1 -1 -1 59 -1 60 -1 -1 55 -1 -1 -1 -1 -1 -1 61 -1 -1 -1 -1 57 57 57 -1
-1 -1 -1 -1 -1 -1 -1 -1 -1 -1 -1 -1 -1 -1 -1 -1 -1 62 -1 -1 -1 -1 -1 63 -1 -1 61 -1 -1 -1 57 -1 -1 -1 -1
64 -1 -1 -1 -1 -1 -1 -1 65 -1 -1 66 66 -1 -1 -1 -1 -1 -1 -1 -1 -1 -1 -1 -1 -1 -1 -1 -1 -1 -1 57 -1 -1 -1
64 -1 -1 67 -1 -1 -1 -1 -1 -1 66 -1 -1 -1 -1 -1 -1 -1 -1 -1 -1 -1 -1 -1 -1 -1 -1 -1 -1 -1 -1 -1 -1 68 -1
-1 64 -1 -1 -1 -1 -1 -1 -1 -1 -1 -1 -1 -1 -1 -1 -1 -1 -1 -1 -1 -1 -1 -1 -1 -1 -1 -1 -1 69 69 69 -1 -1 -1
-1 -1 -1 -1 -1 -1 -1 70 70 -1 71 -1 -1 -1 72 -1 -1 -1 -1 -1 -1 -1 -1 -1 -1 -1 -1 -1 -1 69 -1 -1 73 73 -1
74 74 74 -1 -1 -1 -1 -1 -1 -1 -1 -1 75 -1 -1 -1 -1 -1 76 -1 -1 -1 -1 -1 -1 -1 -1 -1 -1 -1 69 -1 -1 -1 -1
74 -1 -1 -1 -1 -1 77 -1 78 -1 79 -1 75 -1 -1 -1 -1 -1 -1 -1 -1 80 80 80 80 -1 81 -1 82 -1 69 -1 -1 -1 -1
-1 -1 -1 -1 -1 -1 -1 -1 -1 -1 -1 -1 -1 -1 -1 83 83 83 -1 -1 -1 -1 -1 -1 -1 -1 -1 -1 -1 -1 69 69 -1 -1 -1
-1 -1 84 -1 -1 -1 -1 -1 -1 -1 -1 -1 -1 -1 83 83 -1 83 -1 -1 -1 85 -1 -1 -1 -1 -1 -1 -1 -1 -1 -1 -1 -1 -1
-1 86 -1 84 -1 -1 -1 -1 87 -1 -1 -1 -1 88 -1 -1 -1 83 -1 -1 -1 -1 -1 -1 -1 -1 -1 -1 -1 -1 -1 -1 -1 -1 89
-1 -1 84 -1 -1 90 -1 -1 -1 -1 91 91 -1 -1 -1 -1 -1 -1 92 -1 -1 -1 -1 -1 -1 -1 -1 -1 93 -1 -1 -1 -1 -1 -1
-1 -1 -1 -1 -1 -1 -1 -1 -1 -1 -1 -1 -1 -1 -1 -1 -1 -1 -1 -1 94 -1 95 -1 -1 -1 -1 -1 -1 93 -1 -1 -1 -1 -1
-1 96 -1 -1 -1 -1 -1 -1 -1 -1 97 -1 -1 -1 -1 98 -1 99 -1 94 -1 -1 -1 -1 -1 -1 -1 -1 -1 -1 -1 -1 -1 100 -1
-1 -1 -1 -1 -1 -1 -1 -1 -1 -1 -1 97 -1 -1 101 -1 -1 99 -1 -1 -1 -1 -1 102 -1 -1 102 -1 103 -1 -1 -1 -1 -1 -1
104 -1 -1 -1 -1 -1 105 -1 106 -1 -1 -1 107 -1 101 101 -1 -1 -1 -1 -1 108 -1 102 102 102 -1 -1 -1 -1 -1 -1 109 -1 -1
104 -1 -1 -1 -1 -1 -1 -1 106 -1 -1 -1 -1 -1 -1 -1 -1 -1 -1 -1 110 -1 108 -1 -1 -1 -1 -1 -1 -1 -1 111 -1 -1 -1
-1 112 112 -1 -1 -1 106 106 106 106 -1 -1 -1 -1 -1 113 113 -1 -1 -1 -1 -1 -1 114 114 -1 111 111 111 111 111 -1 115 -1 116
117 -1 -1 -1 -1 -1 -1 106 -1 106 -1 -1 -1 118 -1 -1 -1 -1 -1 -1 -1 -1 -1 -1 -1 114 -1 111 -1 -1 -1 -1 -1 -1 -1
-1 -1 -1 1 -1 -1 -1 -1 -1 2 -1 -1 -1 -1 -1 -1 -1 -1 -1 -1 -1 -1 -1 3 -1 -1 -1 -1 -1 4 -1 5 -1 -1 -1
6 -1 -1 -1 -1 -1 -1 -1 -1 -1 -1 -1 -1 -1 -1 -1 -1 -1 -1 -1 -1 -1 -1 3 3 -1 -1 -1 -1 -1 -1 -1 -1 7 7
6 6 -1 8 -1 9 -1 10 -1 -1 -1 11 -1 -1 12 -1 -1 -1 -1 -1 -1 -1 -1 -1 -1 -1 13 -1 -1 -1 -1 -1 -1 7 7
-1 -1 -1 8 -1 9 -1 -1 -1 -1 -1 -1 -1 -1 -1 -1 -1 -1 14 -1 -1 -1 -1 -1 -1 -1 -1 -1 -1 -1 -1 15 -1 -1 7
-1 -1 -1 -1 -1 -1 -1 16 -1 17 -1 -1 -1 -1 -1 -1 -1 -1 -1 -1 -1 -1 -1 -1 -1 -1 18 -1 19 -1 -1 -1 -1 -1 -1
-1 -1 -1 -1 -1 20 -1 -1 -1 -1 -1 -1 21 -1 -1 -1 -1 -1 -1 -1 22 -1 -1 -1 -1 18 -1 19 -1 -1 -1 -1 -1 -1 -1
-1 -1 -1 -1 -1 -1 20 -1 -1 -1 -1 -1 -1 -1 -1 -1 23 -1 -1 -1 -1 -1 -1 24 -1 -1 -1 19 -1 25 -1 -1 -1 -1 -1
-1 -1 -1 -1 -1 -1 -1 26 -1 -1 -1 -1 -1 -1 -1 -1 -1 -1 27 -1 -1 -1 24 -1 -1 28 -1 -1 -1 -1 -1 -1 -1 29 -1
-1 -1 -1 -1 30 -1 -1 26 -1 -1 -1 -1 31 31 31 -1 -1 -1 27 -1 -1 -1 24 -1 -1 28 28 -1 32 -1 -1 -1 33 -1 -1
34 -1 -1 -1 -1 -1 -1 -1 -1 -1 -1 -1 31 -1 -1 -1 -1 -1 -1 35 -1 -1 -1 -1 -1 -1 -1 32 -1 -1 36 -1 -1 -1 -1
-1 -1 37 -1 -1 -1 -1 -1 -1 -1 38 -1 -1 -1 -1 -1 39 -1 40 -1 -1 -1 -1 -1 -1 -1 -1 -1 -1 -1 -1 -1 -1 -1 41
-1 -1 -1 -1 -1 -1 42 -1 38 38 -1 -1 -1 43 -1 -1 -1 -1 -1 44 44 -1 -1 45 -1 -1 -1 -1 -1 -1 -1 -1 46 -1 -1
47 -1 47 -1 -1 -1 42 -1 -1 38 -1 -1 -1 -1 -1 -1 -1 48 -1 44 -1 -1 -1 45 -1 49 -1 -1 -1 -1 -1 -1 46 46 -1
47 47 47 -1 -1 42 -1 -1 -1 -1 -1 50 50 -1 -1 51 -1 -1 -1 -1 52 -1 -1 45 -1 -1 -1 -1 -1 -1 -1 -1 46 -1 -1
-1 -1 -1 -1 53 -1 -1 -1 -1 -1 54 -1 -1 -1 -1 51 51 -1 55 -1 -1 52 -1 -1 -1 56 56 56 56 -1 -1 -1 46 -1 -1
-1 -1 -1 -1 -1 -1 57 57 -1 -1 -1 58 -1 59 -1 -1 51 -1 -1 52 52 -1 -1 60 -1 -1 -1 56 -1 -1 61 -1 -1 -1 -1
-1 -1 -1 -1 -1 57 57 57 -1 -1 62 -1 -1 -1 -1 -1 -1 -1 -1 -1 -1 -1 -1 -1 -1 -1 56 56 -1 -1 -1 -1 -1 -1 -1
-1 -1 -1 -1 -1 -1 -1 57 57 -1 -1 63 -1 -1 -1 -1 -1 -1 -1 -1 -1 -1 -1 -1 -1 -1 -1 -1 -1 -1 -1 -1 64 64 -1
-1 -1 -1 -1 -1 -1 65 -1 57 -1 -1 -1 -1 66 -1 -1 -1 -1 -1 -1 -1 -1 67 -1 -1 -1 -1 -1 -1 68 -1 -1 64 -1 -1
69 -1 70 -1 -1 -1 -1 57 -1 71 -1 72 -1 -1 -1 -1 -1 -1 -1 -1 73 -1 67 -1 -1 74 -1 75 -1 68 -1 -1 -1 76 76
-1 69 -1 -1 -1 77 -1 57 -1 -1 -1 -1 -1 -1 -1 -1 -1 -1 -1 73 73 -1 -1 -1 -1 -1 -1 -1 -1 -1 68 68 -1 -1 76
69 -1 -1 -1 -1 -1 57 -1 -1 78 -1 -1 -1 79 -1 -1 -1 -1 -1 -1 -1 -1 -1 -1 80 80 -1 -1 -1 -1 -1 68 -1 -1 -1
-1 -1 81 -1 -1 -1 -1 57 57 -1 78 78 -1 -1 -1 -1 -1 -1 -1 82 -1 -1 -1 -1 -1 -1 -1 -1 83 83 -1 -1 -1 -1 -1
-1 -1 -1 -1 -1 -1 -1 -1 57 -1 -1 -1 -1 -1 84 -1 -1 85 -1 -1 -1 -1 -1 86 -1 -1 -1 -1 -1 83 -1 -1 -1 -1 -1
-1 -1 -1 -1 -1 -1 -1 -1 57 -1 -1 -1 -1 87 -1 84 84 -1 -1 -1 -1 88 -1 -1 86 -1 -1 -1 -1 83 -1 -1 -1 -1 -1
-1 -1 -1 -1 -1 -1 -1 -1 -1 -1 89 -1 87 -1 -1 -1 84 84 -1 -1 -1 -1 -1 -1 -1 -1 90 90 -1 -1 -1 91 -1 -1 -1
-1 -1 -1 92 -1 -1 -1 -1 -1 -1 89 -1 -1 -1 -1 -1 -1 -1 -1 -1 -1 -1 -1 -1 -1 90 90 90 -1 -1 93 -1 91 -1 94
-1 -1 -1 92 -1 -1 -1 -1 -1 -1 -1 95 -1 -1 -1 -1 96 -1 -1 -1 97 -1 98 -1 -1 -1 -1 -1 -1 -1 -1 91 -1 -1 -1
-1 -1 99 -1 -1 100 -1 -1 -1 -1 -1 -1 -1 -1 -1 101 -1 -1 -1 -1 -1 -1 -1 -1 -1 -1 102 -1 -1 -1 -1 -1 -1 -1 103
-1 99 -1 104 -1 -1 -1 -1 -1 -1 105 -1 -1 -1 -1 -1 -1 106 -1 107 -1 -1 -1 -1 -1 -1 102 -1 -1 -1 -1 -1 -1 103 -1
-1 -1 -1 -1 -1 -1 -1 -1 -1 -1 -1 105 -1 -1 108 -1 -1 -1 -1 -1 -1 -1 -1 -1 -1 -1 -1 -1 109 109 -1 -1 -1 103 -1
110 -1 -1 111 -1 -1 -1 -1 -1 -1 -1 -1 -1 -1 -1 -1 -1 -1 -1 -1 -1 -1 112 112 -1 -1 -1 -1 -1 -1 113 -1 -1 -1 114
-1 -1 -1 -1 -1 -1 115 -1 -1 -1 -1 116 116 116 116 -1 -1 117 -1 -1 -1 -1 -1 -1 112 -1 -1 -1 118 -1 -1 -1 -1 -1 -1
-1 -1 -1 119 -1 -1 115 115 -1 -1 -1 -1 -1 -1 -1 -1 -1 -1 120 -1 -1 -1 -1 -1 -1 -1 121 -1 118 -1 -1 122 -1 123 -1
124 -1 -1 119 -1 -1 115 -1 -1 -1 -1 125 -1 -1 -1 -1 -1 -1 -1 -1 -1 -1 126 -1 -1 127 -1 121 -1 118 -1 -1 -1 -1 -1
-1 -1 -1 -1 -1 1 -1 -1 -1 -1 -1 -1 -1 -1 2 -1 -1 -1 -1 -1 -1 -1 -1 -1 -1 -1 3 -1 -1 -1 -1 -1 -1 -1 4
-1 -1 -1 -1 1 -1 -1 -1 -1 5 -1 -1 -1 2 -1 -1 -1 -1 -1 -1 6 -1 -1 -1 -1 -1 -1 7 7 -1 -1 -1 -1 -1 -1
8 -1 -1 9 -1 -1 -1 -1 -1 -1 -1 2 2 2 -1 -1 -1 -1 -1 -1 -1 -1 -1 -1 -1 -1 -1 -1 -1 -1 -1 10 -1 -1 -1
-1 11 -1 9 -1 -1 -1 -1 -1 -1 -1 -1 -1 2 -1 -1 -1 -1 12 -1 -1 -1 -1 -1 -1 13 -1 -1 14 -1 -1 -1 -1 -1 -1
-1 -1 -1 -1 -1 -1 -1 -1 15 -1 -1 16 -1 -1 -1 -1 -1 -1 12 -1 -1 -1 -1 -1 -1 -1 -1 17 -1 -1 18 18 -1 -1 -1
-1 -1 -1 -1 19 -1 -1 -1 -1 -1 -1 -1 20 -1 21 -1 -1 12 -1 -1 -1 -1 -1 -1 -1 -1 -1 17 -1 -1 -1 -1 -1 22 -1
-1 -1 -1 -1 19 -1 -1 -1 -1 -1 23 -1 -1 -1 -1 -1 24 -1 -1 -1 25 25 -1 26 -1 -1 -1 17 17 17 17 -1 -1 -1 -1
-1 -1 -1 -1 19 -1 -1 -1 -1 -1 23 -1 27 -1 -1 -1 -1 28 -1 -1 25 -1 -1 26 -1 -1 -1 -1 -1 17 -1 -1 -1 -1 -1
-1 -1 -1 -1 -1 -1 -1 -1 -1 23 23 -1 -1 -1 -1 -1 -1 -1 28 -1 -1 -1 -1 -1 -1 -1 29 29 -1 -1 -1 -1 -1 30 -1
-1 -1 31 -1 -1 -1 -1 -1 -1 -1 -1 -1 -1 -1 32 -1 -1 -1 -1 -1 -1 -1 -1 -1 -1 29 -1 -1 -1 -1 -1 -1 -1 30 -1
-1 -1 -1 -1 -1 33 -1 34 34 -1 -1 -1 -1 -1 -1 32 32 32 -1 -1 -1 -1 -1 -1 -1 -1 29 -1 -1 -1 35 35 -1 30 -1
-1 36 36 -1 -1 -1 34 34 -1 -1 37 -1 -1 -1 -1 -1 32 -1 -1 -1 -1 -1 38 -1 -1 -1 -1 -1 -1 -1 -1 -1 -1 -1 39
-1 -1 -1 36 -1 -1 -1 -1 -1 -1 -1 37 37 -1 -1 -1 32 -1 40 -1 41 -1 -1 -1 -1 -1 -1 -1 42 -1 -1 -1 -1 -1 -1
-1 -1 -1 -1 43 -1 -1 -1 44 -1 37 -1 -1 -1 -1 32 32 -1 -1 -1 -1 -1 -1 -1 -1 45 45 -1 -1 -1 -1 -1 -1 -1 -1
-1 -1 46 -1 -1 -1 -1 -1 44 -1 -1 -1 -1 -1 47 -1 -1 -1 -1 48 -1 -1 -1 -1 -1 -1 45 -1 -1 -1 -1 -1 -1 -1 -1
49 -1 -1 50 -1 -1 44 44 -1 -1 -1 -1 -1 -1 -1 -1 -1 -1 48 -1 -1 -1 45 45 45 45 -1 -1 -1 -1 -1 -1 51 -1 -1
-1 -1 52 -1 50 50 -1 44 -1 -1 53 -1 54 -1 -1 -1 -1 -1 -1 -1 -1 -1 -1 -1 -1 -1 45 -1 -1 -1 -1 -1 -1 -1 -1
52 52 -1 -1 -1 50 -1 -1 -1 -1 -1 54 -1 55 -1 56 -1 -1 -1 -1 -1 -1 -1 -1 57 -1 -1 -1 -1 -1 -1 -1 58 -1 -1
-1 52 -1 59 -1 -1 -1 -1 -1 60 -1 -1 54 -1 -1 56 -1 61 61 -1 -1 -1 -1 -1 -1 -1 -1 -1 -1 -1 -1 -1 -1 58 -1
-1 52 -1 59 -1 -1 -1 -1 -1 -1 -1 -1 -1 -1 -1 -1 -1 -1 -1 -1 -1 -1 -1 -1 -1 -1 -1 -1 62 62 62 -1 -1 -1 -1
-1 -1 -1 -1 -1 -1 -1 63 -1 -1 -1 -1 64 64 -1 65 -1 -1 66 -1 -1 -1 -1 -1 -1 -1 -1 -1 -1 -1 62 62 -1 -1 -1
67 -1 -1 68 -1 -1 -1 63 -1 -1 -1 -1 64 -1 -1 -1 66 66 -1 69 69 69 -1 -1 -1 -1 -1 -1 -1 -1 -1 -1 -1 -1 -1
-1 -1 70 -1 68 -1 -1 -1 -1 -1 -1 -1 -1 -1 71 -1 -1 -1 -1 -1 -1 69 69 -1 72 -1 -1 -1 -1 -1 -1 -1 -1 -1 -1
-1 70 -1 -1 -1 -1 -1 73 73 73 -1 74 74 -1 -1 75 -1 76 -1 -1 -1 -1 -1 -1 -1 -1 -1 77 -1 -1 -1 -1 -1 -1 -1
-1 -1 -1 -1 -1 78 78 -1 -1 -1 -1 -1 74 -1 -1 -1 75 -1 -1 -1 -1 -1 79 -1 -1 -1 -1 77 77 -1 80 -1 -1 -1 -1
81 -1 -1 -1 -1 -1 -1 -1 -1 -1 -1 -1 -1 -1 -1 75 75 -1 -1 -1 -1 -1 -1 -1 -1 -1 -1 -1 -1 -1 80 -1 82 -1 -1
-1 -1 -1 83 83 -1 84 -1 -1 85 85 -1 -1 -1 -1 -1 -1 -1 86 -1 -1 -1 -1 87 87 -1 -1 -1 -1 -1 -1 -1 -1 -1 88
-1 89 -1 -1 -1 -1 -1 90 -1 -1 -1 91 -1 -1 -1 -1 -1 86 -1 -1 -1 -1 -1 87 -1 87 -1 -1 -1 -1 -1 -1 92 -1 -1
93 -1 89 89 -1 -1 -1 -1 -1 -1 91 91 91 91 -1 94 -1 -1 -1 95 -1 -1 -1 87 -1 87 -1 -1 -1 -1 -1 -1 -1 -1 -1
-1 89 -1 89 -1 -1 -1 -1 91 91 -1 -1 -1 -1 -1 -1 -1 -1 -1 -1 -1 96 -1 87 87 87 -1 -1 97 -1 -1 98 -1 99 -1
100 -1 -1 -1 -1 101 101 101 -1 -1 -1 102 -1 -1 -1 -1 -1 -1 -1 -1 103 -1 -1 87 -1 -1 -1 -1 -1 -1 -1 -1 -1 99 99
-1 -1 -1 -1 -1 -1 -1 -1 -1 -1 -1 -1 -1 -1 -1 -1 104 -1 -1 103 103 -1 -1 87 87 -1 -1 -1 105 -1 106 106 -1 99 -1
-1 -1 -1 107 -1 108 -1 -1 -1 -1 -1 109 -1 110 -1 -1 104 104 -1 -1 -1 -1 -1 -1 87 87 -1 -1 105 -1 -1 -1 -1 -1 -1
-1 -1 -1 -1 108 -1 111 -1 -1 -1 -1 109 -1 -1 -1 -1 -1 -1 -1 -1 -1 -1 -1 87 -1 87 87 -1 105 -1 -1 112 -1 -1 -1
-1 -1 -1 -1 -1 -1 -1 111 -1 -1 -1 109 -1 -1 113 -1 -1 -1 -1 -1 -1 -1 -1 -1 -1 87 -1 87 -1 -1 -1 -1 -1 -1 -1
-1 -1 -1 -1 -1 -1 1 -1 -1 -1 -1 -1 -1 -1 -1 -1 -1 -1 -1 -1 -1 -1 -1 -1 2 -1 -1 -1 -1 -1 -1 3 3 3 -1
-1 4 -1 -1 -1 -1 -1 5 -1 -1 -1 -1 -1 -1 6 -1 -1 -1 -1 7 -1 -1 -1 -1 -1 -1 8 -1 -1 -1 -1 -1 -1 -1 -1
9 -1 -1 10 -1 -1 11 -1 -1 12 -1 -1 -1 13 -1 -1 -1 -1 -1 -1 -1 -1 14 -1 -1 -1 -1 -1 15 -1 16 -1 -1 -1 -1
-1 -1 -1 -1 17 -1 -1 18 -1 -1 -1 -1 -1 -1 -1 -1 -1 -1 -1 -1 -1 -1 -1 -1 -1 -1 -1 -1 -1 -1 -1 -1 19 -1 -1
-1 -1 -1 20 -1 -1 -1 -1 -1 -1 -1 21 -1 -1 -1 -1 -1 -1 -1 -1 -1 -1 -1 -1 -1 -1 -1 22 22 -1 23 -1 -1 -1 24
-1 -1 -1 -1 -1 -1 -1 -1 -1 -1 -1 -1 -1 25 -1 -1 -1 -1 -1 -1 -1 -1 -1 -1 -1 -1 -1 22 -1 -1 -1 -1 24 24 -1
26 -1 -1 -1 -1 27 -1 -1 -1 28 -1 -1 25 25 -1 29 29 -1 -1 -1 30 -1 -1 -1 -1 -1 -1 22 -1 -1 -1 31 -1 24 24
-1 -1 32 -1 -1 -1 -1 -1 -1 28 -1 -1 -1 -1 -1 -1 -1 -1 -1 -1 -1 -1 -1 -1 -1 33 -1 -1 -1 -1 -1 -1 -1 -1 -1
-1 -1 -1 -1 -1 -1 34 -1 -1 28 -1 35 -1 36 -1 -1 -1 -1 37 -1 38 -1 39 39 -1 -1 -1 -1 -1 -1 40 -1 -1 -1 -1
-1 -1 41 -1 -1 -1 -1 -1 -1 -1 -1 35 -1 -1 -1 -1 -1 -1 -1 -1 -1 -1 -1 -1 -1 -1 -1 42 -1 -1 40 -1 43 43 -1
44 -1 -1 41 41 -1 -1 45 -1 46 46 -1 -1 -1 -1 -1 -1 -1 -1 -1 -1 -1 -1 -1 47 -1 -1 -1 -1 48 -1 -1 -1 -1 -1
44 -1 -1 -1 -1 -1 -1 -1 -1 -1 46 -1 -1 -1 -1 -1 -1 -1 -1 -1 -1 -1 49 -1 -1 -1 -1 -1 -1 -1 -1 -1 -1 -1 -1
-1 -1 -1 -1 -1 -1 -1 -1 -1 -1 46 46 -1 -1 -1 -1 -1 -1 -1 -1 -1 50 -1 -1 51 -1 -1 -1 -1 52 -1 53 -1 -1 -1
-1 -1 -1 -1 -1 -1 54 -1 -1 -1 -1 -1 -1 -1 -1 55 -1 -1 -1 -1 -1 -1 -1 -1 -1 -1 -1 -1 52 52 -1 -1 -1 -1 -1
-1 -1 -1 -1 -1 56 -1 54 -1 -1 -1 57 -1 -1 -1 -1 -1 -1 -1 58 58 58 -1 -1 -1 -1 59 -1 -1 -1 -1 60 -1 61 -1
-1 -1 -1 -1 -1 -1 -1 54 -1 -1 57 -1 -1 62 -1 63 63 -1 -1 -1 -1 -1 -1 -1 -1 59 -1 -1 -1 -1 -1 -1 -1 -1 -1
-1 -1 -1 -1 -1 64 64 -1 54 -1 57 -1 -1 -1 -1 -1 63 -1 -1 65 -1 66 -1 -1 59 59 -1 -1 -1 -1 67 -1 -1 -1 -1
-1 -1 -1 -1 -1 -1 -1 -1 -1 -1 -1 68 -1 -1 -1 63 -1 -1 -1 -1 -1 -1 -1 -1 59 59 -1 -1 -1 -1 -1 69 -1 70 70
-1 -1 71 -1 -1 72 -1 73 -1 -1 -1 -1 -1 -1 -1 -1 -1 -1 74 74 -1 -1 -1 -1 -1 -1 -1 75 75 75 -1 -1 -1 -1 -1
-1 -1 -1 -1 -1 -1 73 73 -1 -1 -1 76 -1 77 -1 -1 -1 -1 -1 -1 -1 -1 78 -1 -1 -1 -1 -1 -1 75 -1 -1 -1 -1 -1
-1 -1 -1 -1 -1 79 -1 73 -1 80 -1 -1 -1 -1 -1 -1 -1 -1 -1 -1 -1 -1 -1 78 78 -1 -1 -1 -1 -1 75 -1 -1 -1 -1
-1 -1 -1 -1 79 -1 -1 -1 -1 -1 -1 81 -1 -1 -1 -1 -1 82 -1 -1 83 -1 -1 -1 -1 84 -1 -1 -1 -1 -1 -1 -1 -1 85
-1 86 86 -1 -1 79 79 -1 -1 -1 -1 -1 81 81 -1 -1 -1 82 82 -1 -1 83 -1 87 87 -1 -1 -1 88 -1 -1 89 -1 -1 85
-1 86 -1 90 -1 -1 -1 -1 91 -1 -1 81 -1 -1 -1 -1 82 82 -1 -1 -1 83 -1 -1 -1 -1 -1 -1 -1 -1 -1 -1 -1 -1 -1
-1 -1 -1 -1 -1 -1 -1 -1 -1 91 -1 -1 -1 -1 -1 -1 82 -1 82 -1 92 -1 83 -1 -1 -1 93 -1 -1 -1 -1 -1 94 94 94
-1 -1 -1 -1 -1 95 -1 96 -1 -1 -1 -1 -1 -1 -1 -1 -1 -1 -1 -1 -1 -1 -1 -1 -1 -1 -1 -1 -1 -1 -1 -1 -1 94 -1
-1 -1 -1 97 -1 -1 -1 -1 96 -1 -1 -1 -1 -1 -1 -1 -1 -1 98 -1 99 -1 -1 -1 -1 -1 -1 -1 -1 -1 -1 -1 -1 -1 -1
-1 -1 -1 -1 -1 -1 -1 -1 -1 -1 100 100 100 -1 -1 101 -1 -1 -1 -1 99 -1 -1 -1 -1 -1 -1 102 -1 103 -1 -1 -1 104 104
-1 105 -1 -1 -1 -1 106 -1 -1 -1 -1 -1 -1 -1 -1 -1 -1 -1 107 -1 -1 -1 -1 108 108 -1 -1 -1 -1 103 -1 -1 -1 -1 -1
-1 105 -1 -1 -1 -1 106 -1 -1 -1 -1 109 -1 -1 -1 -1 -1 -1 -1 -1 -1 108 108 108 108 -1 -1 -1 -1 -1 -1 -1 -1 110 -1
-1 -1 -1 111 -1 -1 -1 -1 112 -1 -1 -1 -1 -1 -1 -1 -1 113 -1 -1 -1 -1 -1 -1 -1 -1 -1 -1 -1 -1 -1 -1 110 110 -1
-1 -1 111 -1 -1 -1 -1 -1 -1 -1 -1 -1 -1 -1 -1 -1 -1 -1 -1 -1 -1 114 -1 115 -1 -1 -1 -1 -1 116 -1 -1 110 -1 -1
-1 -1 -1 111 -1 -1 -1 -1 117 117 -1 118 -1 -1 -1 119 -1 120 -1 -1 -1 -1 -1 -1 -1 -1 121 -1 -1 116 -1 -1 -1 -1 -1
-1 -1 -1 -1 -1 -1 122 -1 117 117 -1 -1 123 123 -1 -1 -1 -1 -1 -1 -1 -1 -1 -1 124 -1 121 -1 -1 -1 -1 125 -1 126 126
-1 -1 -1 -1 -1 -1 -1 -1 -1 117 117 -1 -1 123 123 -1 -1 -1 127 127 127 -1 -1 -1 -1 -1 -1 121 -1 128 -1 -1 -1 126 -1
