35 20
-1 -1 1 -1 -1 -1 -1 -1 2 2 -1 -1 -1 -1 3 3 -1 -1 -1 4 -1 -1 -1 5 5 5 5 5 -1 6 -1 -1 -1 7 7
-1 1 -1 -1 -1 -1 8 -1 -1 -1 -1 9 -1 3 3 -1 4 4 4 -1 -1 10 -1 5 -1 5 5 -1 -1 -1 -1 7 7 -1 -1
-1 1 -1 8 8 8 8 -1 -1 -1 11 -1 -1 -1 -1 -1 4 -1 -1 -1 -1 10 -1 5 5 -1 -1 -1 -1 12 12 -1 -1 7 -1
1 1 -1 -1 -1 8 8 -1 13 -1 -1 14 -1 14 14 -1 4 4 -1 -1 10 10 -1 -1 -1 -1 -1 15 -1 -1 -1 -1 7 7 -1
-1 1 -1 -1 -1 -1 -1 -1 -1 -1 14 14 -1 -1 -1 14 -1 4 -1 4 -1 -1 -1 4 -1 16 -1 15 -1 -1 17 -1 7 -1 7
1 -1 -1 18 -1 19 19 -1 20 -1 -1 14 14 14 14 -1 -1 4 4 -1 -1 -1 4 -1 16 -1 -1 -1 -1 17 -1 -1 7 -1 -1
-1 1 -1 -1 -1 -1 19 -1 20 20 -1 14 14 -1 14 -1 4 4 -1 4 -1 4 4 4 -1 -1 -1 -1 -1 -1 -1 21 -1 -1 -1
-1 -1 22 -1 23 -1 -1 -1 -1 20 -1 -1 -1 14 14 -1 4 -1 4 4 -1 4 -1 4 -1 -1 4 4 4 -1 -1 -1 -1 24 24
-1 -1 22 -1 -1 23 -1 -1 -1 20 20 -1 -1 14 14 -1 -1 -1 4 4 4 -1 -1 -1 4 4 4 4 -1 4 -1 -1 -1 -1 -1
-1 -1 -1 23 23 -1 23 -1 20 20 -1 25 -1 14 -1 -1 4 4 -1 4 4 4 4 4 -1 -1 -1 -1 -1 -1 -1 -1 26 -1 27
23 23 23 23 -1 -1 23 -1 -1 -1 -1 -1 -1 -1 14 -1 -1 -1 4 -1 -1 4 4 4 4 -1 -1 -1 -1 -1 -1 28 -1 -1 -1
-1 23 23 -1 -1 -1 23 23 -1 29 -1 -1 14 14 -1 30 30 -1 4 4 4 -1 -1 4 4 4 -1 -1 -1 31 -1 -1 -1 -1 32
-1 -1 -1 23 -1 23 23 23 23 -1 -1 -1 -1 -1 -1 -1 -1 -1 4 4 -1 4 4 4 -1 -1 -1 -1 -1 -1 -1 -1 -1 33 -1
34 -1 -1 23 23 23 -1 -1 -1 -1 35 -1 -1 36 -1 -1 -1 -1 -1 -1 4 4 -1 -1 37 -1 38 -1 -1 -1 -1 -1 33 -1 -1
34 -1 34 -1 -1 23 -1 39 39 39 -1 35 -1 36 -1 -1 -1 -1 -1 4 4 -1 4 4 -1 -1 38 38 -1 40 -1 33 33 -1 -1
34 34 -1 23 23 -1 -1 -1 39 -1 -1 -1 36 36 36 36 36 -1 -1 -1 4 -1 4 4 -1 -1 38 -1 -1 -1 33 -1 33 -1 -1
34 34 -1 23 -1 23 -1 -1 -1 -1 -1 -1 36 -1 -1 36 36 -1 -1 -1 -1 4 -1 -1 -1 -1 38 38 -1 -1 -1 -1 -1 33 -1
-1 34 -1 -1 -1 -1 -1 41 -1 -1 -1 36 -1 36 -1 36 -1 -1 -1 4 4 -1 42 -1 -1 -1 -1 -1 -1 43 43 -1 -1 -1 44
-1 -1 -1 -1 -1 45 -1 41 -1 -1 36 36 -1 -1 36 36 36 -1 -1 -1 4 -1 -1 -1 -1 -1 -1 -1 46 -1 -1 -1 47 47 -1
-1 -1 -1 48 -1 45 -1 -1 49 -1 -1 -1 36 36 -1 -1 36 -1 50 -1 -1 -1 51 51 51 -1 52 -1 -1 -1 53 -1 47 47 47
-1 -1 54 -1 48 -1 -1 -1 49 49 49 49 -1 36 36 -1 -1 -1 -1 -1 -1 -1 -1 -1 51 51 -1 -1 -1 55 -1 -1 47 -1 47
-1 54 -1 -1 -1 -1 -1 49 -1 -1 -1 -1 -1 36 -1 -1 -1 -1 -1 56 -1 -1 -1 -1 51 51 -1 55 55 -1 47 47 -1 -1 47
-1 -1 54 -1 -1 -1 -1 49 -1 49 -1 -1 -1 -1 -1 57 -1 -1 -1 -1 -1 58 -1 -1 51 -1 -1 55 55 -1 47 47 -1 -1 -1
-1 54 -1 -1 59 -1 -1 49 49 49 -1 -1 60 -1 -1 57 -1 -1 -1 61 -1 58 -1 -1 -1 -1 -1 -1 -1 47 -1 -1 -1 62 -1
54 54 54 54 -1 -1 63 -1 -1 -1 49 -1 -1 60 60 -1 -1 -1 -1 61 -1 58 -1 -1 -1 -1 -1 64 -1 -1 -1 62 62 62 -1
-1 54 54 54 -1 -1 -1 -1 -1 -1 49 49 -1 -1 60 60 -1 -1 -1 -1 58 -1 -1 -1 -1 -1 -1 -1 65 -1 -1 62 62 62 -1
-1 54 54 -1 54 -1 -1 -1 66 -1 -1 -1 -1 60 60 60 -1 -1 58 58 58 58 -1 65 65 65 65 65 65 -1 67 -1 -1 62 62
-1 -1 -1 -1 -1 -1 -1 -1 66 -1 60 60 -1 60 -1 -1 -1 -1 -1 58 -1 -1 65 65 -1 -1 -1 65 -1 67 67 -1 -1 62 -1
-1 68 -1 69 69 -1 68 -1 66 -1 -1 60 60 60 -1 -1 70 70 -1 -1 -1 71 -1 65 65 65 -1 -1 -1 67 -1 -1 -1 -1 -1
68 -1 -1 -1 -1 -1 68 -1 66 -1 -1 60 60 -1 -1 -1 70 -1 72 72 -1 -1 65 65 -1 -1 -1 -1 67 67 -1 -1 -1 73 73
68 -1 -1 68 -1 68 -1 68 -1 -1 74 -1 -1 -1 74 -1 -1 70 -1 -1 -1 -1 65 -1 -1 -1 -1 -1 67 67 67 67 -1 -1 -1
68 68 68 -1 -1 68 68 -1 -1 74 74 -1 74 74 74 -1 70 70 -1 70 -1 65 -1 -1 75 -1 -1 -1 -1 67 67 -1 -1 67 -1
68 -1 68 68 -1 68 68 -1 -1 74 -1 74 74 74 -1 74 -1 -1 70 70 70 -1 65 65 -1 -1 -1 67 67 67 -1 -1 67 67 -1
-1 68 -1 68 -1 68 -1 68 -1 -1 -1 -1 -1 -1 -1 -1 76 -1 -1 70 -1 -1 -1 -1 -1 -1 67 67 67 67 67 67 67 -1 77
68 68 68 -1 68 68 68 68 -1 -1 -1 -1 78 78 -1 79 -1 -1 70 70 -1 80 80 -1 81 -1 67 -1 -1 -1 -1 -1 -1 -1 -1
-1 1 -1 -1 1 -1 -1 2 2 -1 -1 -1 -1 -1 3 3 -1 -1 4 4 -1 -1 5 5 -1 -1 -1 5 -1 6 -1 7 -1 8 -1
1 -1 -1 1 1 -1 2 -1 -1 -1 -1 9 -1 -1 3 -1 -1 -1 -1 -1 5 5 5 -1 -1 5 -1 5 -1 -1 -1 -1 -1 -1 -1
-1 1 1 1 1 -1 -1 -1 -1 10 10 -1 -1 11 -1 3 -1 -1 12 -1 5 -1 -1 5 5 5 5 -1 5 5 5 -1 -1 -1 -1
1 1 1 -1 1 -1 10 -1 10 -1 -1 11 11 -1 3 -1 -1 12 -1 -1 -1 12 -1 -1 5 -1 5 5 -1 -1 -1 -1 -1 13 13
1 -1 -1 1 -1 1 -1 10 10 -1 11 11 -1 -1 -1 3 -1 -1 12 -1 12 12 12 -1 5 -1 -1 5 5 -1 5 -1 -1 -1 -1
1 1 -1 1 1 1 -1 10 10 -1 -1 -1 14 -1 -1 -1 -1 12 12 12 12 12 -1 5 5 -1 -1 -1 5 5 -1 -1 15 -1 -1
-1 -1 -1 1 1 -1 -1 -1 10 -1 16 -1 -1 -1 -1 -1 12 12 -1 12 -1 12 -1 5 -1 5 -1 -1 -1 -1 5 -1 -1 15 15
-1 1 1 -1 -1 -1 17 -1 10 -1 -1 -1 18 18 -1 -1 12 -1 -1 12 12 -1 -1 -1 -1 -1 5 5 5 -1 5 -1 -1 -1 -1
19 -1 -1 -1 -1 20 -1 -1 10 10 10 10 -1 -1 -1 12 12 12 12 -1 -1 -1 21 21 -1 5 5 5 5 5 5 -1 -1 22 22
-1 20 -1 20 20 -1 23 -1 -1 10 -1 -1 10 -1 12 12 -1 12 12 -1 21 21 21 -1 5 5 5 -1 -1 -1 5 -1 -1 -1 -1
20 20 20 20 20 -1 -1 -1 10 -1 10 10 10 -1 -1 -1 -1 12 12 -1 -1 -1 21 -1 -1 -1 5 -1 -1 -1 5 5 -1 24 24
20 -1 -1 20 -1 -1 10 10 -1 10 -1 10 -1 -1 25 25 -1 -1 -1 21 -1 21 21 -1 -1 -1 -1 26 -1 5 -1 -1 -1 -1 -1
20 -1 -1 -1 -1 10 10 10 10 10 10 -1 10 10 -1 -1 -1 -1 27 -1 21 -1 21 -1 -1 28 28 -1 26 -1 -1 29 -1 -1 -1
-1 30 -1 31 -1 -1 10 10 -1 10 -1 10 10 10 -1 -1 -1 -1 -1 -1 21 21 -1 -1 28 28 -1 -1 26 -1 29 29 -1 -1 -1
-1 -1 -1 -1 31 31 -1 10 -1 10 -1 -1 -1 -1 10 10 10 10 -1 -1 -1 21 -1 21 -1 28 28 -1 -1 -1 -1 29 -1 32 32
-1 -1 -1 31 -1 31 -1 -1 10 -1 -1 -1 33 -1 10 -1 -1 -1 -1 -1 21 21 21 21 -1 -1 -1 -1 -1 -1 29 29 -1 32 -1
-1 -1 -1 31 31 31 31 -1 10 -1 -1 -1 -1 -1 10 -1 -1 21 -1 -1 21 -1 -1 21 -1 34 34 -1 -1 -1 -1 -1 29 -1 -1
35 35 -1 31 -1 -1 -1 -1 10 -1 -1 10 -1 10 -1 10 -1 21 21 21 21 -1 -1 21 -1 -1 -1 -1 36 -1 37 -1 -1 37 -1
-1 -1 -1 31 31 31 31 31 -1 10 10 -1 10 10 -1 -1 10 -1 -1 -1 21 -1 -1 -1 -1 38 -1 39 -1 -1 -1 37 37 -1 37
-1 31 -1 -1 -1 31 31 31 -1 10 10 10 10 -1 10 10 -1 40 40 -1 -1 -1 -1 38 38 -1 -1 39 39 -1 -1 -1 37 37 -1
-1 -1 31 -1 -1 31 -1 -1 -1 -1 10 10 10 -1 10 10 -1 -1 -1 -1 -1 38 38 38 -1 38 -1 39 -1 -1 -1 -1 37 -1 -1
-1 -1 31 31 31 -1 10 -1 -1 10 10 10 -1 -1 10 10 10 -1 -1 41 -1 -1 38 38 -1 -1 39 39 39 39 39 -1 -1 42 42
31 31 31 -1 -1 -1 10 10 10 -1 10 -1 10 10 10 10 -1 -1 -1 -1 -1 38 38 -1 -1 -1 -1 -1 -1 39 -1 -1 42 42 42
31 -1 31 -1 43 -1 -1 10 10 -1 10 -1 -1 -1 10 10 -1 -1 -1 -1 38 -1 -1 -1 42 -1 -1 42 -1 -1 42 42 -1 -1 -1
31 -1 -1 -1 -1 43 -1 -1 10 -1 10 -1 -1 10 10 10 -1 -1 44 44 -1 38 -1 42 42 -1 -1 42 42 -1 42 -1 42 42 42
31 31 31 -1 -1 -1 31 -1 10 10 -1 45 -1 10 -1 -1 -1 -1 -1 -1 -1 -1 -1 -1 42 42 42 42 -1 42 42 42 42 -1 42
31 31 31 -1 -1 31 31 31 -1 10 -1 -1 -1 10 10 -1 46 -1 -1 -1 -1 47 47 47 -1 -1 -1 -1 42 42 -1 -1 42 42 42
31 31 31 31 31 -1 31 31 -1 -1 -1 48 -1 10 -1 -1 -1 49 -1 47 -1 47 -1 -1 -1 -1 -1 -1 42 42 42 42 -1 -1 42
31 -1 31 -1 -1 -1 -1 -1 -1 -1 -1 -1 -1 -1 -1 -1 -1 49 -1 -1 47 47 -1 50 -1 51 -1 -1 -1 -1 -1 -1 42 -1 42
-1 -1 31 -1 -1 52 -1 -1 -1 53 -1 -1 54 54 -1 55 -1 -1 -1 47 -1 -1 -1 50 -1 51 51 -1 -1 -1 -1 42 42 42 -1
-1 -1 -1 -1 -1 -1 52 -1 -1 -1 53 -1 -1 -1 -1 55 -1 -1 47 47 -1 51 51 -1 50 -1 -1 51 51 -1 -1 -1 42 -1 42
56 -1 -1 -1 -1 -1 52 52 -1 -1 -1 -1 -1 -1 55 55 -1 -1 47 47 -1 -1 51 -1 -1 -1 51 -1 51 -1 51 -1 -1 -1 42
-1 -1 -1 57 -1 -1 -1 -1 52 -1 -1 -1 -1 58 -1 -1 55 -1 -1 47 -1 59 -1 51 -1 51 51 51 51 51 -1 51 -1 -1 -1
-1 -1 57 -1 -1 60 -1 52 52 52 -1 61 -1 -1 -1 -1 -1 -1 47 47 -1 -1 -1 51 51 -1 51 -1 51 51 -1 51 51 51 -1
-1 -1 -1 57 -1 -1 -1 -1 -1 -1 52 -1 61 -1 -1 -1 -1 47 47 47 -1 -1 62 -1 51 -1 -1 -1 -1 -1 51 51 -1 -1 51
-1 1 1 1 1 -1 -1 2 2 -1 -1 -1 3 -1 -1 -1 -1 4 -1 -1 -1 -1 -1 -1 5 -1 5 5 -1 -1 -1 -1 -1 -1 6
-1 -1 1 -1 1 1 -1 -1 -1 3 -1 3 -1 -1 3 -1 4 -1 -1 5 -1 7 7 -1 5 5 -1 -1 8 -1 9 9 -1 -1 6
-1 -1 -1 1 -1 -1 -1 1 1 -1 3 3 3 3 3 -1 -1 -1 -1 -1 5 -1 7 -1 -1 -1 5 -1 -1 -1 9 -1 9 -1 -1
-1 -1 1 1 1 1 1 -1 1 -1 -1 -1 3 -1 -1 -1 -1 -1 -1 5 5 -1 -1 -1 -1 5 -1 9 9 -1 -1 9 -1 9 -1
-1 10 -1 -1 1 -1 1 -1 -1 -1 -1 3 3 3 -1 3 -1 -1 -1 5 -1 5 5 5 5 5 -1 9 -1 -1 9 9 -1 9 -1
10 -1 1 1 1 -1 -1 -1 11 -1 3 3 3 -1 3 -1 -1 -1 -1 5 5 5 -1 5 -1 5 -1 9 9 9 -1 9 9 -1 12
-1 10 -1 1 1 -1 -1 11 11 11 -1 3 -1 3 3 -1 3 -1 5 5 5 -1 -1 5 5 -1 -1 -1 9 -1 -1 -1 9 -1 -1
-1 -1 -1 -1 1 -1 -1 -1 -1 -1 3 3 3 -1 3 3 3 -1 -1 5 -1 -1 -1 -1 -1 -1 -1 9 9 9 -1 9 -1 -1 -1
1 -1 1 1 -1 1 1 -1 -1 13 -1 3 3 -1 -1 -1 -1 3 3 -1 5 -1 -1 14 14 -1 -1 -1 9 9 9 -1 9 -1 -1
1 -1 1 1 1 -1 1 -1 -1 13 -1 -1 -1 15 -1 16 -1 -1 -1 -1 5 5 -1 -1 -1 17 17 -1 9 -1 -1 -1 -1 -1 18
1 1 -1 1 -1 -1 1 -1 -1 13 -1 19 -1 15 15 -1 -1 20 -1 5 5 -1 5 5 -1 -1 17 -1 -1 9 -1 -1 21 -1 18
-1 1 1 1 -1 1 1 -1 -1 -1 -1 19 -1 15 15 -1 20 -1 5 -1 5 -1 5 -1 -1 -1 17 17 -1 -1 -1 -1 21 -1 -1
-1 1 1 1 -1 -1 -1 1 -1 -1 22 -1 -1 15 -1 -1 20 -1 -1 -1 5 -1 5 -1 23 -1 -1 -1 17 17 -1 -1 21 21 -1
-1 -1 1 1 1 1 -1 -1 22 22 22 -1 15 -1 15 -1 20 -1 -1 -1 -1 5 -1 23 23 -1 -1 -1 -1 -1 24 -1 -1 21 -1
25 -1 -1 1 -1 -1 -1 -1 -1 22 -1 -1 -1 15 15 -1 20 -1 26 -1 -1 -1 -1 -1 23 23 23 -1 24 24 24 -1 -1 -1 -1
25 -1 -1 -1 27 -1 -1 -1 22 -1 -1 15 15 15 15 -1 20 -1 26 -1 -1 -1 -1 -1 23 -1 -1 24 -1 -1 24 -1 28 -1 29
-1 -1 30 30 -1 -1 -1 31 -1 22 -1 15 -1 -1 15 -1 -1 -1 -1 26 -1 32 32 -1 -1 -1 24 24 -1 -1 24 -1 -1 -1 -1
-1 30 -1 -1 -1 -1 -1 -1 -1 -1 -1 15 -1 -1 -1 -1 -1 -1 26 26 -1 -1 32 -1 -1 24 -1 24 24 -1 -1 -1 33 -1 34
30 30 -1 -1 -1 -1 -1 35 -1 -1 -1 15 -1 -1 36 -1 26 26 26 26 -1 26 -1 32 32 -1 -1 -1 -1 24 24 -1 -1 -1 -1
-1 -1 -1 37 37 37 -1 -1 -1 15 15 -1 38 -1 -1 -1 -1 26 26 26 26 -1 32 32 -1 39 39 -1 -1 -1 24 -1 40 40 40
41 -1 -1 37 -1 -1 -1 42 42 -1 15 -1 -1 -1 43 -1 39 -1 -1 26 26 -1 -1 -1 -1 39 -1 -1 -1 -1 -1 24 -1 -1 -1
-1 -1 37 -1 -1 44 -1 42 42 -1 -1 45 45 -1 -1 -1 39 39 -1 -1 -1 39 39 -1 -1 39 -1 39 39 39 -1 -1 46 -1 -1
-1 37 37 -1 44 44 -1 -1 -1 42 42 -1 -1 -1 39 39 39 -1 39 39 39 39 39 39 -1 -1 39 -1 39 39 -1 46 -1 46 46
-1 -1 37 -1 44 -1 -1 -1 42 -1 -1 -1 47 -1 39 39 -1 -1 -1 -1 -1 -1 39 39 39 -1 39 39 39 -1 -1 46 46 46 -1
-1 37 37 -1 -1 -1 -1 -1 -1 -1 -1 -1 47 -1 -1 39 -1 -1 48 48 48 -1 -1 -1 -1 39 39 -1 -1 39 -1 -1 -1 46 46
37 -1 -1 -1 -1 49 -1 -1 49 -1 50 -1 47 -1 39 39 -1 -1 -1 48 -1 -1 -1 -1 39 39 -1 -1 -1 -1 -1 -1 -1 -1 -1
37 -1 -1 -1 -1 -1 49 49 49 -1 50 -1 -1 -1 39 -1 39 39 -1 -1 -1 51 51 -1 39 -1 39 -1 52 -1 53 53 -1 54 54
-1 -1 -1 -1 49 -1 49 -1 -1 -1 -1 55 -1 39 39 -1 39 -1 39 39 -1 -1 -1 -1 -1 -1 -1 -1 -1 -1 53 -1 54 -1 54
-1 -1 56 -1 49 -1 49 -1 57 57 57 -1 -1 39 -1 39 -1 39 39 39 -1 -1 -1 58 -1 -1 54 54 -1 54 -1 53 -1 -1 54
59 -1 -1 -1 49 49 -1 57 -1 57 -1 -1 39 -1 -1 -1 -1 39 -1 39 39 -1 -1 58 -1 -1 54 54 -1 54 -1 53 -1 54 -1
-1 -1 -1 -1 -1 -1 -1 -1 -1 -1 -1 -1 -1 39 -1 -1 -1 -1 -1 39 39 39 39 -1 -1 54 54 -1 54 54 54 -1 -1 54 54
60 60 -1 -1 -1 -1 61 -1 -1 -1 62 -1 -1 39 -1 -1 63 63 -1 -1 -1 -1 -1 -1 54 -1 -1 -1 -1 54 54 54 54 -1 -1
-1 -1 -1 64 -1 65 -1 -1 -1 66 -1 -1 -1 39 39 -1 -1 -1 -1 -1 -1 -1 -1 67 -1 -1 -1 -1 54 54 -1 -1 54 -1 -1
-1 -1 -1 -1 -1 65 65 65 -1 -1 -1 -1 39 -1 -1 -1 -1 68 -1 69 -1 69 -1 -1 -1 70 70 -1 54 -1 -1 54 -1 -1 -1
-1 71 71 71 -1 -1 -1 65 65 65 -1 -1 -1 39 -1 68 68 68 68 -1 69 69 -1 -1 72 -1 -1 -1 -1 -1 -1 -1 -1 73 -1
-1 -1 -1 -1 -1 1 -1 2 2 -1 -1 -1 -1 -1 -1 -1 3 -1 4 -1 5 5 -1 -1 -1 6 -1 6 -1 -1 -1 7 7 -1 -1
8 8 8 8 -1 -1 -1 -1 2 -1 2 -1 9 9 -1 -1 -1 4 -1 -1 -1 5 -1 10 -1 6 6 -1 11 -1 -1 7 7 7 -1
8 -1 8 8 -1 -1 12 12 -1 2 2 2 -1 9 -1 -1 13 -1 -1 -1 5 5 -1 -1 -1 -1 -1 -1 -1 -1 7 7 7 -1 7
-1 8 -1 8 8 -1 12 12 -1 2 -1 -1 -1 -1 -1 -1 -1 -1 14 -1 5 -1 -1 15 15 15 15 15 -1 -1 -1 -1 7 7 -1
16 -1 -1 -1 -1 -1 -1 -1 12 -1 2 2 2 -1 -1 17 -1 14 14 -1 -1 -1 -1 -1 -1 15 15 -1 15 -1 15 -1 -1 -1 7
-1 18 -1 19 -1 -1 12 12 12 -1 -1 -1 2 -1 17 -1 -1 -1 -1 -1 20 -1 -1 21 -1 -1 -1 15 15 -1 15 15 -1 -1 7
-1 -1 -1 -1 19 -1 -1 12 12 -1 12 -1 -1 2 -1 -1 22 -1 20 -1 20 -1 21 21 21 21 21 -1 -1 15 15 15 -1 -1 -1
-1 -1 -1 -1 19 19 -1 -1 12 12 -1 23 -1 -1 -1 -1 -1 20 20 20 -1 -1 -1 21 -1 -1 -1 15 15 15 -1 -1 -1 24 24
25 -1 -1 19 -1 19 -1 -1 12 -1 -1 -1 -1 -1 26 26 -1 -1 20 20 -1 -1 21 21 -1 -1 -1 -1 -1 15 -1 -1 -1 24 -1
-1 19 19 19 19 -1 27 -1 12 12 -1 28 -1 -1 -1 26 26 -1 -1 -1 29 -1 -1 -1 -1 -1 -1 -1 15 -1 -1 -1 -1 24 -1
30 -1 -1 19 -1 19 -1 -1 12 -1 12 -1 -1 31 -1 26 -1 -1 -1 -1 29 29 29 -1 32 -1 -1 33 -1 -1 34 -1 -1 24 -1
-1 -1 -1 -1 -1 19 19 -1 12 -1 -1 -1 -1 -1 26 -1 35 -1 -1 -1 -1 -1 29 -1 32 -1 -1 -1 -1 -1 -1 -1 24 24 24
-1 36 36 -1 -1 -1 -1 19 -1 -1 -1 -1 37 37 -1 -1 35 -1 -1 38 -1 29 29 29 -1 32 32 -1 -1 -1 -1 24 24 -1 -1
36 -1 -1 39 -1 -1 -1 19 -1 19 -1 -1 -1 -1 40 -1 -1 41 -1 38 -1 -1 -1 -1 -1 -1 32 -1 -1 -1 24 -1 -1 -1 -1
-1 -1 42 -1 -1 -1 -1 -1 19 19 19 19 -1 -1 40 -1 -1 41 -1 -1 -1 43 43 -1 44 -1 32 32 -1 -1 24 -1 45 -1 46
-1 -1 42 -1 -1 -1 -1 -1 -1 -1 19 19 19 -1 40 40 -1 -1 -1 40 -1 43 -1 -1 -1 -1 -1 -1 -1 -1 -1 -1 -1 46 -1
-1 -1 -1 42 42 -1 47 47 -1 19 -1 19 19 -1 -1 40 40 40 -1 -1 40 -1 43 43 -1 48 48 -1 -1 -1 48 -1 -1 -1 -1
49 -1 -1 -1 -1 47 -1 47 -1 19 19 19 -1 -1 -1 -1 -1 40 40 40 -1 -1 -1 -1 -1 48 48 -1 48 48 -1 -1 48 48 -1
-1 -1 -1 -1 -1 -1 -1 47 -1 -1 -1 -1 19 -1 -1 -1 -1 -1 40 40 -1 -1 48 48 -1 48 -1 48 48 -1 48 -1 -1 48 -1
-1 50 50 -1 -1 -1 -1 47 -1 -1 -1 -1 -1 -1 -1 40 40 40 40 40 -1 -1 -1 48 -1 48 -1 -1 -1 -1 -1 48 48 -1 -1
-1 -1 -1 -1 -1 51 -1 47 -1 51 51 -1 -1 52 52 -1 40 -1 40 -1 -1 -1 -1 48 -1 48 48 48 48 -1 -1 48 -1 -1 53
-1 54 -1 -1 -1 51 -1 -1 51 51 51 -1 -1 52 -1 40 -1 40 -1 -1 -1 -1 48 48 48 -1 -1 48 48 48 48 -1 -1 53 -1
55 -1 54 -1 51 51 51 -1 51 -1 -1 51 -1 52 -1 40 40 -1 -1 -1 -1 56 -1 48 -1 48 -1 48 -1 -1 48 -1 53 53 53
55 -1 54 -1 -1 -1 51 -1 51 51 -1 -1 -1 52 -1 -1 -1 -1 -1 57 -1 56 -1 48 48 -1 48 -1 -1 48 48 -1 -1 -1 -1
-1 -1 -1 -1 -1 -1 -1 51 51 51 -1 -1 -1 -1 -1 58 -1 -1 -1 57 -1 -1 56 -1 -1 -1 48 -1 -1 -1 48 -1 -1 59 -1
-1 -1 -1 60 -1 61 -1 51 51 51 -1 -1 -1 -1 -1 -1 -1 62 -1 -1 51 -1 -1 -1 48 48 -1 -1 48 48 48 -1 -1 59 59
63 -1 -1 -1 60 -1 -1 -1 51 -1 51 -1 51 -1 51 51 -1 -1 -1 51 51 -1 -1 -1 -1 -1 -1 -1 48 48 -1 -1 -1 59 59
-1 60 60 60 60 60 60 -1 51 -1 51 51 51 51 -1 -1 -1 51 51 -1 51 -1 -1 64 -1 64 -1 -1 48 -1 65 -1 -1 -1 -1
60 60 60 60 -1 60 -1 -1 -1 -1 -1 -1 51 -1 -1 51 51 51 51 -1 51 -1 64 64 64 64 64 -1 -1 -1 -1 65 65 -1 -1
-1 -1 60 -1 60 60 -1 -1 66 -1 67 -1 51 51 51 -1 51 51 51 51 -1 -1 -1 64 -1 -1 -1 68 68 -1 -1 -1 65 65 -1
69 -1 -1 -1 -1 -1 -1 -1 -1 66 -1 -1 -1 51 -1 51 -1 51 -1 -1 -1 70 70 -1 64 64 -1 -1 68 68 68 68 -1 65 -1
-1 -1 -1 71 -1 72 -1 66 66 66 -1 -1 -1 51 -1 -1 51 -1 73 -1 -1 70 -1 -1 -1 64 64 -1 -1 -1 68 -1 -1 65 -1
74 -1 66 -1 -1 -1 -1 66 -1 -1 -1 -1 75 -1 51 51 51 -1 -1 -1 -1 70 -1 64 64 64 -1 -1 -1 76 -1 68 -1 -1 -1
-1 66 66 -1 66 66 66 -1 -1 -1 -1 -1 75 -1 -1 51 -1 -1 -1 -1 -1 -1 -1 -1 -1 -1 76 76 76 -1 68 68 -1 77 77
-1 -1 66 66 66 -1 66 -1 -1 -1 78 -1 -1 -1 -1 51 -1 -1 -1 -1 -1 -1 -1 -1 79 -1 -1 -1 -1 -1 68 -1 68 -1 77
-1 -1 1 -1 -1 2 -1 3 3 -1 -1 -1 -1 -1 -1 4 4 4 -1 -1 -1 -1 5 -1 6 -1 7 7 -1 -1 -1 -1 -1 -1 8
-1 -1 -1 -1 -1 -1 -1 -1 3 -1 9 -1 10 -1 -1 4 4 4 -1 -1 4 -1 -1 -1 -1 7 -1 -1 -1 -1 -1 -1 8 8 -1
11 11 -1 -1 -1 -1 12 12 -1 -1 -1 9 -1 10 -1 4 -1 4 4 -1 4 -1 -1 -1 -1 7 -1 -1 13 -1 -1 -1 8 -1 8
-1 -1 -1 12 12 -1 -1 12 -1 9 9 9 -1 -1 -1 -1 -1 -1 4 4 -1 -1 -1 -1 -1 -1 -1 13 -1 -1 8 -1 8 -1 8
-1 14 -1 -1 12 12 12 12 -1 9 9 9 -1 9 9 9 -1 -1 -1 -1 4 -1 -1 -1 15 -1 -1 -1 -1 -1 8 8 8 -1 -1
-1 -1 16 -1 -1 -1 -1 -1 9 9 -1 9 9 9 -1 -1 -1 17 -1 -1 -1 -1 -1 -1 -1 18 -1 19 -1 -1 8 -1 -1 -1 20
-1 -1 -1 -1 -1 -1 21 21 -1 -1 -1 9 9 -1 9 -1 22 -1 17 -1 17 17 -1 23 23 -1 18 -1 19 19 -1 -1 -1 20 20
-1 21 -1 -1 -1 21 -1 21 -1 -1 9 -1 -1 9 9 -1 -1 17 17 17 17 -1 -1 -1 -1 -1 -1 -1 19 -1 24 -1 -1 -1 20
21 21 21 -1 21 21 -1 21 -1 -1 -1 -1 -1 -1 -1 -1 25 -1 17 -1 -1 -1 -1 26 26 -1 -1 -1 -1 -1 24 -1 24 -1 20
-1 21 21 21 21 -1 -1 21 -1 27 27 -1 -1 25 25 25 -1 -1 17 17 -1 -1 -1 -1 -1 -1 28 28 -1 24 24 24 -1 20 20
-1 -1 -1 21 21 21 -1 -1 -1 -1 -1 -1 -1 25 25 25 -1 -1 -1 17 -1 -1 29 -1 -1 30 -1 28 -1 -1 24 24 -1 -1 20
31 -1 -1 -1 21 -1 -1 -1 32 -1 33 -1 -1 -1 25 -1 -1 17 -1 17 17 -1 -1 -1 -1 30 -1 -1 -1 -1 -1 -1 -1 -1 -1
31 -1 34 34 -1 21 -1 35 -1 32 -1 33 -1 36 -1 -1 -1 -1 17 17 -1 -1 37 -1 -1 -1 -1 38 -1 39 -1 -1 -1 -1 -1
-1 34 -1 -1 -1 -1 35 -1 -1 -1 -1 33 -1 -1 40 -1 -1 17 -1 -1 -1 -1 -1 -1 -1 41 -1 -1 39 39 -1 39 -1 -1 -1
42 -1 -1 -1 43 -1 -1 35 -1 33 33 33 -1 44 -1 -1 -1 -1 17 -1 -1 -1 -1 -1 45 -1 41 -1 -1 -1 39 39 39 39 39
42 -1 43 43 43 43 -1 -1 -1 -1 33 -1 44 44 44 -1 46 -1 17 17 17 -1 47 -1 45 -1 -1 -1 -1 -1 -1 39 -1 39 39
42 42 -1 43 -1 -1 -1 48 -1 33 -1 33 -1 -1 -1 -1 -1 -1 -1 -1 -1 17 -1 -1 -1 -1 49 -1 -1 -1 -1 -1 -1 -1 -1
42 -1 -1 -1 -1 -1 -1 -1 33 33 33 33 33 -1 -1 -1 -1 -1 17 17 -1 17 -1 -1 -1 -1 49 -1 -1 -1 -1 17 17 -1 50
42 -1 -1 51 51 51 51 -1 33 33 -1 -1 -1 33 -1 52 -1 17 17 -1 17 17 -1 53 53 -1 -1 -1 17 17 17 17 -1 -1 50
-1 51 51 51 -1 -1 -1 -1 -1 -1 -1 54 -1 -1 52 -1 -1 -1 17 -1 -1 -1 53 53 -1 17 -1 17 17 -1 -1 17 17 -1 50
55 -1 51 51 -1 -1 -1 56 -1 -1 57 -1 -1 -1 52 52 52 -1 17 17 -1 53 53 -1 -1 17 17 -1 -1 17 -1 17 17 -1 -1
-1 -1 -1 51 -1 -1 -1 56 -1 -1 -1 -1 -1 52 -1 -1 -1 -1 -1 17 -1 -1 53 -1 -1 17 17 -1 17 -1 17 17 -1 -1 -1
-1 -1 58 -1 -1 59 -1 56 -1 60 -1 61 61 -1 -1 62 62 -1 -1 -1 17 17 -1 -1 -1 17 -1 17 17 -1 -1 -1 -1 63 63
-1 -1 58 58 -1 -1 -1 -1 60 -1 61 -1 61 61 -1 -1 -1 -1 -1 -1 17 -1 17 17 17 -1 -1 17 17 -1 -1 63 -1 63 -1
-1 58 58 58 -1 60 60 -1 -1 60 -1 -1 61 61 -1 -1 -1 61 -1 17 17 17 17 17 17 -1 -1 -1 -1 -1 -1 63 63 63 -1
-1 -1 -1 -1 -1 -1 60 60 60 -1 -1 -1 -1 61 61 61 61 61 -1 -1 -1 -1 -1 -1 -1 -1 64 64 -1 -1 63 63 63 63 63
65 -1 -1 -1 -1 66 -1 -1 -1 60 -1 -1 -1 -1 61 -1 -1 -1 -1 67 -1 -1 -1 68 -1 69 -1 -1 64 -1 -1 63 63 63 63
65 -1 -1 -1 -1 66 -1 -1 -1 -1 -1 61 61 61 61 -1 70 70 -1 -1 -1 -1 68 -1 -1 -1 -1 -1 -1 -1 63 63 63 63 -1
-1 -1 -1 71 -1 66 66 -1 72 72 -1 -1 -1 -1 -1 -1 -1 -1 -1 -1 -1 -1 68 -1 -1 68 68 -1 -1 -1 -1 -1 -1 -1 -1
66 -1 -1 -1 66 66 66 -1 72 -1 73 73 73 -1 74 74 -1 75 75 -1 -1 68 68 -1 68 68 68 -1 68 68 -1 76 -1 76 -1
66 66 -1 66 -1 66 66 -1 -1 72 -1 73 -1 -1 74 -1 -1 -1 75 -1 77 -1 68 -1 -1 68 -1 68 68 -1 -1 -1 76 76 -1
-1 66 66 66 66 -1 -1 -1 72 -1 73 -1 78 -1 -1 79 -1 75 -1 77 -1 -1 68 -1 68 68 -1 68 68 -1 -1 76 -1 76 76
-1 -1 -1 -1 -1 -1 72 72 72 -1 -1 -1 -1 -1 -1 -1 -1 -1 -1 77 77 -1 -1 68 68 -1 68 68 -1 68 -1 -1 76 -1 -1
-1 80 -1 72 72 72 72 -1 72 72 -1 -1 -1 -1 -1 81 81 -1 77 -1 -1 -1 -1 -1 68 68 68 -1 68 -1 -1 76 -1 -1 -1
82 -1 -1 -1 -1 72 -1 72 -1 -1 -1 -1 -1 -1 -1 -1 -1 -1 -1 -1 -1 83 -1 -1 68 -1 -1 -1 -1 -1 -1 76 76 76 -1
-1 1 -1 2 -1 -1 -1 -1 3 -1 -1 -1 -1 -1 4 -1 -1 -1 5 -1 6 -1 -1 -1 -1 7 -1 8 -1 9 9 9 -1 -1 -1
-1 1 -1 -1 10 -1 -1 -1 -1 -1 11 -1 6 -1 -1 -1 -1 -1 -1 6 -1 -1 -1 -1 7 7 -1 -1 -1 -1 9 9 -1 -1 12
1 1 1 -1 10 10 -1 -1 13 -1 -1 -1 -1 6 6 -1 14 -1 -1 6 -1 15 15 -1 7 -1 7 7 -1 -1 -1 -1 -1 16 -1
1 -1 1 -1 -1 10 -1 13 -1 6 6 6 6 6 6 -1 -1 6 6 -1 15 -1 -1 -1 7 -1 7 7 7 -1 17 17 -1 -1 -1
1 -1 -1 1 -1 -1 -1 -1 -1 6 -1 6 -1 -1 6 6 6 6 6 6 -1 -1 -1 -1 -1 7 -1 -1 7 -1 -1 -1 17 -1 18
-1 -1 -1 -1 6 6 6 6 6 6 6 -1 -1 6 6 -1 -1 6 -1 6 -1 -1 6 -1 -1 -1 -1 7 -1 -1 19 -1 -1 -1 18
20 -1 -1 -1 -1 -1 -1 6 -1 6 -1 -1 21 -1 -1 -1 22 -1 -1 -1 -1 -1 -1 6 6 -1 -1 -1 -1 -1 19 -1 23 -1 -1
-1 24 -1 -1 6 6 -1 6 6 6 -1 -1 -1 25 -1 22 -1 -1 -1 6 -1 6 6 -1 -1 26 -1 -1 27 -1 -1 23 -1 28 -1
-1 24 -1 -1 6 6 6 6 -1 -1 6 6 6 -1 -1 -1 -1 6 6 -1 6 -1 -1 6 -1 26 -1 -1 -1 -1 23 23 -1 -1 -1
-1 -1 6 6 6 -1 -1 6 6 6 -1 -1 6 -1 -1 -1 6 6 -1 6 -1 -1 6 -1 26 26 26 -1 -1 23 -1 23 23 23 -1
-1 -1 -1 6 -1 -1 29 -1 6 6 6 -1 -1 6 -1 -1 -1 -1 6 -1 6 6 6 6 -1 26 26 -1 -1 23 -1 -1 23 -1 -1
-1 30 -1 6 6 -1 -1 6 -1 6 6 -1 6 6 6 6 6 6 6 6 -1 6 -1 6 -1 26 26 -1 -1 -1 -1 -1 -1 -1 -1
31 -1 -1 -1 6 -1 6 6 -1 -1 6 6 6 -1 -1 6 -1 6 6 -1 -1 -1 -1 -1 6 -1 -1 26 26 -1 -1 32 -1 33 -1
-1 -1 -1 -1 6 6 -1 -1 -1 -1 6 -1 6 -1 -1 -1 6 -1 -1 34 -1 -1 -1 -1 -1 -1 -1 -1 -1 35 -1 -1 -1 33 -1
-1 -1 36 36 -1 6 6 -1 6 6 6 -1 -1 -1 -1 -1 6 6 -1 -1 -1 6 6 -1 37 -1 -1 38 -1 35 -1 -1 -1 33 -1
-1 -1 36 -1 -1 -1 -1 -1 -1 -1 -1 -1 39 -1 40 -1 -1 6 -1 -1 6 -1 6 -1 -1 -1 -1 38 -1 -1 -1 41 -1 -1 42
43 -1 36 36 36 -1 44 44 -1 45 -1 -1 39 -1 -1 -1 -1 6 6 6 -1 -1 -1 6 -1 46 46 -1 -1 -1 -1 41 -1 47 -1
-1 -1 -1 36 -1 -1 44 -1 -1 -1 39 39 39 39 -1 -1 -1 -1 -1 6 6 6 6 6 -1 -1 -1 48 -1 49 -1 41 -1 47 -1
-1 36 36 36 -1 -1 -1 -1 50 -1 -1 39 39 -1 -1 51 -1 -1 -1 -1 -1 -1 -1 6 -1 52 -1 48 -1 -1 -1 41 -1 -1 -1
-1 -1 -1 -1 53 -1 50 50 -1 -1 -1 -1 -1 51 -1 51 -1 -1 54 -1 -1 -1 -1 -1 -1 -1 48 -1 -1 -1 41 41 -1 -1 -1
-1 53 53 53 53 53 -1 50 50 -1 55 -1 56 -1 51 51 51 51 -1 54 54 -1 -1 57 57 57 -1 -1 58 -1 -1 41 -1 -1 -1
-1 -1 -1 -1 53 -1 50 -1 -1 -1 -1 -1 56 -1 51 -1 51 -1 -1 54 -1 57 57 57 -1 -1 -1 -1 58 -1 -1 -1 59 -1 -1
-1 60 60 60 -1 -1 50 50 -1 -1 61 -1 -1 -1 -1 51 -1 -1 54 54 -1 57 -1 -1 57 -1 62 -1 -1 -1 -1 59 59 59 59
60 60 -1 60 -1 -1 50 50 50 -1 -1 -1 -1 63 -1 -1 64 -1 54 -1 -1 -1 -1 57 -1 -1 -1 -1 -1 -1 59 59 59 -1 -1
60 -1 -1 60 60 -1 50 50 50 50 50 -1 -1 -1 63 -1 -1 64 -1 54 -1 -1 -1 57 -1 65 -1 66 -1 59 59 -1 59 59 59
60 -1 60 60 -1 -1 -1 -1 -1 50 50 -1 67 -1 -1 -1 64 64 -1 54 54 -1 57 -1 -1 -1 -1 -1 59 -1 -1 59 -1 -1 -1
60 60 -1 -1 60 -1 68 -1 69 -1 -1 -1 67 67 67 -1 -1 -1 -1 -1 54 -1 -1 -1 70 -1 59 59 59 -1 -1 -1 -1 71 71
-1 60 -1 60 -1 -1 -1 69 69 -1 -1 67 -1 67 -1 -1 -1 -1 -1 -1 54 54 54 -1 -1 -1 -1 -1 -1 72 72 -1 -1 71 -1
-1 -1 -1 -1 60 60 -1 -1 -1 -1 67 67 -1 -1 -1 -1 73 -1 -1 74 -1 54 -1 -1 -1 -1 -1 75 -1 72 -1 -1 76 -1 -1
-1 -1 77 -1 60 -1 67 67 -1 67 67 67 67 -1 -1 -1 73 -1 -1 -1 -1 54 54 -1 78 -1 -1 -1 -1 -1 -1 76 76 76 -1
-1 79 -1 -1 -1 60 -1 67 67 67 -1 67 -1 -1 80 80 -1 -1 -1 81 -1 -1 54 54 -1 -1 -1 -1 -1 76 76 76 -1 76 -1
-1 -1 82 82 -1 -1 -1 -1 -1 67 -1 -1 -1 80 80 -1 83 -1 81 81 81 -1 -1 -1 -1 -1 84 84 -1 76 -1 -1 76 -1 -1
-1 82 82 -1 -1 85 85 85 -1 67 -1 -1 -1 -1 -1 80 -1 83 -1 -1 -1 81 -1 86 86 -1 -1 -1 -1 -1 -1 87 -1 76 76
-1 -1 82 82 -1 85 85 -1 -1 -1 -1 83 -1 -1 -1 -1 83 83 -1 -1 -1 81 -1 -1 -1 -1 88 88 -1 -1 -1 -1 76 76 76
89 -1 82 -1 -1 85 85 -1 -1 90 90 -1 83 83 83 83 83 -1 -1 -1 91 -1 -1 -1 92 92 -1 -1 -1 -1 -1 -1 -1 -1 76
-1 -1 -1 -1 -1 -1 -1 -1 1 1 -1 -1 2 -1 3 -1 -1 -1 -1 4 -1 4 4 4 4 -1 5 5 -1 5 5 -1 -1 6 -1
7 -1 -1 8 8 8 8 -1 -1 1 -1 -1 -1 3 -1 9 -1 -1 4 4 4 -1 4 4 -1 5 5 5 -1 5 -1 10 -1 -1 -1
7 -1 -1 -1 8 8 -1 -1 -1 1 -1 -1 11 -1 -1 -1 9 9 -1 4 -1 4 -1 -1 -1 -1 -1 -1 5 5 -1 -1 -1 12 -1
7 7 -1 -1 -1 -1 -1 -1 -1 -1 13 -1 11 -1 -1 -1 -1 9 -1 -1 -1 -1 -1 14 -1 -1 -1 5 -1 5 5 -1 -1 -1 15
-1 -1 -1 16 -1 17 -1 -1 11 11 -1 -1 11 -1 18 18 18 -1 -1 -1 -1 19 19 -1 -1 19 19 -1 -1 -1 -1 -1 -1 20 -1
-1 21 -1 -1 -1 17 -1 -1 11 11 -1 11 -1 -1 18 18 -1 -1 -1 22 -1 19 -1 -1 19 -1 19 19 -1 -1 -1 23 -1 -1 24
25 -1 -1 26 -1 -1 -1 -1 -1 -1 11 11 -1 18 18 -1 18 -1 -1 -1 -1 -1 19 19 19 19 -1 -1 19 -1 -1 23 -1 24 24
-1 -1 -1 -1 27 -1 28 28 -1 -1 11 -1 -1 -1 -1 -1 -1 -1 -1 19 19 19 19 19 19 -1 -1 -1 19 19 -1 -1 -1 -1 -1
-1 29 -1 30 -1 -1 -1 28 28 -1 -1 11 -1 -1 31 31 -1 19 19 19 -1 -1 -1 -1 -1 19 -1 32 -1 -1 -1 33 -1 33 33
29 29 -1 30 30 -1 -1 28 -1 11 11 -1 -1 31 -1 -1 -1 19 19 19 -1 -1 34 34 -1 19 -1 32 -1 -1 33 33 33 -1 33
-1 -1 29 -1 -1 -1 -1 28 -1 -1 -1 -1 31 31 -1 -1 -1 19 19 -1 19 -1 34 -1 34 -1 19 -1 -1 -1 33 -1 -1 33 -1
-1 -1 -1 35 35 35 -1 -1 -1 31 31 31 -1 -1 19 19 19 19 -1 -1 -1 -1 -1 34 34 -1 -1 34 -1 33 -1 -1 33 33 33
-1 36 -1 -1 35 -1 35 35 35 -1 -1 31 -1 -1 19 19 -1 19 -1 -1 37 37 -1 34 34 34 34 34 -1 -1 -1 -1 -1 -1 -1
36 -1 38 -1 -1 -1 35 -1 35 -1 -1 -1 19 -1 -1 -1 19 -1 -1 -1 -1 -1 -1 34 -1 34 34 -1 39 39 -1 40 40 -1 -1
36 36 -1 -1 -1 35 35 -1 -1 35 -1 -1 -1 19 -1 19 19 -1 -1 -1 41 -1 42 -1 34 -1 -1 -1 39 -1 -1 -1 -1 -1 43
-1 -1 -1 -1 -1 -1 -1 -1 -1 -1 -1 -1 19 -1 19 19 19 -1 44 -1 -1 42 -1 -1 34 -1 39 39 -1 -1 -1 -1 -1 43 -1
-1 -1 45 45 -1 -1 -1 -1 46 46 -1 -1 19 -1 19 19 19 -1 44 -1 -1 -1 42 -1 -1 -1 39 -1 -1 -1 43 43 43 43 -1
45 45 -1 -1 46 46 46 46 -1 -1 -1 19 19 19 19 19 -1 44 -1 44 44 -1 -1 -1 -1 39 -1 47 -1 -1 43 43 -1 -1 -1
45 -1 45 -1 -1 -1 46 -1 46 46 -1 -1 -1 -1 -1 -1 -1 44 -1 -1 -1 44 44 -1 48 -1 -1 -1 -1 -1 -1 -1 43 43 -1
45 45 -1 49 -1 -1 -1 -1 -1 46 46 46 -1 44 44 -1 44 -1 44 44 44 -1 44 -1 -1 -1 -1 -1 -1 -1 -1 43 -1 -1 -1
-1 45 -1 -1 -1 -1 -1 46 -1 46 46 -1 -1 44 44 -1 44 44 -1 -1 -1 44 -1 -1 -1 50 -1 51 -1 -1 -1 43 -1 -1 52
45 45 -1 53 -1 54 -1 46 -1 46 46 46 -1 -1 44 44 -1 -1 -1 -1 44 44 -1 -1 50 50 -1 -1 43 -1 43 -1 52 52 -1
45 -1 45 -1 53 -1 -1 -1 46 46 -1 -1 -1 44 44 44 -1 -1 -1 -1 44 44 -1 50 50 -1 -1 -1 -1 43 43 -1 -1 52 52
-1 45 -1 53 -1 -1 -1 46 46 46 46 -1 44 -1 -1 -1 55 -1 44 44 -1 44 -1 50 -1 -1 56 -1 -1 43 -1 -1 -1 52 -1
45 45 -1 -1 53 -1 -1 -1 -1 -1 46 -1 44 -1 57 -1 -1 -1 44 44 -1 -1 -1 -1 50 50 -1 -1 43 43 -1 -1 -1 -1 52
-1 -1 58 -1 -1 -1 -1 -1 -1 -1 -1 -1 44 -1 -1 44 -1 44 -1 -1 -1 -1 -1 -1 -1 -1 43 43 -1 43 43 -1 -1 -1 52
59 59 -1 -1 60 -1 61 61 -1 62 -1 -1 -1 44 44 44 44 44 -1 -1 -1 -1 63 -1 -1 -1 -1 43 43 43 -1 43 -1 64 -1
-1 -1 65 -1 -1 -1 -1 -1 -1 -1 66 66 -1 44 -1 44 -1 44 44 -1 -1 -1 -1 67 -1 -1 -1 43 43 43 -1 -1 -1 -1 68
69 69 -1 -1 -1 -1 -1 -1 -1 66 66 66 66 -1 -1 -1 -1 -1 44 -1 70 70 -1 -1 67 67 -1 43 -1 -1 -1 71 -1 68 68
-1 -1 -1 72 -1 -1 -1 -1 -1 66 66 -1 66 -1 -1 -1 -1 -1 -1 -1 70 70 -1 -1 67 67 -1 -1 -1 68 -1 -1 -1 68 -1
-1 73 -1 -1 -1 -1 -1 74 74 -1 66 66 -1 -1 75 -1 70 70 70 70 70 -1 70 -1 67 -1 67 67 -1 -1 68 68 68 68 -1
-1 73 -1 -1 74 74 74 74 -1 -1 -1 -1 -1 75 75 -1 70 70 -1 -1 70 70 -1 -1 67 -1 -1 67 -1 -1 -1 -1 -1 -1 76
73 73 -1 -1 -1 -1 -1 74 -1 -1 -1 -1 77 -1 75 -1 70 70 70 -1 -1 -1 -1 78 -1 67 -1 -1 -1 -1 -1 -1 76 76 76
-1 -1 -1 -1 -1 74 74 -1 -1 -1 79 -1 -1 75 -1 -1 70 -1 -1 -1 80 80 -1 78 -1 67 67 -1 -1 81 81 -1 76 -1 -1
82 -1 -1 -1 83 -1 -1 74 74 -1 -1 79 79 -1 75 -1 -1 70 70 70 -1 80 80 -1 -1 67 -1 -1 -1 -1 -1 81 -1 -1 -1
-1 -1 -1 1 1 -1 -1 -1 -1 2 -1 -1 -1 3 -1 4 -1 5 5 5 5 5 -1 5 -1 -1 -1 6 -1 -1 7 7 7 7 7
-1 -1 -1 -1 -1 -1 8 -1 -1 -1 -1 -1 -1 -1 -1 -1 -1 -1 5 -1 -1 -1 5 5 5 5 -1 -1 9 -1 7 -1 -1 -1 -1
10 -1 -1 -1 -1 -1 8 -1 11 -1 -1 -1 -1 -1 5 5 -1 -1 5 5 -1 -1 5 -1 -1 5 -1 5 -1 9 -1 7 -1 12 -1
-1 -1 -1 -1 -1 8 -1 -1 -1 -1 8 -1 -1 5 -1 -1 -1 -1 -1 5 -1 5 -1 -1 5 5 -1 5 -1 9 -1 -1 -1 -1 13
14 -1 -1 -1 8 8 8 8 -1 8 8 -1 -1 5 5 5 5 5 5 5 5 5 5 5 5 -1 5 -1 5 -1 -1 15 -1 -1 13
-1 -1 16 -1 -1 8 -1 8 8 8 -1 -1 -1 -1 -1 5 -1 -1 -1 -1 -1 5 5 5 5 5 5 5 -1 -1 -1 15 -1 -1 13
17 17 -1 16 -1 8 -1 -1 -1 8 -1 -1 -1 18 -1 -1 5 -1 -1 19 -1 -1 -1 5 5 -1 -1 -1 -1 -1 -1 15 15 -1 -1
17 -1 -1 -1 -1 -1 -1 -1 8 -1 -1 18 18 -1 -1 -1 -1 -1 19 19 -1 -1 5 -1 5 5 -1 -1 15 15 15 -1 -1 -1 -1
-1 -1 20 20 -1 -1 20 20 -1 -1 -1 -1 -1 18 -1 -1 21 -1 19 -1 -1 22 -1 -1 5 -1 -1 15 15 -1 15 15 15 -1 -1
20 20 -1 20 20 20 -1 20 20 20 -1 20 -1 -1 23 -1 -1 -1 -1 -1 -1 -1 -1 5 -1 -1 -1 -1 15 -1 -1 15 15 -1 -1
-1 -1 20 -1 20 -1 20 20 20 -1 20 20 -1 20 -1 -1 -1 24 -1 -1 -1 5 5 5 -1 -1 -1 -1 15 15 -1 15 -1 -1 15
20 20 20 -1 -1 20 -1 -1 20 -1 -1 20 20 20 20 20 -1 24 24 -1 -1 -1 -1 5 -1 -1 15 15 -1 15 15 -1 15 15 15
-1 20 -1 -1 25 -1 20 20 20 20 -1 -1 20 -1 20 20 -1 24 -1 24 24 -1 -1 -1 -1 -1 -1 -1 -1 15 -1 -1 15 -1 -1
-1 -1 -1 -1 -1 20 20 -1 -1 20 20 20 -1 -1 -1 -1 -1 24 -1 24 24 -1 -1 26 -1 -1 -1 27 -1 15 15 -1 15 -1 -1
-1 28 28 -1 29 -1 20 20 -1 20 -1 20 -1 -1 20 -1 -1 -1 24 24 24 24 -1 26 26 26 -1 -1 27 -1 -1 15 15 -1 -1
-1 28 -1 -1 -1 20 -1 -1 -1 -1 -1 20 20 20 20 20 -1 24 -1 -1 -1 -1 -1 -1 -1 26 26 -1 -1 -1 -1 -1 15 -1 30
-1 -1 -1 -1 20 -1 20 -1 -1 -1 -1 -1 -1 20 20 -1 -1 24 24 -1 -1 -1 -1 31 -1 26 26 26 -1 -1 32 32 -1 -1 -1
-1 33 -1 -1 20 20 20 -1 34 -1 -1 20 -1 -1 20 20 -1 -1 -1 35 -1 -1 31 -1 -1 26 26 -1 -1 -1 32 32 -1 36 36
-1 -1 33 -1 20 20 -1 -1 -1 -1 -1 -1 20 20 20 -1 -1 -1 -1 35 35 -1 31 -1 -1 -1 -1 26 26 -1 -1 -1 32 -1 36
37 -1 33 -1 -1 -1 -1 -1 -1 38 38 -1 -1 20 -1 35 35 35 35 35 -1 -1 -1 -1 -1 -1 26 26 26 -1 32 32 -1 36 36
37 37 -1 33 33 33 -1 38 38 38 38 38 -1 -1 -1 35 35 35 -1 35 35 -1 39 39 39 -1 -1 -1 -1 -1 -1 32 32 -1 -1
37 -1 33 -1 -1 33 -1 -1 38 -1 -1 38 -1 40 -1 -1 -1 -1 -1 -1 35 -1 -1 39 -1 -1 41 -1 41 -1 -1 -1 -1 -1 -1
-1 -1 33 33 -1 -1 -1 -1 -1 -1 -1 -1 38 -1 40 40 -1 -1 -1 42 -1 -1 42 -1 -1 -1 -1 41 41 41 -1 43 -1 44 -1
-1 -1 -1 33 -1 -1 45 -1 46 -1 -1 38 -1 -1 40 40 40 -1 42 -1 42 42 42 -1 -1 -1 41 41 41 41 -1 -1 -1 -1 47
-1 -1 -1 -1 33 33 -1 -1 -1 -1 -1 -1 -1 -1 -1 -1 -1 -1 42 42 42 42 -1 -1 48 -1 41 -1 -1 -1 41 -1 -1 -1 -1
-1 -1 -1 -1 -1 33 33 -1 -1 42 42 42 -1 42 -1 -1 -1 -1 -1 42 -1 -1 48 -1 48 -1 -1 -1 48 -1 41 -1 49 -1 -1
-1 -1 -1 -1 -1 33 -1 33 -1 42 -1 -1 42 -1 42 -1 -1 42 42 42 -1 -1 48 48 48 48 48 48 48 -1 41 -1 49 49 -1
50 -1 -1 -1 33 -1 -1 -1 42 -1 -1 -1 42 42 42 42 42 -1 42 42 42 -1 -1 -1 48 48 -1 48 -1 -1 -1 49 49 -1 51
-1 50 -1 33 33 -1 -1 -1 -1 -1 -1 -1 -1 42 -1 -1 42 -1 -1 -1 -1 -1 -1 -1 -1 48 -1 -1 -1 -1 -1 -1 49 -1 51
-1 -1 33 33 -1 -1 -1 -1 52 -1 53 -1 42 -1 42 42 -1 -1 54 -1 -1 55 -1 -1 48 -1 56 56 56 -1 -1 49 -1 51 51
57 57 -1 -1 33 -1 52 52 52 -1 53 53 -1 42 -1 -1 42 -1 -1 -1 -1 -1 55 55 -1 -1 -1 -1 -1 -1 -1 -1 -1 51 51
-1 -1 -1 -1 -1 -1 52 -1 -1 53 53 -1 -1 -1 42 42 -1 -1 -1 -1 58 -1 55 -1 -1 59 59 59 59 59 -1 59 -1 51 -1
-1 60 -1 -1 -1 52 -1 52 52 -1 -1 -1 -1 -1 -1 -1 -1 61 61 -1 -1 58 -1 -1 -1 -1 59 59 -1 -1 59 59 -1 51 51
-1 60 60 -1 -1 52 52 -1 52 52 52 -1 -1 62 62 -1 -1 -1 61 -1 58 -1 63 -1 59 -1 59 -1 -1 59 -1 -1 -1 51 -1
-1 60 -1 60 -1 -1 -1 -1 -1 -1 52 52 -1 -1 62 -1 -1 -1 61 61 -1 -1 63 63 -1 59 59 -1 -1 -1 -1 51 51 51 51
-1 -1 -1 1 1 1 -1 -1 -1 2 -1 -1 -1 3 -1 4 -1 -1 -1 -1 -1 -1 -1 5 -1 6 6 -1 -1 -1 6 -1 -1 7 -1
1 1 1 1 -1 -1 -1 2 2 -1 -1 -1 -1 -1 4 4 -1 8 8 8 -1 -1 -1 -1 -1 6 6 6 6 6 -1 7 7 -1 9
-1 -1 1 -1 -1 -1 -1 -1 -1 2 -1 -1 -1 -1 4 -1 4 -1 -1 -1 -1 10 -1 -1 -1 6 -1 -1 6 6 -1 -1 -1 -1 -1
-1 1 -1 -1 -1 -1 -1 -1 2 -1 11 -1 -1 -1 -1 -1 -1 -1 -1 -1 10 10 -1 -1 -1 6 6 6 6 6 -1 12 12 -1 -1
-1 -1 -1 -1 -1 -1 -1 -1 -1 2 -1 -1 -1 -1 -1 13 13 -1 -1 10 10 -1 -1 -1 -1 6 -1 6 -1 -1 -1 -1 12 -1 -1
-1 14 -1 -1 15 -1 15 -1 2 2 2 2 -1 13 13 13 -1 16 -1 -1 10 10 -1 17 -1 -1 6 -1 -1 -1 -1 -1 -1 -1 -1
-1 -1 -1 -1 15 15 15 -1 -1 -1 -1 -1 2 -1 13 -1 13 -1 -1 10 -1 10 -1 -1 17 17 -1 -1 18 18 -1 -1 -1 -1 -1
19 19 -1 -1 15 -1 15 -1 -1 20 -1 2 2 -1 -1 13 -1 -1 10 10 10 -1 -1 17 17 -1 -1 -1 18 -1 -1 21 -1 22 22
-1 -1 -1 -1 -1 -1 -1 -1 23 -1 -1 -1 2 -1 -1 13 -1 -1 10 -1 10 10 -1 -1 -1 -1 24 -1 18 -1 -1 21 -1 22 22
-1 -1 -1 25 25 25 -1 -1 -1 2 2 -1 2 2 -1 -1 26 -1 -1 -1 -1 -1 -1 27 27 -1 24 -1 18 -1 21 21 -1 -1 22
-1 -1 28 -1 -1 25 -1 29 -1 2 -1 2 2 2 -1 26 26 -1 -1 -1 -1 -1 30 -1 27 -1 -1 -1 18 -1 -1 21 21 21 -1
-1 -1 -1 -1 -1 -1 -1 -1 2 -1 -1 -1 -1 -1 26 -1 26 26 -1 31 -1 -1 30 -1 -1 -1 -1 18 -1 -1 21 -1 -1 -1 -1
32 -1 -1 -1 33 33 -1 34 -1 -1 34 -1 -1 -1 26 26 26 -1 -1 31 -1 -1 -1 -1 -1 18 18 -1 18 -1 -1 21 21 21 -1
-1 35 -1 -1 33 -1 -1 34 -1 34 -1 -1 -1 -1 -1 -1 -1 36 -1 -1 37 -1 -1 -1 -1 -1 18 18 -1 -1 21 -1 21 21 -1
35 35 -1 38 -1 -1 39 -1 34 34 -1 -1 -1 40 40 40 -1 36 -1 37 37 -1 18 18 18 18 -1 18 -1 41 -1 -1 -1 21 -1
-1 35 -1 38 -1 -1 -1 -1 -1 -1 -1 40 40 -1 40 -1 36 -1 37 37 -1 18 18 -1 18 18 18 -1 -1 -1 42 42 -1 -1 -1
-1 35 -1 -1 -1 -1 -1 -1 43 -1 44 -1 40 40 -1 -1 -1 -1 37 37 -1 -1 -1 -1 -1 -1 18 -1 -1 -1 -1 42 42 -1 -1
-1 -1 -1 45 45 -1 -1 -1 -1 44 -1 40 -1 -1 46 46 -1 37 -1 -1 -1 -1 -1 -1 -1 -1 18 -1 47 47 -1 -1 -1 -1 -1
-1 45 -1 45 45 -1 48 -1 -1 -1 -1 40 -1 -1 -1 -1 -1 37 -1 -1 -1 49 -1 -1 -1 -1 -1 -1 -1 -1 -1 50 50 50 -1
45 -1 45 -1 45 -1 -1 -1 -1 40 -1 40 -1 -1 37 -1 -1 37 37 -1 -1 -1 51 -1 -1 52 -1 52 -1 -1 -1 50 -1 50 -1
-1 45 -1 45 -1 -1 -1 53 -1 -1 40 40 -1 -1 -1 37 37 37 37 -1 -1 -1 -1 -1 -1 -1 52 52 52 52 -1 -1 -1 -1 -1
45 -1 45 -1 -1 -1 -1 -1 40 40 -1 -1 54 -1 -1 37 37 37 -1 55 55 -1 -1 -1 -1 52 -1 -1 52 52 -1 56 -1 52 -1
45 45 45 -1 -1 -1 57 57 -1 40 40 40 -1 54 -1 37 37 -1 37 -1 -1 -1 58 -1 -1 52 52 -1 -1 -1 52 -1 -1 52 -1
45 -1 -1 -1 -1 -1 -1 -1 40 -1 40 40 -1 -1 37 37 37 -1 37 -1 -1 -1 -1 -1 -1 -1 -1 -1 -1 -1 52 52 52 -1 59
-1 -1 -1 60 -1 -1 40 40 40 -1 -1 -1 -1 61 -1 37 -1 -1 -1 37 -1 37 -1 62 -1 63 63 -1 64 64 -1 52 -1 -1 -1
65 -1 -1 60 -1 40 -1 -1 -1 -1 -1 66 -1 -1 -1 37 -1 -1 -1 37 37 -1 -1 -1 63 -1 63 -1 -1 64 -1 52 52 52 -1
-1 -1 -1 -1 60 -1 -1 -1 67 -1 68 -1 -1 -1 69 -1 -1 -1 70 -1 37 37 37 37 -1 63 -1 -1 71 -1 -1 52 -1 52 -1
-1 72 -1 -1 60 60 -1 67 -1 68 68 -1 69 69 -1 73 -1 -1 -1 37 -1 37 -1 -1 63 63 -1 71 71 -1 -1 -1 -1 -1 -1
74 -1 -1 75 -1 -1 -1 -1 -1 68 -1 -1 -1 -1 -1 73 -1 76 -1 37 -1 -1 37 -1 63 -1 63 -1 -1 71 -1 -1 -1 77 -1
-1 -1 -1 75 -1 -1 68 68 68 -1 78 -1 79 -1 73 -1 76 -1 -1 37 -1 37 37 -1 -1 -1 -1 -1 -1 -1 -1 77 77 77 77
80 -1 -1 75 75 -1 -1 -1 68 -1 -1 78 -1 79 -1 -1 76 -1 -1 -1 -1 -1 37 -1 81 -1 -1 -1 -1 77 77 77 -1 77 77
-1 75 75 -1 75 -1 -1 68 68 -1 -1 -1 79 79 -1 -1 -1 82 -1 -1 -1 -1 -1 -1 81 81 -1 83 -1 -1 -1 -1 77 -1 -1
75 75 75 -1 -1 -1 -1 68 -1 68 -1 -1 -1 -1 -1 82 82 82 82 82 82 -1 -1 -1 -1 81 -1 83 -1 -1 84 -1 77 -1 85
-1 -1 -1 68 68 68 68 -1 -1 -1 82 82 82 82 82 82 -1 82 -1 -1 82 -1 86 86 -1 -1 83 83 -1 -1 -1 -1 -1 -1 85
-1 -1 68 68 -1 -1 68 68 -1 87 -1 82 -1 82 82 82 82 -1 -1 -1 82 82 -1 86 -1 83 83 -1 -1 88 88 -1 89 -1 -1
-1 -1 -1 -1 -1 1 -1 -1 -1 2 -1 -1 3 -1 4 4 4 -1 -1 -1 -1 -1 -1 -1 -1 -1 -1 -1 5 -1 6 -1 7 -1 -1
-1 -1 -1 -1 -1 -1 8 8 -1 2 2 -1 -1 -1 -1 4 4 -1 -1 -1 9 9 -1 10 10 -1 -1 -1 -1 6 6 -1 -1 -1 -1
-1 -1 11 -1 -1 -1 8 8 -1 -1 -1 -1 -1 -1 4 4 4 -1 12 12 -1 -1 -1 -1 -1 -1 -1 13 -1 -1 6 6 -1 -1 6
4 -1 -1 14 -1 8 8 -1 15 -1 -1 4 4 4 -1 -1 -1 -1 -1 12 -1 12 -1 16 -1 17 -1 -1 18 -1 -1 6 6 6 6
-1 4 -1 -1 -1 -1 -1 -1 -1 -1 4 4 -1 -1 -1 -1 -1 -1 19 -1 12 12 -1 16 16 -1 17 -1 18 -1 -1 6 -1 -1 -1
-1 4 4 4 4 -1 4 -1 -1 4 -1 4 -1 -1 20 20 -1 -1 -1 12 -1 -1 -1 -1 -1 -1 -1 18 -1 -1 6 -1 -1 21 -1
22 -1 -1 -1 4 4 4 4 -1 -1 -1 4 -1 -1 -1 -1 -1 23 -1 12 12 12 -1 -1 -1 18 -1 -1 18 -1 -1 -1 -1 -1 -1
22 -1 24 -1 -1 -1 -1 4 4 4 4 4 -1 25 -1 26 -1 23 -1 -1 -1 12 12 12 -1 18 -1 -1 18 18 -1 -1 -1 -1 27
-1 -1 -1 24 -1 -1 28 -1 4 -1 -1 -1 -1 -1 -1 -1 -1 -1 23 -1 -1 12 -1 -1 -1 18 18 18 -1 18 -1 -1 29 -1 -1
30 30 -1 -1 -1 -1 28 -1 4 4 4 -1 -1 -1 -1 31 31 -1 -1 -1 -1 -1 18 18 18 -1 -1 18 18 -1 -1 -1 29 -1 -1
-1 -1 30 -1 -1 -1 -1 -1 4 -1 4 -1 32 -1 -1 31 -1 -1 -1 -1 -1 -1 18 18 18 18 -1 -1 -1 18 -1 -1 29 -1 29
-1 -1 -1 33 -1 34 -1 4 4 -1 4 -1 -1 -1 31 -1 35 -1 36 36 36 -1 18 -1 18 18 -1 -1 18 18 18 -1 29 29 29
-1 37 37 -1 -1 -1 -1 -1 4 -1 -1 -1 -1 -1 -1 -1 -1 -1 -1 36 -1 -1 18 -1 18 -1 -1 -1 18 18 18 -1 -1 -1 29
-1 37 -1 -1 -1 -1 -1 4 4 4 4 4 4 -1 -1 -1 -1 38 -1 -1 39 -1 -1 18 18 18 -1 -1 18 -1 -1 29 29 29 29
-1 37 -1 37 -1 -1 4 4 4 -1 -1 4 -1 4 -1 -1 -1 -1 38 38 -1 39 -1 -1 18 18 18 18 18 18 18 -1 29 -1 29
37 37 37 -1 -1 4 4 4 4 4 -1 -1 -1 -1 -1 40 -1 -1 38 -1 -1 -1 -1 -1 -1 18 18 18 -1 -1 -1 -1 29 29 29
-1 -1 -1 37 -1 -1 4 -1 -1 4 -1 41 41 -1 42 -1 40 40 -1 -1 43 43 -1 -1 44 -1 18 -1 18 -1 -1 -1 29 -1 -1
45 45 -1 37 -1 4 4 -1 4 4 -1 -1 41 -1 -1 -1 40 -1 -1 43 -1 43 -1 -1 -1 -1 18 18 -1 -1 -1 29 -1 46 -1
-1 -1 -1 -1 37 -1 -1 4 -1 -1 4 -1 41 -1 -1 -1 -1 -1 -1 43 43 -1 43 -1 -1 -1 -1 18 -1 47 47 -1 29 -1 46
37 37 37 37 37 37 -1 4 -1 4 -1 -1 -1 -1 -1 48 -1 -1 -1 -1 -1 43 43 43 43 -1 18 -1 -1 -1 47 -1 -1 -1 46
-1 -1 37 37 -1 37 -1 -1 4 -1 4 4 -1 -1 -1 -1 48 -1 -1 -1 -1 -1 43 -1 -1 -1 -1 18 -1 47 47 -1 46 46 46
49 -1 -1 -1 37 37 -1 4 -1 -1 -1 -1 -1 -1 50 -1 -1 -1 51 51 51 -1 43 -1 52 52 -1 -1 -1 -1 -1 46 -1 -1 46
-1 -1 53 -1 37 -1 -1 -1 4 4 4 -1 50 50 50 50 -1 -1 51 -1 51 -1 43 -1 -1 52 -1 54 -1 -1 -1 46 -1 -1 46
53 53 -1 37 37 -1 -1 4 -1 -1 4 -1 -1 -1 50 -1 50 -1 51 51 -1 -1 -1 -1 -1 52 -1 -1 -1 -1 46 46 -1 -1 46
53 -1 53 -1 -1 37 37 -1 -1 4 4 -1 4 -1 50 50 50 50 -1 51 -1 -1 -1 -1 -1 -1 -1 -1 55 -1 -1 -1 46 46 -1
-1 -1 -1 37 37 -1 37 -1 4 -1 4 4 4 -1 50 -1 50 -1 -1 -1 56 56 -1 -1 57 -1 58 -1 55 -1 -1 -1 -1 -1 59
-1 -1 37 37 37 -1 37 -1 -1 -1 -1 4 -1 -1 50 50 50 -1 -1 -1 56 -1 -1 -1 -1 -1 -1 -1 -1 -1 -1 60 -1 61 -1
62 -1 -1 -1 37 37 -1 -1 -1 -1 4 -1 -1 -1 50 50 -1 -1 -1 -1 -1 63 63 63 63 -1 64 -1 65 65 -1 -1 61 -1 -1
-1 62 -1 37 37 -1 -1 66 -1 4 4 -1 67 -1 -1 -1 -1 -1 -1 68 -1 -1 -1 63 -1 -1 64 -1 65 65 -1 69 -1 -1 70
-1 -1 -1 37 -1 -1 -1 -1 4 4 -1 -1 -1 -1 -1 68 68 68 68 68 -1 -1 63 -1 -1 -1 64 -1 -1 -1 69 -1 -1 -1 -1
71 -1 -1 37 -1 -1 -1 72 -1 4 -1 73 -1 -1 -1 -1 -1 -1 -1 -1 68 -1 -1 -1 -1 74 -1 64 64 64 -1 -1 75 -1 76
-1 -1 37 -1 -1 -1 72 -1 4 4 -1 -1 77 -1 -1 77 -1 78 -1 -1 68 -1 68 -1 -1 -1 64 64 64 -1 75 75 -1 -1 -1
-1 -1 -1 -1 79 79 -1 -1 -1 4 -1 -1 77 77 77 77 -1 -1 -1 -1 68 68 68 -1 -1 -1 64 -1 -1 -1 -1 -1 -1 -1 80
-1 -1 -1 -1 -1 -1 -1 81 -1 4 -1 -1 -1 -1 77 77 77 -1 68 68 -1 -1 -1 82 82 -1 64 -1 -1 83 83 -1 -1 -1 -1
-1 84 -1 -1 85 85 -1 81 -1 -1 -1 -1 77 77 77 -1 -1 -1 68 -1 -1 86 86 -1 -1 -1 -1 64 -1 -1 83 -1 87 -1 88
-1 -1 1 -1 -1 -1 -1 -1 2 2 -1 -1 -1 -1 -1 -1 3 -1 4 -1 5 -1 6 -1 7 7 -1 -1 8 -1 -1 9 9 -1 10
-1 -1 -1 -1 -1 2 2 2 2 -1 -1 11 -1 12 -1 -1 -1 4 -1 -1 -1 6 -1 -1 -1 -1 8 8 -1 -1 -1 9 9 -1 -1
-1 -1 -1 -1 -1 2 -1 2 2 2 -1 -1 -1 -1 -1 -1 -1 4 -1 13 -1 6 -1 8 8 8 8 -1 8 -1 -1 9 -1 -1 -1
-1 -1 -1 -1 2 -1 -1 -1 2 -1 -1 2 2 -1 -1 -1 -1 -1 13 -1 6 6 -1 -1 8 8 -1 -1 8 -1 -1 -1 14 14 14
-1 -1 15 -1 2 2 2 2 2 -1 2 2 2 -1 -1 -1 16 16 -1 13 -1 6 -1 -1 -1 8 -1 -1 -1 -1 -1 -1 -1 14 14
-1 -1 -1 2 -1 -1 -1 2 -1 -1 2 -1 -1 -1 -1 16 -1 16 -1 -1 -1 -1 -1 -1 -1 8 -1 -1 17 -1 14 14 14 14 -1
2 2 -1 2 2 2 -1 2 2 2 2 -1 -1 -1 18 -1 -1 16 -1 19 19 -1 -1 -1 -1 -1 8 -1 -1 -1 14 -1 -1 14 -1
2 -1 2 -1 2 -1 2 2 -1 -1 -1 18 -1 -1 18 -1 -1 -1 -1 -1 -1 -1 -1 20 20 -1 8 -1 8 -1 -1 21 -1 14 -1
-1 2 2 -1 2 -1 -1 -1 -1 -1 -1 18 18 18 18 18 18 18 18 18 -1 18 18 -1 -1 -1 8 8 8 8 8 -1 -1 -1 14
-1 -1 -1 -1 -1 -1 22 -1 -1 23 -1 -1 -1 18 -1 18 -1 18 18 18 18 -1 -1 24 24 -1 8 -1 8 -1 -1 -1 25 -1 -1
-1 -1 26 -1 27 -1 -1 -1 -1 -1 -1 -1 -1 -1 -1 18 -1 -1 -1 18 18 18 18 -1 -1 -1 8 8 -1 -1 -1 25 -1 25 -1
-1 26 -1 -1 -1 -1 -1 -1 -1 -1 18 18 18 18 18 -1 -1 -1 -1 -1 -1 -1 -1 -1 -1 -1 -1 8 -1 25 25 -1 25 -1 -1
26 26 26 26 -1 28 28 -1 -1 -1 18 -1 -1 -1 -1 -1 -1 -1 -1 -1 -1 -1 25 25 -1 25 -1 -1 -1 -1 25 25 25 25 25
26 26 -1 -1 28 -1 -1 -1 18 18 -1 -1 -1 -1 -1 -1 -1 -1 -1 29 -1 -1 -1 25 25 -1 -1 -1 -1 -1 25 -1 -1 -1 25
26 26 26 -1 -1 28 28 -1 -1 -1 18 -1 -1 -1 25 -1 -1 30 -1 29 -1 -1 25 25 25 25 25 -1 -1 -1 25 25 -1 -1 -1
-1 26 26 26 -1 -1 28 28 -1 18 -1 31 -1 25 -1 -1 30 30 -1 -1 -1 25 -1 25 25 25 25 25 -1 -1 25 -1 -1 -1 -1
-1 -1 26 26 26 -1 -1 -1 -1 -1 -1 31 -1 -1 25 -1 -1 -1 -1 -1 -1 -1 25 25 -1 -1 25 25 25 -1 25 -1 -1 -1 -1
26 26 -1 -1 -1 -1 -1 -1 -1 -1 -1 -1 25 25 -1 -1 25 -1 25 25 25 25 25 -1 -1 25 25 25 25 25 -1 -1 -1 -1 -1
26 26 -1 -1 32 32 32 32 -1 -1 33 -1 -1 25 25 25 25 25 25 -1 -1 -1 -1 25 25 25 25 -1 -1 -1 25 -1 34 34 -1
26 -1 35 -1 -1 32 -1 -1 -1 -1 -1 -1 25 25 25 -1 25 25 -1 -1 36 36 -1 25 25 25 -1 37 -1 -1 -1 -1 -1 -1 -1
26 -1 -1 -1 26 -1 -1 -1 -1 38 38 38 -1 25 -1 -1 25 -1 25 25 -1 36 -1 25 25 25 -1 -1 37 -1 25 -1 -1 39 -1
26 26 -1 26 -1 -1 40 -1 -1 38 -1 -1 -1 25 -1 -1 -1 -1 -1 -1 36 -1 25 -1 25 -1 -1 -1 -1 25 25 -1 39 39 39
26 26 26 26 26 -1 40 -1 -1 -1 38 38 -1 -1 25 25 -1 -1 -1 25 -1 -1 -1 -1 -1 25 25 -1 25 25 25 -1 -1 -1 39
-1 26 -1 -1 26 -1 -1 41 -1 -1 -1 -1 42 -1 -1 -1 43 -1 25 -1 25 -1 44 44 -1 25 25 25 25 25 -1 -1 -1 -1 -1
-1 26 -1 -1 -1 -1 -1 41 41 41 41 -1 -1 -1 43 43 43 -1 -1 25 25 25 -1 44 -1 25 25 -1 -1 -1 25 -1 45 -1 -1
-1 -1 46 -1 41 41 41 41 41 41 -1 -1 47 -1 -1 43 -1 -1 -1 25 -1 25 -1 -1 -1 25 -1 48 -1 25 25 -1 45 -1 -1
-1 -1 -1 46 -1 -1 -1 -1 41 41 -1 47 47 -1 49 -1 43 -1 50 -1 -1 -1 25 25 25 25 25 -1 -1 25 25 -1 -1 45 -1
-1 -1 46 -1 51 -1 -1 -1 41 -1 -1 -1 -1 -1 -1 43 -1 -1 50 -1 -1 -1 -1 -1 25 -1 25 -1 -1 -1 -1 45 -1 45 45
-1 -1 -1 46 -1 -1 41 41 41 -1 -1 -1 -1 52 -1 -1 43 43 -1 -1 -1 53 -1 25 25 -1 -1 25 -1 -1 45 45 -1 45 45
-1 -1 46 46 -1 -1 -1 41 -1 -1 -1 -1 -1 52 52 -1 -1 -1 -1 53 53 53 -1 -1 -1 -1 -1 25 -1 -1 45 45 45 -1 -1
-1 -1 -1 -1 -1 -1 -1 -1 -1 54 -1 55 -1 -1 -1 -1 -1 56 -1 -1 -1 -1 -1 -1 57 -1 -1 -1 25 -1 45 45 -1 -1 58
-1 59 59 59 -1 60 -1 61 -1 -1 -1 -1 -1 -1 -1 -1 56 -1 62 62 62 62 -1 -1 -1 -1 -1 25 -1 -1 45 -1 58 58 -1
63 -1 59 59 59 -1 -1 -1 61 -1 -1 -1 -1 -1 56 -1 56 -1 -1 -1 -1 -1 62 -1 -1 25 -1 25 -1 -1 45 -1 58 -1 58
-1 59 59 59 -1 -1 -1 61 61 -1 64 -1 -1 -1 56 56 -1 65 -1 -1 66 -1 -1 -1 -1 25 25 25 -1 -1 -1 -1 58 58 -1
-1 -1 59 -1 -1 -1 -1 -1 -1 -1 64 -1 -1 -1 -1 56 56 -1 65 -1 -1 -1 67 -1 -1 -1 -1 25 -1 68 -1 58 58 -1 -1
-1 1 -1 1 -1 -1 -1 -1 2 -1 -1 -1 -1 -1 -1 -1 3 3 -1 -1 -1 -1 -1 -1 -1 -1 -1 4 -1 5 -1 -1 -1 6 -1
-1 1 1 1 1 -1 -1 2 2 -1 -1 7 -1 8 -1 3 3 3 3 3 -1 9 9 -1 -1 -1 -1 -1 5 5 -1 -1 6 -1 10
11 -1 -1 1 1 1 -1 2 -1 -1 12 -1 7 -1 -1 -1 -1 -1 -1 3 3 -1 9 9 9 -1 13 13 -1 -1 -1 -1 -1 -1 -1
-1 1 1 -1 1 1 -1 -1 14 -1 12 -1 -1 15 -1 -1 -1 3 3 3 -1 -1 -1 -1 -1 -1 -1 -1 -1 -1 16 16 -1 17 -1
-1 1 1 -1 -1 -1 -1 -1 -1 -1 -1 -1 15 15 -1 -1 18 -1 3 3 -1 -1 19 19 -1 -1 -1 -1 20 -1 -1 -1 -1 17 -1
1 -1 -1 21 -1 15 15 -1 -1 -1 -1 -1 15 15 -1 18 -1 3 -1 -1 -1 -1 19 -1 -1 -1 -1 -1 20 -1 -1 17 17 17 -1
1 -1 -1 21 21 -1 -1 15 15 -1 -1 15 15 -1 -1 -1 -1 -1 -1 -1 -1 -1 19 -1 -1 20 20 -1 20 -1 -1 -1 17 -1 17
-1 22 -1 -1 -1 -1 -1 15 15 -1 15 -1 15 -1 -1 -1 -1 -1 23 -1 24 -1 -1 -1 20 20 20 20 20 -1 20 -1 -1 -1 -1
-1 22 -1 -1 25 -1 26 -1 15 -1 -1 15 -1 -1 -1 -1 -1 -1 23 -1 24 24 -1 20 20 -1 -1 20 20 20 20 -1 27 27 -1
-1 22 -1 -1 -1 -1 26 -1 15 15 15 -1 -1 -1 23 23 23 23 -1 24 24 -1 -1 20 -1 20 -1 -1 -1 20 20 -1 -1 -1 -1
-1 -1 22 -1 -1 26 26 -1 15 15 15 -1 -1 -1 -1 -1 -1 23 -1 -1 -1 -1 20 20 20 -1 20 20 20 20 20 20 20 -1 -1
28 -1 -1 -1 26 -1 26 -1 -1 15 15 15 -1 -1 29 -1 -1 -1 -1 -1 -1 20 -1 -1 -1 -1 20 20 -1 -1 20 -1 -1 -1 -1
28 -1 30 -1 -1 26 26 -1 -1 15 15 -1 -1 -1 29 -1 31 -1 -1 -1 20 20 -1 -1 -1 -1 20 -1 -1 20 20 -1 32 -1 33
28 -1 30 -1 -1 26 26 26 -1 -1 15 15 -1 -1 -1 -1 31 -1 -1 -1 -1 -1 -1 -1 20 20 20 -1 -1 -1 20 -1 -1 -1 33
-1 28 -1 -1 26 26 26 -1 -1 -1 15 -1 -1 31 31 31 31 -1 -1 34 -1 35 -1 20 20 -1 20 20 -1 20 20 -1 -1 36 -1
28 -1 -1 26 26 26 26 26 -1 15 -1 37 -1 -1 -1 -1 -1 -1 34 34 -1 -1 -1 20 -1 20 -1 -1 -1 -1 20 -1 36 36 -1
28 28 -1 -1 -1 -1 26 -1 26 -1 -1 37 -1 -1 -1 34 34 34 -1 34 34 -1 38 -1 -1 -1 20 -1 39 -1 20 -1 36 -1 -1
-1 -1 -1 -1 40 -1 -1 26 -1 -1 37 -1 41 41 -1 -1 34 34 34 34 34 -1 -1 42 -1 20 -1 -1 39 -1 -1 -1 -1 43 43
-1 44 44 44 -1 -1 -1 26 -1 37 37 37 -1 -1 -1 34 34 -1 34 -1 -1 34 -1 42 -1 -1 20 -1 39 39 39 39 -1 -1 43
44 -1 -1 44 -1 26 26 26 -1 -1 -1 37 37 37 -1 34 -1 34 -1 34 34 -1 42 42 -1 20 20 -1 39 -1 -1 -1 -1 -1 43
-1 44 -1 -1 -1 26 -1 -1 26 -1 45 -1 -1 -1 -1 34 34 34 34 -1 34 -1 -1 -1 -1 20 20 -1 -1 -1 46 -1 -1 47 -1
44 -1 -1 -1 -1 -1 48 -1 -1 -1 45 -1 49 -1 -1 -1 34 -1 -1 -1 34 34 34 -1 -1 20 20 -1 -1 46 -1 -1 -1 -1 50
-1 -1 51 -1 -1 -1 -1 48 -1 45 -1 45 -1 -1 -1 34 34 -1 -1 -1 34 -1 -1 34 34 -1 -1 -1 -1 46 -1 -1 52 -1 -1
53 -1 51 -1 51 -1 -1 -1 -1 45 45 -1 -1 -1 -1 -1 34 -1 -1 -1 -1 54 -1 34 -1 55 -1 46 -1 46 -1 -1 52 -1 -1
-1 -1 51 51 -1 51 -1 -1 -1 45 -1 -1 56 -1 -1 34 34 -1 57 57 -1 -1 -1 34 34 -1 55 -1 46 46 -1 55 -1 -1 55
51 -1 51 51 51 51 -1 58 -1 -1 -1 -1 -1 34 34 -1 -1 -1 -1 57 -1 59 -1 -1 -1 55 -1 -1 46 -1 -1 55 -1 55 55
-1 51 -1 51 -1 51 -1 -1 -1 -1 60 60 -1 34 34 -1 -1 -1 57 57 -1 -1 59 -1 -1 55 -1 -1 -1 -1 -1 55 55 55 -1
51 51 51 -1 51 -1 -1 61 -1 -1 60 -1 -1 -1 -1 -1 57 57 -1 57 -1 -1 -1 62 -1 55 55 55 -1 -1 55 -1 -1 55 55
-1 -1 51 -1 -1 -1 -1 61 -1 63 -1 60 60 -1 -1 -1 -1 57 57 -1 57 57 57 -1 -1 55 -1 55 -1 -1 55 -1 -1 -1 -1
-1 -1 -1 64 -1 -1 -1 61 -1 -1 -1 60 -1 -1 65 -1 -1 -1 -1 57 57 57 -1 66 -1 55 -1 55 55 55 55 -1 -1 -1 67
-1 68 -1 -1 -1 69 69 -1 -1 60 -1 60 -1 -1 -1 -1 -1 70 70 -1 -1 57 57 -1 -1 -1 55 -1 55 -1 -1 -1 -1 -1 -1
-1 -1 -1 71 -1 -1 -1 -1 -1 60 60 -1 -1 72 72 72 -1 70 -1 73 -1 -1 -1 -1 -1 -1 55 55 55 55 55 55 -1 -1 74
-1 -1 -1 71 71 71 -1 -1 -1 -1 -1 -1 75 -1 -1 -1 -1 -1 -1 -1 -1 76 76 -1 -1 -1 55 55 -1 -1 55 -1 -1 -1 74
-1 77 -1 71 71 -1 -1 -1 -1 -1 75 75 75 -1 78 78 -1 -1 -1 -1 76 76 76 76 -1 -1 55 -1 -1 -1 -1 -1 74 -1 74
77 77 -1 71 -1 -1 79 79 -1 80 -1 75 -1 -1 -1 -1 -1 81 -1 -1 76 -1 -1 76 76 76 -1 -1 -1 -1 82 -1 -1 74 74
-1 -1 1 -1 2 -1 3 3 3 -1 3 -1 -1 -1 4 4 -1 -1 5 -1 6 6 6 6 6 6 -1 7 -1 7 -1 -1 -1 8 -1
-1 -1 1 -1 -1 -1 -1 3 -1 3 -1 9 9 -1 -1 -1 -1 -1 5 -1 6 6 6 6 6 -1 7 7 7 -1 10 -1 -1 8 -1
1 1 1 1 1 -1 11 -1 3 3 3 -1 9 9 9 9 9 -1 5 -1 6 -1 -1 6 -1 -1 -1 -1 -1 -1 -1 -1 8 8 -1
-1 -1 -1 -1 1 -1 -1 -1 -1 3 3 -1 -1 -1 9 -1 -1 5 5 -1 -1 -1 -1 -1 12 -1 13 -1 -1 -1 8 8 -1 8 8
-1 -1 1 1 1 1 -1 -1 -1 -1 3 -1 -1 -1 -1 -1 14 -1 -1 -1 15 -1 16 -1 12 -1 13 13 -1 -1 -1 8 8 -1 8
1 1 1 1 -1 1 -1 -1 -1 -1 3 -1 14 -1 14 14 -1 -1 15 15 15 -1 -1 12 -1 13 13 -1 17 17 -1 -1 8 8 -1
1 -1 -1 -1 -1 -1 -1 -1 3 3 3 -1 14 14 14 -1 -1 -1 15 -1 -1 15 -1 -1 -1 -1 -1 -1 -1 17 17 17 -1 -1 -1
-1 -1 -1 -1 -1 -1 18 -1 -1 3 -1 -1 14 -1 14 14 -1 -1 -1 -1 -1 -1 -1 19 19 -1 17 17 17 -1 -1 -1 -1 -1 -1
-1 20 20 20 20 -1 -1 18 -1 -1 3 -1 -1 14 -1 14 14 -1 21 -1 -1 19 19 19 -1 19 -1 -1 17 17 -1 -1 -1 -1 22
-1 -1 20 -1 -1 -1 18 18 -1 3 -1 14 14 -1 -1 -1 -1 -1 -1 19 19 19 -1 -1 -1 -1 -1 17 -1 17 -1 -1 -1 22 -1
23 -1 -1 -1 -1 24 -1 -1 -1 -1 -1 14 -1 -1 25 -1 -1 19 19 19 -1 19 19 -1 -1 -1 -1 -1 17 17 -1 -1 22 22 22
-1 -1 -1 24 24 24 24 -1 -1 26 -1 -1 25 25 25 -1 19 -1 19 19 19 19 -1 -1 27 -1 -1 -1 -1 -1 28 -1 -1 22 22
-1 -1 -1 24 -1 -1 -1 -1 -1 -1 -1 -1 -1 -1 25 -1 19 19 19 19 19 -1 -1 -1 27 -1 -1 -1 -1 -1 28 28 -1 22 22
-1 -1 24 -1 -1 -1 -1 -1 -1 -1 -1 -1 29 -1 25 -1 19 -1 -1 19 -1 -1 -1 -1 27 -1 -1 -1 30 -1 28 28 -1 22 22
24 24 24 24 -1 -1 31 31 31 31 31 31 -1 -1 25 -1 19 19 19 -1 -1 -1 27 27 27 -1 32 -1 -1 30 -1 -1 28 -1 22
-1 -1 -1 -1 -1 31 31 -1 -1 31 31 -1 -1 25 -1 19 19 19 -1 27 27 27 27 27 -1 -1 -1 -1 -1 -1 28 28 -1 22 22
33 33 -1 -1 34 -1 -1 31 -1 -1 -1 -1 35 -1 -1 -1 19 -1 19 -1 -1 27 -1 27 -1 -1 27 27 27 -1 -1 -1 -1 22 -1
33 -1 -1 -1 34 -1 -1 -1 36 -1 37 -1 -1 -1 -1 19 19 -1 19 19 -1 -1 -1 27 -1 -1 -1 -1 27 -1 -1 -1 -1 -1 -1
33 -1 33 -1 -1 -1 -1 38 -1 -1 -1 -1 -1 -1 -1 -1 19 19 19 19 19 -1 27 27 27 27 27 27 27 -1 39 -1 -1 -1 -1
33 33 -1 -1 38 38 38 -1 -1 -1 40 -1 41 -1 -1 -1 -1 -1 -1 -1 -1 -1 -1 27 -1 -1 -1 -1 -1 -1 39 39 -1 -1 -1
33 33 -1 42 -1 -1 -1 -1 -1 -1 40 -1 41 -1 -1 -1 43 43 -1 -1 -1 27 27 -1 27 27 27 27 27 -1 39 -1 39 39 39
33 -1 42 -1 -1 44 -1 -1 40 40 -1 41 -1 -1 -1 -1 -1 43 -1 27 27 -1 27 -1 27 -1 -1 -1 -1 39 -1 -1 -1 -1 -1
33 -1 42 42 -1 -1 -1 40 40 -1 -1 -1 41 41 -1 45 45 -1 43 -1 -1 -1 -1 27 27 -1 -1 46 -1 -1 -1 47 -1 -1 -1
-1 -1 42 -1 48 -1 40 -1 -1 -1 -1 -1 41 -1 -1 45 -1 -1 -1 49 -1 -1 -1 27 27 27 -1 -1 -1 -1 -1 47 -1 50 -1
-1 48 -1 -1 48 -1 -1 40 40 -1 -1 -1 -1 41 -1 -1 45 -1 49 49 -1 -1 51 -1 -1 -1 -1 52 -1 -1 53 -1 -1 -1 50
-1 48 -1 -1 48 -1 40 -1 -1 40 40 -1 -1 -1 -1 45 -1 -1 -1 -1 51 51 51 -1 -1 54 -1 52 -1 -1 -1 55 -1 50 50
-1 48 -1 48 48 -1 -1 40 -1 40 40 40 -1 45 45 45 -1 56 56 -1 51 -1 -1 -1 51 -1 54 -1 -1 -1 -1 -1 -1 50 -1
48 -1 -1 48 -1 -1 -1 40 40 -1 -1 -1 45 -1 45 -1 -1 -1 -1 51 51 51 -1 51 -1 54 54 54 54 -1 54 -1 50 -1 -1
48 48 48 -1 48 -1 40 40 40 -1 45 45 45 45 -1 45 45 45 -1 51 -1 -1 51 -1 51 -1 -1 -1 -1 54 54 -1 -1 50 -1
-1 -1 48 48 -1 -1 40 -1 40 -1 -1 45 -1 45 -1 45 45 -1 51 -1 -1 51 -1 51 -1 -1 51 -1 54 -1 54 -1 -1 -1 57
48 48 -1 48 -1 48 -1 -1 -1 -1 45 45 -1 45 -1 -1 -1 -1 -1 51 51 51 51 -1 51 -1 51 51 -1 54 -1 -1 58 -1 -1
-1 48 -1 48 48 48 -1 59 -1 -1 -1 -1 -1 -1 60 -1 -1 -1 51 -1 -1 -1 51 -1 51 51 -1 51 -1 -1 61 -1 -1 -1 -1
-1 -1 48 48 48 -1 48 -1 -1 62 -1 -1 63 -1 60 60 -1 -1 51 51 51 -1 51 -1 -1 -1 51 -1 -1 -1 61 61 61 61 -1
-1 -1 48 -1 48 -1 -1 -1 -1 62 62 -1 63 -1 -1 -1 -1 -1 51 -1 51 51 51 -1 51 51 51 51 -1 -1 61 -1 -1 61 -1
64 -1 48 48 48 -1 -1 -1 65 -1 62 62 -1 63 -1 -1 -1 -1 -1 51 -1 -1 -1 51 51 51 -1 -1 -1 66 -1 -1 -1 -1 -1
-1 -1 -1 -1 1 1 1 1 1 -1 2 -1 2 -1 3 3 -1 -1 -1 4 -1 -1 -1 5 -1 -1 -1 6 -1 -1 -1 -1 7 7 7
8 -1 -1 1 -1 -1 -1 1 -1 2 -1 -1 2 -1 -1 3 3 -1 4 -1 -1 -1 -1 -1 -1 -1 -1 -1 -1 9 -1 7 -1 7 -1
8 -1 -1 1 -1 -1 10 -1 -1 -1 2 2 -1 2 -1 -1 -1 3 -1 -1 9 9 9 9 -1 11 -1 9 9 9 -1 7 7 7 -1
8 8 -1 -1 -1 -1 -1 12 -1 2 2 2 2 2 2 -1 -1 -1 9 -1 9 -1 -1 9 -1 -1 -1 -1 9 -1 7 -1 7 7 -1
8 8 8 8 -1 -1 12 12 12 -1 2 -1 -1 2 -1 -1 -1 -1 9 9 -1 -1 -1 9 -1 9 9 9 9 -1 -1 -1 -1 -1 -1
8 -1 -1 8 8 -1 12 -1 -1 -1 -1 -1 2 -1 -1 -1 -1 -1 9 9 9 9 9 9 9 -1 9 -1 9 9 -1 -1 13 13 13
-1 -1 -1 -1 -1 -1 12 -1 14 -1 15 15 -1 -1 -1 -1 -1 -1 9 -1 -1 9 -1 -1 -1 -1 -1 9 9 9 -1 -1 13 13 13
-1 -1 -1 -1 12 12 -1 -1 14 -1 15 -1 -1 16 -1 -1 -1 -1 -1 -1 9 9 -1 -1 9 -1 9 9 9 9 -1 13 -1 13 13
-1 -1 -1 17 -1 -1 -1 18 -1 -1 15 -1 19 -1 16 -1 20 -1 21 21 -1 9 -1 9 9 9 -1 -1 -1 9 9 -1 -1 13 -1
22 -1 17 -1 -1 -1 18 18 -1 15 -1 -1 -1 -1 -1 -1 -1 -1 21 -1 -1 9 9 -1 9 -1 23 -1 -1 -1 9 -1 -1 13 -1
22 -1 -1 -1 24 -1 18 -1 18 -1 15 15 -1 -1 -1 -1 -1 -1 21 -1 25 -1 9 -1 -1 -1 -1 -1 26 -1 -1 -1 -1 -1 -1
-1 24 24 24 24 -1 18 18 18 -1 -1 -1 -1 -1 27 27 -1 -1 -1 25 -1 -1 9 9 -1 28 28 -1 -1 -1 29 -1 30 30 -1
-1 24 -1 -1 -1 -1 -1 -1 -1 -1 -1 31 -1 -1 27 27 -1 25 25 25 -1 -1 -1 9 -1 28 28 28 28 -1 29 -1 -1 -1 30
24 24 -1 -1 32 32 -1 31 31 -1 31 -1 33 -1 27 -1 -1 25 -1 -1 -1 34 -1 -1 28 -1 -1 -1 -1 -1 -1 -1 -1 -1 -1
-1 -1 -1 -1 -1 -1 32 -1 -1 31 31 31 -1 33 -1 27 -1 -1 -1 -1 -1 -1 -1 -1 -1 -1 -1 -1 35 -1 -1 36 -1 -1 -1
-1 -1 -1 -1 37 -1 32 -1 -1 31 31 -1 -1 -1 -1 -1 -1 -1 38 -1 38 -1 -1 39 -1 -1 -1 35 -1 -1 36 -1 40 -1 -1
-1 -1 41 -1 -1 -1 -1 32 32 -1 -1 -1 -1 -1 -1 -1 -1 38 38 -1 38 -1 -1 -1 -1 -1 42 -1 35 -1 -1 36 -1 40 -1
-1 -1 -1 32 32 32 -1 -1 32 32 32 -1 -1 -1 -1 38 38 38 38 38 -1 -1 43 -1 -1 -1 -1 35 -1 36 36 -1 40 40 40
-1 32 32 -1 32 32 32 32 32 32 -1 -1 -1 44 -1 -1 38 -1 -1 38 -1 45 -1 43 -1 -1 46 -1 -1 36 -1 -1 -1 40 -1
-1 -1 32 32 -1 -1 -1 32 -1 -1 -1 44 44 -1 -1 -1 38 -1 -1 -1 -1 -1 43 -1 -1 -1 -1 47 -1 -1 -1 40 -1 40 40
-1 32 32 -1 32 32 -1 32 32 32 32 -1 -1 44 -1 -1 38 38 -1 48 -1 -1 -1 -1 -1 49 -1 -1 -1 40 40 -1 40 40 40
-1 32 32 32 32 32 -1 -1 32 -1 -1 50 -1 -1 38 38 -1 38 -1 48 48 -1 51 -1 49 49 -1 -1 -1 -1 40 40 40 40 -1
-1 32 32 -1 32 32 -1 -1 -1 32 32 -1 -1 -1 38 38 -1 38 -1 48 -1 -1 -1 -1 -1 -1 49 49 49 -1 40 -1 40 -1 -1
-1 -1 32 -1 -1 -1 -1 -1 -1 -1 -1 -1 -1 -1 -1 38 -1 -1 -1 -1 49 -1 49 49 49 49 -1 49 49 -1 -1 -1 -1 -1 -1
52 -1 32 -1 53 -1 54 -1 -1 -1 -1 -1 -1 -1 -1 -1 38 38 -1 49 49 49 49 -1 -1 49 -1 49 49 -1 -1 -1 55 -1 -1
-1 32 -1 -1 53 -1 -1 -1 -1 -1 -1 -1 56 -1 -1 -1 -1 38 -1 49 -1 49 -1 -1 -1 49 -1 -1 -1 57 57 -1 55 -1 -1
-1 -1 -1 58 -1 -1 56 56 56 56 56 56 56 -1 59 59 -1 -1 -1 -1 -1 49 -1 49 -1 -1 -1 57 57 57 -1 -1 -1 -1 -1
-1 58 58 -1 -1 56 56 -1 -1 -1 -1 56 56 -1 -1 -1 -1 60 -1 61 -1 49 49 -1 -1 -1 57 -1 -1 57 57 57 -1 -1 -1
-1 58 58 58 -1 56 -1 56 -1 -1 56 56 -1 -1 -1 62 -1 -1 -1 61 -1 -1 -1 -1 -1 -1 57 -1 -1 -1 57 57 -1 -1 -1
58 -1 -1 58 -1 -1 56 -1 56 56 -1 -1 -1 -1 -1 -1 -1 -1 61 -1 -1 63 63 63 -1 57 -1 -1 -1 57 57 57 57 -1 64
58 58 -1 58 -1 -1 -1 -1 -1 -1 56 56 -1 65 65 65 -1 61 61 -1 -1 63 63 -1 -1 -1 -1 -1 -1 -1 57 57 -1 -1 -1
-1 -1 58 -1 -1 58 58 -1 56 56 56 -1 65 -1 -1 -1 61 61 -1 -1 -1 63 -1 -1 -1 66 66 66 -1 57 -1 -1 67 67 67
68 -1 -1 58 58 58 58 -1 56 -1 -1 -1 -1 -1 69 -1 61 -1 61 -1 -1 63 -1 -1 -1 66 -1 -1 66 -1 57 -1 -1 67 -1
-1 -1 -1 -1 -1 -1 -1 -1 56 -1 70 -1 -1 -1 -1 -1 -1 61 -1 -1 63 -1 71 71 -1 -1 72 -1 -1 57 -1 -1 -1 -1 -1
73 73 -1 74 -1 -1 75 75 -1 -1 -1 70 -1 -1 -1 76 76 -1 -1 77 -1 -1 -1 71 71 71 -1 -1 -1 -1 57 57 57 57 57
-1 -1 1 1 1 1 1 1 1 -1 2 -1 -1 -1 -1 -1 -1 3 3 3 3 -1 4 4 4 -1 -1 5 -1 -1 -1 -1 6 -1 -1
-1 1 -1 -1 -1 1 -1 1 -1 -1 2 -1 2 2 -1 -1 -1 3 -1 3 3 -1 -1 -1 4 4 -1 5 -1 -1 7 -1 -1 7 7
8 -1 1 1 -1 -1 -1 -1 -1 2 2 2 -1 2 -1 -1 -1 -1 -1 -1 3 -1 -1 4 4 -1 4 -1 -1 9 -1 7 7 7 7
8 -1 1 -1 -1 -1 -1 10 -1 2 2 2 2 -1 -1 -1 -1 -1 -1 3 -1 -1 -1 -1 -1 4 4 -1 -1 -1 -1 7 7 7 -1
-1 -1 1 -1 -1 -1 -1 -1 -1 -1 -1 -1 2 -1 11 -1 -1 -1 -1 -1 -1 12 -1 -1 -1 -1 -1 4 -1 -1 -1 7 -1 7 7
1 1 1 -1 -1 -1 -1 -1 -1 -1 -1 2 2 -1 -1 -1 -1 12 12 -1 12 12 -1 -1 13 -1 4 -1 -1 7 7 -1 -1 7 7
-1 -1 -1 -1 -1 -1 14 -1 15 -1 -1 -1 -1 -1 16 -1 -1 -1 12 -1 -1 -1 12 -1 -1 13 -1 4 -1 -1 7 -1 -1 -1 -1
-1 17 -1 -1 -1 14 14 -1 -1 18 -1 19 -1 16 16 -1 -1 12 -1 -1 -1 12 -1 -1 13 -1 4 4 4 -1 7 -1 -1 -1 20
-1 -1 17 -1 -1 -1 14 14 -1 -1 -1 -1 -1 -1 -1 -1 -1 12 12 12 12 12 12 12 -1 -1 -1 -1 -1 4 -1 7 7 -1 20
17 17 17 -1 -1 -1 -1 14 -1 21 21 -1 -1 -1 22 -1 12 -1 -1 -1 -1 12 12 -1 -1 -1 -1 4 4 -1 -1 -1 -1 20 -1
17 17 -1 -1 -1 -1 -1 -1 -1 21 -1 -1 23 -1 22 22 -1 -1 -1 -1 -1 -1 12 -1 12 12 12 -1 4 4 4 4 -1 -1 -1
17 -1 -1 -1 -1 -1 24 24 -1 -1 -1 -1 -1 -1 22 22 -1 -1 25 -1 26 -1 12 12 -1 12 -1 -1 -1 -1 4 -1 27 -1 -1
17 -1 -1 -1 28 28 -1 -1 24 24 24 24 -1 -1 22 22 -1 29 -1 -1 -1 26 -1 -1 -1 -1 -1 4 -1 4 4 -1 -1 -1 30
17 -1 -1 -1 -1 -1 31 -1 -1 -1 -1 24 -1 -1 22 -1 -1 29 -1 32 -1 26 -1 33 -1 4 4 -1 4 4 -1 -1 -1 -1 -1
17 -1 34 -1 35 -1 31 -1 -1 36 -1 -1 -1 -1 -1 -1 -1 29 -1 -1 32 -1 -1 -1 -1 4 -1 4 4 4 -1 -1 -1 37 37
-1 -1 -1 35 -1 31 -1 -1 -1 36 36 -1 -1 -1 -1 -1 29 29 -1 -1 -1 38 -1 -1 -1 -1 -1 -1 -1 4 -1 -1 -1 37 -1
-1 -1 39 -1 35 -1 -1 40 -1 -1 -1 -1 -1 29 29 29 29 -1 29 29 -1 38 38 38 -1 -1 41 41 41 -1 -1 41 -1 37 -1
-1 39 -1 -1 35 -1 -1 40 -1 42 -1 -1 -1 -1 -1 29 29 -1 -1 29 -1 -1 -1 -1 -1 -1 41 -1 -1 -1 41 -1 37 -1 -1
-1 39 39 39 -1 35 -1 -1 40 -1 -1 29 29 -1 -1 -1 29 29 -1 -1 -1 -1 -1 -1 41 41 41 41 -1 -1 -1 41 -1 -1 43
-1 39 39 -1 -1 -1 -1 -1 40 40 -1 -1 29 -1 -1 -1 29 -1 -1 -1 44 -1 -1 -1 -1 -1 41 41 41 -1 41 41 -1 43 -1
-1 39 -1 -1 -1 -1 -1 45 -1 40 40 -1 -1 29 -1 29 29 29 -1 -1 44 -1 -1 -1 -1 46 -1 41 -1 41 41 -1 -1 43 -1
-1 -1 47 -1 -1 -1 45 45 -1 -1 40 -1 29 29 29 -1 29 29 -1 -1 -1 -1 -1 -1 -1 -1 41 41 -1 -1 -1 43 43 -1 -1
-1 47 47 47 -1 48 -1 -1 45 -1 -1 -1 -1 29 29 29 -1 29 -1 -1 49 49 49 -1 -1 49 -1 -1 -1 -1 -1 -1 -1 -1 -1
47 47 47 -1 -1 -1 45 45 -1 50 50 -1 29 29 29 -1 -1 -1 -1 -1 -1 49 -1 49 49 49 49 -1 -1 51 51 -1 52 52 -1
47 -1 -1 -1 45 45 45 -1 -1 -1 50 -1 -1 -1 29 -1 49 49 -1 53 -1 49 -1 49 49 -1 -1 -1 -1 51 51 -1 52 -1 -1
47 47 -1 45 45 -1 -1 -1 -1 50 50 -1 -1 29 -1 49 49 49 -1 -1 49 49 49 -1 49 -1 49 -1 -1 -1 -1 -1 52 -1 54
-1 -1 -1 45 -1 45 -1 -1 -1 -1 -1 50 -1 -1 29 -1 49 -1 -1 49 49 49 -1 49 -1 49 49 49 49 -1 -1 -1 52 -1 -1
55 -1 -1 45 -1 45 45 -1 -1 -1 50 50 -1 -1 29 -1 49 49 49 -1 49 -1 49 -1 -1 -1 49 -1 49 49 49 -1 52 -1 -1
55 -1 -1 45 45 45 45 45 45 45 -1 -1 50 -1 -1 -1 -1 -1 49 -1 49 -1 -1 -1 -1 49 49 49 -1 -1 49 49 -1 52 52
-1 -1 45 -1 -1 -1 -1 45 -1 -1 -1 -1 -1 56 -1 -1 -1 -1 -1 -1 49 -1 -1 57 -1 -1 49 49 -1 -1 49 -1 -1 -1 52
-1 58 -1 -1 59 -1 45 45 -1 -1 60 60 -1 -1 56 -1 61 61 -1 -1 49 -1 62 -1 57 57 -1 49 -1 -1 -1 -1 63 -1 52
-1 -1 64 -1 59 -1 45 -1 65 -1 -1 -1 56 56 -1 61 -1 -1 66 -1 -1 -1 -1 -1 57 -1 -1 49 49 -1 -1 63 -1 52 -1
-1 67 -1 -1 59 -1 -1 -1 -1 65 -1 -1 -1 -1 -1 61 -1 -1 66 -1 -1 -1 -1 -1 57 -1 49 49 49 -1 63 63 63 -1 -1
-1 67 -1 59 -1 -1 68 -1 -1 -1 69 69 -1 70 -1 -1 71 -1 -1 -1 72 -1 73 -1 -1 -1 49 -1 -1 63 -1 -1 -1 74 74
-1 -1 -1 -1 -1 75 -1 -1 -1 69 69 69 69 -1 -1 -1 -1 -1 76 -1 72 -1 73 73 73 73 -1 -1 -1 63 -1 -1 77 -1 -1
-1 1 -1 -1 -1 -1 2 -1 2 2 2 -1 -1 -1 -1 -1 2 -1 -1 -1 -1 3 -1 -1 -1 4 -1 4 -1 -1 -1 5 -1 -1 6
1 -1 -1 -1 1 -1 2 2 2 -1 2 -1 -1 -1 2 2 2 2 -1 -1 -1 -1 -1 4 4 4 4 -1 -1 4 -1 -1 7 -1 -1
1 -1 -1 1 1 -1 -1 -1 2 -1 -1 2 2 2 2 2 2 2 2 -1 -1 8 -1 -1 4 -1 4 4 4 4 -1 -1 -1 -1 9
1 -1 1 1 -1 -1 -1 2 -1 2 2 -1 -1 -1 -1 -1 -1 -1 -1 -1 8 8 -1 -1 4 4 -1 -1 -1 -1 -1 10 -1 -1 9
1 1 1 -1 1 1 1 -1 2 -1 -1 -1 -1 -1 11 -1 -1 12 12 -1 8 8 -1 -1 4 -1 -1 -1 13 -1 -1 -1 -1 14 -1
-1 -1 -1 -1 -1 -1 -1 -1 -1 -1 11 -1 11 11 11 -1 12 12 12 -1 -1 -1 15 -1 -1 16 16 -1 -1 17 17 17 -1 14 14
-1 18 -1 19 -1 -1 -1 -1 11 11 11 11 11 -1 -1 -1 -1 -1 -1 -1 20 -1 -1 -1 -1 -1 -1 16 -1 -1 -1 17 -1 14 -1
-1 -1 -1 -1 -1 21 -1 -1 11 -1 -1 11 -1 -1 -1 22 -1 23 23 -1 20 20 20 20 20 -1 -1 16 16 -1 17 -1 14 14 -1
24 -1 -1 -1 -1 21 -1 25 -1 11 -1 11 -1 -1 -1 22 22 -1 23 -1 -1 20 -1 20 -1 -1 -1 16 -1 16 -1 17 -1 14 -1
-1 -1 26 -1 -1 -1 -1 -1 -1 11 -1 11 11 -1 22 -1 -1 -1 23 -1 -1 20 -1 -1 -1 20 -1 -1 16 -1 17 -1 14 14 -1
26 26 26 -1 -1 -1 -1 27 27 -1 11 -1 -1 -1 -1 22 -1 -1 -1 23 -1 -1 20 -1 -1 20 20 -1 16 -1 -1 -1 14 14 14
-1 26 26 -1 -1 -1 -1 -1 -1 -1 -1 22 22 22 22 -1 28 -1 -1 -1 -1 20 20 20 20 -1 -1 16 -1 14 -1 -1 -1 -1 14
29 -1 -1 26 26 -1 30 -1 31 -1 -1 22 22 22 22 22 -1 28 -1 -1 -1 -1 -1 -1 20 20 -1 16 -1 -1 14 14 14 14 14
-1 -1 26 -1 26 -1 -1 -1 -1 26 -1 -1 -1 -1 -1 -1 28 -1 -1 -1 32 32 -1 -1 -1 -1 -1 -1 -1 14 -1 14 14 14 -1
-1 -1 -1 26 -1 26 26 26 26 26 -1 -1 -1 28 -1 -1 28 -1 33 -1 32 -1 32 -1 -1 34 -1 -1 -1 14 14 -1 14 14 -1
-1 -1 26 -1 26 26 -1 -1 -1 26 -1 -1 -1 28 -1 28 -1 -1 33 -1 -1 -1 -1 -1 34 -1 -1 -1 -1 14 -1 14 -1 -1 35
-1 -1 -1 -1 -1 -1 -1 36 36 -1 -1 -1 28 28 28 -1 28 28 -1 -1 37 -1 -1 -1 -1 34 34 -1 38 -1 14 14 -1 -1 -1
39 39 -1 -1 40 -1 36 -1 36 -1 -1 28 -1 28 -1 -1 28 28 -1 37 37 37 37 37 -1 34 -1 -1 -1 14 -1 14 14 -1 -1
39 -1 -1 41 -1 -1 36 -1 36 -1 -1 -1 -1 -1 28 28 28 -1 -1 -1 37 37 37 -1 -1 -1 34 -1 42 -1 -1 14 14 14 -1
-1 43 -1 -1 44 -1 -1 36 36 36 -1 45 -1 -1 28 -1 -1 -1 -1 37 37 -1 37 -1 -1 -1 -1 -1 -1 -1 -1 14 -1 14 -1
43 43 -1 44 44 44 -1 36 -1 -1 36 -1 -1 -1 -1 -1 46 -1 47 -1 -1 37 37 -1 48 48 -1 -1 48 -1 14 14 -1 14 -1
-1 -1 -1 44 -1 -1 36 -1 -1 36 -1 -1 -1 -1 -1 46 -1 -1 -1 -1 -1 37 -1 -1 48 48 48 48 -1 -1 -1 -1 -1 14 -1
49 -1 50 -1 -1 36 36 36 -1 -1 -1 51 51 -1 -1 46 -1 37 37 37 -1 37 37 37 -1 48 -1 -1 48 48 48 48 48 -1 -1
-1 50 -1 -1 -1 -1 -1 36 -1 -1 -1 -1 -1 46 46 -1 -1 37 -1 37 37 -1 37 -1 48 -1 -1 -1 48 -1 -1 48 -1 -1 -1
-1 50 50 50 -1 -1 -1 36 36 36 36 -1 -1 46 46 -1 52 -1 -1 37 37 -1 -1 -1 -1 -1 53 -1 -1 -1 -1 48 -1 -1 54
-1 50 50 -1 -1 -1 36 -1 -1 -1 -1 55 -1 46 -1 -1 52 52 -1 -1 37 -1 -1 -1 56 -1 -1 56 -1 56 -1 48 -1 54 -1
57 -1 -1 -1 58 -1 -1 -1 59 59 -1 -1 55 -1 46 -1 52 -1 -1 -1 -1 37 37 -1 56 -1 -1 -1 56 56 56 -1 -1 -1 -1
57 57 -1 -1 58 -1 59 59 -1 -1 -1 55 -1 -1 -1 -1 -1 -1 -1 -1 -1 -1 -1 56 -1 -1 60 -1 -1 -1 56 -1 -1 61 61
-1 -1 -1 -1 -1 -1 -1 59 -1 -1 -1 -1 -1 62 -1 -1 -1 -1 63 -1 -1 64 64 -1 56 -1 -1 -1 -1 56 56 -1 -1 -1 61
65 -1 -1 -1 66 66 -1 -1 -1 -1 67 -1 -1 -1 63 63 63 63 -1 -1 -1 -1 -1 56 56 -1 56 56 56 56 -1 -1 68 -1 -1
-1 -1 -1 -1 66 -1 -1 69 -1 -1 -1 -1 -1 -1 -1 63 63 -1 -1 -1 -1 -1 70 -1 -1 56 56 -1 -1 56 -1 -1 -1 -1 71
72 -1 -1 -1 -1 73 -1 69 69 -1 74 -1 -1 -1 -1 -1 -1 75 -1 75 -1 -1 70 -1 -1 -1 56 56 -1 -1 -1 -1 -1 -1 -1
72 72 72 -1 72 -1 -1 -1 69 -1 -1 -1 76 -1 -1 -1 75 75 -1 75 -1 56 -1 -1 56 56 56 -1 56 -1 77 -1 -1 -1 -1
-1 -1 72 72 -1 -1 78 -1 -1 79 -1 76 -1 76 -1 75 75 75 75 -1 -1 56 56 -1 56 56 56 56 -1 77 77 -1 80 -1 -1
-1 -1 72 -1 72 72 -1 78 78 -1 -1 -1 76 76 76 -1 -1 75 75 -1 -1 -1 56 56 56 56 56 -1 -1 -1 -1 77 -1 -1 81
-1 -1 1 -1 -1 -1 1 -1 1 1 1 -1 -1 -1 -1 2 2 2 -1 -1 3 3 -1 -1 4 -1 -1 5 -1 6 -1 -1 -1 -1 -1
-1 1 -1 1 -1 -1 1 1 1 1 1 -1 -1 -1 2 -1 -1 -1 -1 -1 -1 -1 7 -1 -1 8 -1 -1 6 -1 -1 9 -1 -1 10
-1 1 1 1 1 1 1 1 -1 -1 -1 1 1 1 -1 -1 -1 -1 -1 -1 -1 -1 7 -1 -1 8 -1 -1 -1 -1 11 -1 -1 -1 -1
-1 1 -1 1 -1 1 1 -1 12 -1 1 -1 -1 1 -1 -1 -1 13 -1 14 -1 7 -1 7 -1 -1 15 -1 16 -1 -1 -1 -1 -1 -1
-1 -1 -1 1 -1 -1 -1 1 -1 -1 1 -1 -1 1 1 -1 -1 -1 -1 14 -1 -1 7 7 -1 15 15 -1 -1 16 16 -1 17 -1 -1
-1 -1 -1 -1 18 -1 1 -1 -1 -1 -1 1 1 1 -1 -1 19 -1 14 -1 -1 -1 -1 -1 -1 -1 -1 -1 -1 -1 -1 17 -1 17 17
-1 -1 -1 18 18 -1 -1 -1 -1 -1 -1 -1 1 1 1 -1 -1 -1 -1 14 14 14 14 -1 20 20 20 20 -1 -1 -1 -1 17 -1 17
-1 -1 -1 -1 18 -1 1 1 -1 -1 1 -1 1 -1 1 -1 -1 21 -1 -1 -1 -1 14 -1 -1 20 -1 -1 17 -1 -1 17 17 17 -1
22 -1 -1 18 18 18 -1 -1 1 1 1 -1 1 -1 1 -1 -1 -1 21 -1 23 -1 14 -1 24 -1 -1 25 -1 17 17 17 -1 -1 -1
-1 -1 -1 -1 -1 18 -1 -1 1 1 1 1 1 -1 -1 -1 21 21 -1 23 -1 -1 -1 -1 -1 25 25 25 -1 -1 -1 17 17 -1 -1
-1 26 26 -1 18 18 18 18 -1 -1 -1 -1 1 1 1 -1 -1 21 -1 -1 23 -1 23 23 -1 -1 -1 25 25 -1 25 -1 -1 -1 -1
-1 -1 -1 18 -1 18 -1 -1 -1 1 1 1 -1 -1 -1 -1 -1 -1 -1 23 23 23 -1 -1 -1 -1 25 25 -1 25 -1 -1 -1 27 27
-1 -1 -1 -1 18 -1 18 -1 18 -1 -1 -1 -1 28 28 28 -1 -1 -1 -1 23 -1 -1 29 -1 -1 -1 -1 25 25 25 -1 25 -1 27
-1 30 30 -1 18 18 18 18 -1 31 31 -1 28 -1 -1 -1 -1 -1 -1 23 23 23 -1 -1 -1 32 32 -1 -1 25 25 -1 25 -1 -1
33 -1 30 -1 -1 18 -1 -1 -1 31 -1 31 -1 -1 34 34 34 34 -1 -1 23 23 -1 -1 -1 -1 -1 32 -1 -1 25 25 25 -1 -1
33 -1 30 -1 -1 -1 -1 -1 -1 31 -1 31 -1 -1 -1 -1 34 34 -1 23 -1 -1 35 -1 -1 -1 32 -1 -1 25 -1 25 25 -1 -1
33 33 -1 -1 36 -1 36 36 -1 -1 -1 31 -1 31 -1 -1 -1 -1 -1 23 -1 37 -1 35 -1 -1 32 -1 38 -1 -1 25 25 -1 -1
-1 -1 -1 36 36 36 36 -1 39 -1 -1 31 31 31 -1 -1 40 -1 -1 -1 37 37 -1 35 -1 -1 -1 38 -1 -1 -1 25 -1 -1 41
-1 -1 -1 -1 36 -1 -1 -1 -1 39 -1 -1 31 31 -1 40 40 -1 -1 42 -1 -1 37 -1 -1 -1 38 38 -1 43 -1 -1 25 -1 -1
-1 -1 -1 36 36 -1 44 -1 39 -1 31 -1 -1 31 -1 -1 -1 45 -1 -1 -1 -1 -1 -1 -1 38 38 -1 -1 -1 -1 25 -1 -1 -1
-1 -1 -1 -1 -1 -1 -1 44 -1 -1 31 31 31 31 -1 -1 -1 -1 45 45 45 -1 -1 -1 -1 -1 38 -1 -1 -1 25 25 25 25 25
-1 46 -1 46 -1 47 -1 44 -1 -1 31 -1 -1 -1 -1 -1 -1 -1 -1 -1 -1 -1 -1 -1 48 -1 -1 49 -1 -1 25 -1 25 -1 -1
-1 46 46 46 46 -1 -1 -1 -1 -1 31 31 -1 -1 -1 50 -1 51 -1 -1 52 52 -1 48 48 -1 49 49 -1 53 -1 -1 -1 -1 -1
46 46 -1 46 -1 -1 54 -1 -1 -1 31 -1 55 55 -1 -1 -1 51 -1 -1 52 -1 -1 -1 -1 -1 -1 49 -1 -1 56 -1 -1 57 -1
-1 -1 -1 -1 -1 -1 -1 -1 -1 58 -1 -1 55 55 -1 59 59 -1 -1 52 52 -1 -1 -1 60 60 -1 49 -1 -1 56 -1 -1 -1 -1
-1 61 61 61 -1 62 -1 58 58 -1 -1 55 55 -1 59 59 -1 59 -1 52 -1 -1 63 -1 -1 -1 49 -1 64 -1 56 -1 -1 65 -1
61 61 -1 -1 -1 -1 -1 -1 -1 -1 -1 -1 -1 55 -1 59 -1 59 -1 -1 -1 63 63 -1 -1 -1 49 -1 64 -1 -1 56 -1 -1 -1
-1 -1 66 66 66 -1 -1 55 -1 -1 55 55 55 -1 -1 59 59 59 -1 -1 63 63 -1 -1 -1 49 49 -1 -1 -1 56 56 -1 67 67
-1 66 -1 -1 66 -1 -1 55 55 55 55 -1 -1 -1 -1 -1 -1 -1 -1 68 -1 -1 63 -1 -1 -1 -1 -1 -1 -1 56 -1 -1 67 -1
-1 66 66 -1 66 66 -1 -1 55 -1 55 55 -1 69 -1 70 -1 68 68 -1 -1 -1 -1 -1 71 71 -1 -1 -1 -1 -1 72 -1 -1 -1
73 -1 -1 66 66 66 -1 -1 -1 -1 -1 -1 -1 69 -1 -1 70 -1 68 68 -1 -1 74 -1 71 71 71 -1 -1 -1 72 72 -1 -1 75
73 -1 -1 66 66 -1 -1 -1 -1 -1 -1 -1 -1 -1 -1 -1 70 -1 -1 -1 74 74 74 -1 71 -1 -1 76 -1 72 -1 -1 72 -1 75
-1 73 -1 -1 66 66 -1 -1 -1 -1 -1 -1 -1 -1 77 -1 -1 70 -1 74 74 -1 -1 -1 71 -1 -1 -1 76 -1 72 72 72 -1 -1
-1 -1 -1 -1 66 -1 78 -1 79 -1 -1 -1 77 77 -1 77 -1 70 -1 -1 -1 -1 80 -1 -1 -1 80 -1 -1 -1 -1 -1 -1 81 -1
-1 82 -1 -1 -1 -1 78 -1 79 -1 83 -1 -1 -1 77 77 77 -1 -1 -1 -1 84 -1 80 80 80 80 -1 -1 85 -1 -1 -1 81 -1
-1 -1 -1 1 -1 -1 2 -1 3 3 3 -1 4 4 4 -1 -1 -1 -1 -1 -1 -1 5 -1 -1 -1 -1 6 -1 -1 -1 7 7 -1 -1
-1 -1 1 -1 -1 -1 -1 -1 -1 3 -1 -1 -1 4 4 4 4 -1 -1 8 8 -1 -1 -1 9 9 -1 6 -1 7 7 -1 -1 -1 -1
-1 10 -1 1 -1 11 11 11 -1 3 -1 -1 -1 -1 -1 -1 4 4 -1 8 -1 -1 -1 -1 -1 9 -1 -1 -1 -1 7 7 -1 -1 -1
-1 -1 -1 1 -1 -1 11 -1 3 -1 12 -1 -1 -1 4 4 -1 4 -1 -1 -1 13 -1 -1 9 -1 -1 -1 -1 7 -1 -1 -1 -1 -1
1 1 -1 1 1 -1 -1 -1 -1 3 -1 -1 14 -1 4 -1 -1 4 4 -1 -1 -1 13 -1 -1 -1 -1 -1 7 7 7 7 7 -1 -1
-1 1 1 -1 1 1 -1 -1 -1 -1 -1 -1 14 -1 -1 -1 4 -1 4 4 -1 -1 13 -1 -1 15 -1 -1 -1 -1 -1 -1 -1 16 16
1 1 -1 -1 1 -1 1 1 -1 1 -1 17 -1 -1 -1 -1 -1 -1 -1 4 -1 13 13 -1 18 -1 15 15 -1 19 -1 -1 -1 -1 -1
-1 -1 20 -1 -1 -1 -1 1 1 1 -1 -1 21 21 -1 -1 -1 -1 -1 -1 13 -1 13 -1 -1 -1 -1 -1 19 19 -1 -1 19 -1 22
23 -1 -1 20 20 20 20 -1 -1 1 1 -1 21 -1 -1 24 -1 -1 25 25 -1 -1 -1 -1 -1 26 26 -1 19 19 -1 19 19 -1 22
-1 27 -1 -1 -1 20 -1 -1 -1 1 -1 -1 -1 28 -1 24 -1 25 -1 25 -1 -1 -1 -1 26 -1 -1 -1 -1 19 19 19 19 -1 22
-1 27 27 -1 -1 20 -1 1 -1 1 1 -1 -1 28 -1 -1 -1 25 -1 25 -1 29 -1 -1 26 -1 -1 19 19 19 19 19 -1 19 -1
27 -1 27 27 -1 -1 -1 1 1 1 1 -1 28 28 -1 -1 -1 -1 25 25 -1 -1 -1 -1 -1 -1 -1 -1 -1 19 -1 19 19 -1 -1
-1 27 27 27 27 27 -1 -1 -1 1 1 -1 28 28 28 -1 30 -1 25 25 -1 31 -1 -1 -1 32 -1 -1 19 -1 19 19 -1 19 19
27 27 -1 27 -1 -1 33 -1 1 -1 -1 28 28 -1 -1 -1 -1 25 -1 -1 31 31 -1 -1 -1 -1 19 19 19 19 19 19 19 19 -1
-1 -1 -1 -1 27 -1 -1 -1 1 1 -1 -1 -1 28 28 -1 -1 -1 25 25 -1 -1 -1 -1 -1 -1 -1 19 -1 19 19 -1 -1 -1 19
-1 -1 34 -1 27 27 -1 -1 -1 -1 -1 28 -1 28 -1 -1 -1 -1 25 25 25 25 -1 -1 19 -1 19 19 -1 19 -1 -1 -1 19 -1
34 34 34 -1 -1 -1 -1 -1 35 35 -1 28 -1 28 -1 36 36 36 -1 25 25 -1 25 -1 -1 19 19 19 19 -1 -1 -1 -1 -1 -1
34 -1 -1 37 -1 35 35 35 -1 -1 -1 28 28 -1 -1 -1 36 -1 -1 -1 -1 25 -1 -1 -1 -1 -1 19 -1 -1 -1 38 -1 -1 -1
34 34 -1 -1 -1 35 -1 -1 -1 -1 -1 28 -1 -1 28 -1 -1 -1 39 39 -1 25 -1 -1 -1 40 40 -1 -1 -1 -1 -1 -1 -1 41
-1 34 -1 -1 -1 -1 -1 28 28 -1 28 -1 -1 28 28 -1 39 39 -1 -1 -1 -1 42 -1 -1 40 -1 40 40 -1 40 40 -1 -1 -1
43 -1 34 -1 44 44 -1 28 -1 28 28 28 -1 28 -1 28 -1 -1 -1 -1 -1 45 -1 -1 46 -1 40 40 40 40 40 40 -1 40 -1
-1 -1 -1 -1 44 44 -1 -1 28 28 -1 28 28 28 -1 28 28 -1 -1 47 -1 -1 -1 -1 -1 40 -1 40 -1 40 -1 40 40 40 -1
48 48 48 -1 44 -1 44 -1 28 -1 28 -1 28 28 -1 28 28 28 -1 -1 -1 49 -1 -1 50 -1 -1 40 40 -1 -1 40 40 -1 -1
-1 -1 -1 44 -1 -1 -1 -1 -1 28 -1 -1 -1 28 -1 -1 -1 28 28 -1 -1 49 -1 -1 -1 -1 -1 -1 -1 51 -1 -1 40 -1 -1
-1 52 -1 -1 -1 53 -1 53 53 -1 -1 -1 -1 -1 -1 54 54 -1 28 28 -1 49 -1 55 55 -1 -1 56 -1 51 -1 -1 -1 -1 -1
52 52 52 -1 -1 53 53 53 53 53 53 53 -1 53 -1 -1 -1 -1 -1 -1 49 -1 -1 -1 -1 -1 -1 56 -1 -1 -1 -1 57 -1 58
52 52 52 -1 -1 53 53 53 -1 -1 53 -1 53 53 -1 -1 -1 59 -1 49 49 -1 -1 60 60 -1 -1 -1 56 -1 56 -1 57 -1 58
52 -1 -1 -1 53 -1 -1 -1 53 53 -1 53 53 -1 -1 61 -1 -1 -1 -1 -1 -1 -1 -1 -1 62 62 -1 56 -1 56 -1 57 -1 -1
52 -1 -1 63 -1 -1 53 53 -1 -1 -1 53 53 53 -1 -1 61 -1 -1 -1 61 -1 -1 -1 62 62 -1 62 -1 56 56 56 -1 -1 -1
52 52 -1 -1 53 53 53 53 53 53 53 53 -1 -1 -1 -1 61 61 -1 61 61 -1 64 -1 62 -1 62 -1 -1 56 -1 -1 65 -1 -1
52 -1 -1 53 53 53 53 -1 53 53 -1 -1 -1 61 -1 61 61 61 -1 61 61 -1 64 64 -1 -1 -1 62 -1 -1 -1 -1 65 -1 -1
52 -1 -1 53 -1 -1 -1 53 -1 -1 -1 -1 -1 61 61 61 -1 61 61 -1 61 -1 -1 -1 -1 62 62 -1 66 -1 -1 65 -1 67 -1
-1 52 52 -1 53 -1 68 -1 -1 69 -1 -1 -1 -1 -1 61 -1 61 -1 -1 -1 -1 -1 -1 -1 -1 62 62 -1 -1 70 -1 -1 -1 -1
-1 52 52 -1 53 -1 68 -1 -1 -1 -1 -1 71 71 -1 -1 -1 -1 -1 -1 -1 -1 -1 -1 62 62 62 62 62 -1 -1 -1 -1 -1 72
-1 -1 -1 52 -1 -1 -1 68 -1 73 -1 -1 -1 -1 71 -1 -1 -1 -1 74 74 -1 -1 75 -1 62 62 -1 -1 -1 -1 -1 -1 -1 72
-1 1 -1 -1 -1 2 2 -1 3 3 3 3 -1 4 -1 -1 -1 -1 -1 5 5 -1 -1 -1 -1 6 -1 6 -1 -1 7 -1 8 8 8
1 -1 9 9 -1 2 -1 -1 -1 -1 -1 -1 -1 -1 -1 -1 -1 -1 -1 -1 -1 -1 -1 10 -1 6 6 -1 -1 -1 -1 -1 -1 8 -1
-1 -1 -1 9 -1 -1 -1 11 11 -1 -1 -1 -1 -1 12 12 12 -1 13 13 -1 13 -1 -1 -1 -1 6 -1 14 -1 15 15 -1 -1 -1
-1 9 9 -1 11 11 11 -1 11 -1 -1 12 12 12 12 12 -1 -1 -1 13 13 13 -1 -1 -1 -1 6 -1 -1 15 -1 15 15 -1 16
-1 -1 -1 -1 -1 11 11 -1 11 11 -1 -1 -1 12 -1 -1 12 -1 -1 13 13 -1 -1 17 17 -1 -1 -1 -1 15 15 -1 -1 15 -1
-1 -1 -1 -1 -1 11 11 -1 -1 -1 12 12 12 -1 18 -1 12 12 -1 -1 13 13 -1 17 -1 -1 -1 -1 -1 -1 -1 -1 -1 15 15
19 -1 -1 -1 -1 -1 11 11 -1 -1 12 -1 -1 -1 18 -1 -1 -1 -1 -1 -1 -1 -1 -1 17 -1 17 17 17 17 -1 -1 -1 15 15
19 19 19 -1 -1 -1 11 -1 -1 -1 12 -1 -1 18 18 18 -1 -1 -1 -1 -1 -1 -1 17 -1 17 -1 -1 17 17 17 -1 15 15 15
19 -1 -1 -1 20 20 -1 -1 18 18 -1 -1 -1 -1 -1 -1 18 18 18 -1 -1 -1 17 -1 17 17 17 -1 17 17 -1 17 -1 15 -1
19 -1 -1 -1 -1 20 -1 -1 18 18 18 -1 -1 -1 18 18 -1 -1 18 18 -1 -1 17 17 -1 -1 -1 -1 -1 17 -1 17 -1 -1 -1
-1 19 -1 -1 -1 -1 20 20 -1 -1 -1 18 18 18 18 -1 -1 -1 18 -1 -1 -1 -1 17 -1 -1 21 -1 -1 -1 -1 17 17 -1 22
-1 19 -1 -1 23 -1 -1 20 -1 -1 18 -1 -1 -1 -1 -1 24 -1 -1 -1 25 -1 -1 -1 21 21 21 -1 -1 -1 -1 17 -1 -1 -1
26 -1 19 -1 -1 23 -1 -1 -1 -1 -1 -1 -1 27 27 -1 24 -1 -1 -1 -1 -1 -1 -1 21 -1 21 -1 -1 -1 -1 -1 -1 -1 28
-1 -1 -1 23 23 23 -1 29 -1 -1 30 -1 -1 -1 -1 24 24 24 -1 21 21 21 -1 21 -1 21 -1 31 -1 -1 -1 -1 28 28 -1
32 32 -1 23 -1 -1 -1 29 -1 33 -1 -1 -1 -1 24 24 -1 -1 -1 21 -1 21 21 21 -1 -1 -1 -1 31 31 -1 -1 -1 28 -1
32 32 -1 23 -1 23 -1 -1 -1 -1 34 -1 -1 -1 -1 24 -1 35 -1 -1 21 -1 -1 -1 -1 -1 36 -1 -1 31 -1 -1 28 -1 37
-1 -1 -1 -1 23 23 23 -1 -1 38 -1 34 34 34 34 -1 24 -1 -1 -1 -1 21 21 21 -1 -1 36 -1 28 -1 -1 -1 28 28 -1
-1 -1 -1 -1 -1 -1 23 -1 -1 38 -1 34 34 -1 -1 -1 24 24 -1 -1 -1 -1 -1 -1 -1 -1 36 -1 28 28 28 -1 -1 28 28
-1 -1 -1 39 -1 -1 23 -1 -1 38 -1 -1 34 -1 -1 -1 -1 -1 24 -1 40 -1 -1 -1 -1 -1 -1 36 -1 28 28 28 -1 28 -1
41 -1 39 39 -1 -1 -1 -1 38 -1 -1 -1 -1 42 -1 43 -1 -1 -1 -1 40 -1 -1 -1 -1 -1 36 -1 -1 -1 -1 28 28 -1 44
41 -1 39 39 -1 -1 -1 38 38 -1 45 45 -1 -1 -1 -1 -1 -1 -1 -1 -1 -1 46 -1 -1 -1 -1 -1 -1 28 -1 28 -1 28 -1
-1 -1 39 39 -1 -1 -1 38 38 -1 -1 45 -1 46 46 -1 46 -1 -1 -1 -1 46 -1 -1 47 -1 48 -1 -1 28 28 28 -1 -1 -1
-1 -1 39 39 -1 -1 -1 -1 -1 -1 -1 -1 45 -1 46 46 46 46 46 46 -1 46 -1 -1 47 -1 48 -1 -1 -1 28 -1 -1 -1 -1
-1 -1 -1 39 -1 -1 -1 -1 -1 -1 49 -1 45 -1 -1 46 46 46 46 46 46 -1 50 -1 -1 -1 48 -1 28 28 28 28 -1 51 -1
52 -1 53 -1 -1 -1 54 -1 -1 -1 -1 -1 45 -1 -1 -1 46 -1 46 46 46 -1 50 50 -1 -1 -1 -1 28 -1 28 28 28 -1 -1
-1 53 -1 -1 -1 -1 -1 -1 55 -1 -1 -1 -1 46 46 46 -1 -1 -1 -1 -1 -1 50 -1 -1 -1 -1 28 28 28 -1 28 -1 -1 -1
53 53 53 -1 56 -1 -1 55 55 55 55 -1 -1 -1 -1 -1 46 -1 57 57 -1 -1 -1 -1 -1 58 -1 -1 28 28 -1 28 -1 -1 59
53 -1 -1 56 -1 60 -1 -1 -1 55 -1 61 -1 -1 -1 46 -1 -1 57 57 57 -1 58 58 58 -1 28 28 -1 28 28 28 -1 -1 -1
-1 -1 -1 56 -1 -1 -1 55 55 55 -1 61 -1 -1 -1 46 -1 57 57 -1 -1 -1 -1 -1 58 -1 -1 -1 -1 28 28 -1 -1 62 -1
-1 56 56 -1 -1 55 55 -1 -1 -1 61 -1 -1 63 -1 46 -1 57 -1 64 64 -1 64 -1 58 58 -1 28 28 -1 -1 -1 -1 -1 -1
-1 -1 -1 -1 55 55 -1 -1 61 61 61 -1 -1 -1 63 -1 46 -1 57 -1 -1 64 64 -1 58 -1 -1 -1 -1 28 -1 -1 -1 -1 -1
65 -1 55 55 55 55 55 -1 -1 61 61 -1 66 -1 63 -1 -1 -1 -1 -1 64 -1 -1 -1 58 58 -1 -1 -1 28 -1 -1 -1 28 28
65 65 -1 -1 55 55 -1 -1 67 -1 -1 -1 66 66 -1 -1 68 68 -1 -1 -1 -1 -1 -1 -1 58 58 58 -1 28 28 28 28 28 28
-1 65 -1 -1 -1 -1 69 -1 -1 70 -1 66 -1 66 -1 -1 -1 68 68 68 -1 68 -1 58 58 -1 58 -1 28 -1 28 -1 -1 28 -1
65 65 65 65 65 -1 69 -1 -1 -1 -1 -1 -1 66 -1 -1 -1 -1 -1 68 68 68 -1 58 -1 -1 58 -1 28 28 -1 28 28 28 -1
-1 1 1 -1 2 2 2 -1 3 -1 4 4 -1 4 -1 5 -1 6 6 6 -1 7 7 7 -1 -1 -1 8 -1 -1 9 9 -1 9 -1
-1 1 -1 -1 2 -1 -1 -1 -1 -1 -1 4 4 -1 -1 -1 -1 6 6 -1 -1 7 -1 7 -1 7 -1 8 -1 -1 -1 9 9 9 9
-1 -1 1 1 -1 -1 -1 -1 -1 10 -1 -1 4 -1 -1 -1 -1 -1 -1 6 -1 -1 7 -1 7 7 -1 -1 -1 -1 11 -1 -1 9 -1
12 -1 -1 -1 13 -1 14 -1 10 -1 -1 4 -1 -1 -1 15 -1 -1 -1 -1 -1 -1 -1 7 7 7 -1 -1 11 11 11 -1 9 -1 -1
12 12 -1 -1 -1 -1 -1 14 -1 10 10 -1 -1 -1 -1 -1 15 15 15 -1 7 7 -1 -1 -1 7 -1 -1 11 11 11 11 -1 9 9
-1 12 12 -1 -1 -1 -1 14 -1 10 -1 -1 -1 16 -1 -1 15 15 -1 -1 7 7 7 7 7 7 -1 11 11 -1 -1 11 -1 9 -1
12 12 -1 -1 -1 17 -1 14 -1 -1 -1 18 -1 -1 -1 -1 -1 15 15 -1 -1 -1 7 -1 7 7 -1 11 -1 -1 11 11 11 -1 -1
12 -1 12 -1 17 -1 -1 -1 18 -1 -1 18 -1 -1 -1 19 -1 -1 15 -1 -1 7 -1 -1 -1 -1 -1 -1 20 -1 -1 11 11 -1 -1
-1 12 12 -1 -1 17 -1 -1 -1 18 -1 18 18 18 18 -1 -1 -1 15 -1 21 -1 -1 -1 -1 -1 22 -1 -1 -1 23 -1 11 -1 24
12 -1 -1 -1 -1 17 -1 -1 -1 18 -1 18 18 18 -1 25 25 -1 -1 -1 21 -1 26 26 -1 22 22 22 22 -1 -1 11 -1 -1 24
-1 -1 -1 27 27 -1 -1 28 -1 -1 18 18 -1 18 -1 25 -1 -1 21 21 21 21 -1 -1 -1 22 22 -1 -1 -1 29 -1 -1 30 -1
-1 -1 -1 -1 27 -1 -1 -1 -1 -1 -1 -1 18 -1 -1 25 -1 21 21 -1 -1 21 -1 -1 22 22 22 -1 -1 -1 -1 31 -1 30 30
32 -1 33 33 -1 -1 -1 -1 -1 -1 -1 -1 18 -1 -1 -1 -1 -1 -1 -1 -1 -1 -1 34 -1 22 -1 -1 -1 35 -1 31 -1 -1 30
-1 -1 33 33 -1 -1 36 -1 -1 -1 -1 -1 -1 -1 -1 37 37 -1 -1 -1 -1 -1 -1 34 -1 -1 38 38 -1 -1 -1 -1 -1 -1 -1
-1 33 33 -1 -1 -1 -1 36 -1 39 39 39 -1 -1 -1 -1 37 -1 -1 40 -1 -1 -1 34 -1 38 -1 38 -1 -1 -1 41 41 -1 -1
-1 33 -1 -1 42 -1 -1 -1 -1 -1 39 -1 -1 43 -1 37 -1 -1 -1 -1 -1 44 -1 -1 38 -1 38 -1 -1 41 41 41 -1 -1 -1
-1 -1 -1 -1 -1 42 -1 -1 -1 45 -1 -1 -1 43 43 -1 -1 -1 -1 46 46 -1 -1 -1 38 38 38 38 -1 -1 41 -1 -1 47 -1
-1 -1 -1 -1 -1 -1 -1 -1 45 45 45 45 -1 -1 -1 48 48 -1 -1 -1 -1 -1 -1 38 -1 38 38 -1 49 -1 41 -1 -1 -1 -1
-1 -1 50 -1 51 -1 -1 -1 -1 -1 45 -1 -1 52 52 -1 -1 48 -1 -1 -1 -1 38 38 38 38 -1 -1 49 -1 41 41 -1 -1 -1
53 -1 -1 -1 51 -1 -1 45 45 45 -1 -1 -1 -1 52 -1 -1 -1 -1 54 -1 -1 38 -1 -1 -1 -1 -1 -1 -1 41 41 41 -1 -1
-1 -1 -1 -1 -1 51 -1 45 -1 -1 45 45 45 45 -1 -1 -1 -1 54 54 54 -1 -1 38 38 -1 -1 55 55 -1 -1 41 41 41 41
56 56 56 -1 -1 -1 45 -1 -1 -1 45 -1 -1 -1 54 -1 -1 54 -1 -1 -1 57 -1 -1 38 38 -1 -1 -1 41 41 -1 -1 -1 -1
-1 -1 56 -1 -1 -1 45 45 -1 -1 -1 -1 -1 54 54 54 -1 54 -1 -1 57 57 -1 58 -1 38 38 -1 -1 -1 -1 -1 59 -1 -1
60 -1 -1 61 -1 -1 -1 45 -1 -1 -1 62 -1 -1 -1 54 54 54 54 -1 57 -1 -1 -1 -1 -1 -1 63 -1 -1 -1 -1 -1 -1 64
60 60 -1 61 -1 65 -1 45 45 -1 -1 62 -1 66 66 -1 54 54 -1 54 -1 -1 67 -1 68 68 68 -1 -1 -1 -1 68 -1 64 64
-1 60 -1 61 -1 -1 -1 -1 -1 62 62 -1 66 -1 -1 -1 -1 -1 -1 54 -1 -1 -1 -1 68 68 68 -1 -1 -1 68 68 -1 64 64
69 -1 60 -1 -1 -1 -1 -1 -1 -1 62 -1 -1 -1 -1 54 54 -1 54 -1 54 -1 -1 -1 -1 -1 68 68 68 -1 68 -1 -1 -1 64
-1 -1 60 -1 -1 62 -1 62 62 62 62 62 -1 -1 54 54 54 54 -1 54 -1 -1 70 -1 71 -1 68 68 68 68 68 68 -1 -1 -1
60 60 60 -1 62 62 62 62 -1 -1 62 62 -1 72 -1 54 54 54 -1 54 54 54 -1 -1 -1 -1 68 -1 -1 -1 68 -1 -1 -1 73
60 60 -1 -1 -1 -1 -1 -1 -1 -1 62 -1 -1 -1 54 54 -1 -1 54 54 -1 -1 -1 -1 -1 -1 -1 68 68 68 -1 68 -1 -1 -1
-1 -1 -1 -1 -1 -1 62 -1 62 62 62 -1 -1 -1 54 -1 54 -1 -1 -1 54 54 54 54 -1 -1 -1 68 68 -1 68 68 68 -1 -1
74 74 -1 -1 -1 -1 62 62 62 -1 -1 54 54 -1 -1 54 54 54 54 54 54 54 54 -1 -1 -1 68 -1 -1 -1 68 68 68 -1 -1
-1 74 -1 75 75 -1 -1 62 -1 -1 -1 -1 -1 54 54 54 -1 54 -1 54 -1 -1 -1 -1 -1 -1 -1 -1 -1 68 68 -1 -1 68 68
-1 -1 75 75 -1 -1 62 -1 62 -1 -1 76 -1 -1 -1 -1 -1 -1 -1 54 -1 77 -1 -1 -1 -1 78 -1 68 68 68 -1 68 -1 68
79 -1 -1 -1 -1 80 -1 62 62 -1 -1 -1 76 -1 -1 81 81 81 -1 -1 -1 -1 -1 82 -1 -1 -1 -1 68 -1 -1 -1 -1 -1 68
